Pressao_entrada 3776320
Pressao_saida 101300.0
Velocidade_angular 1083.84946425
Temperatura 340.326933099


Ri 0.0875
Rg 0.0979
Rm 0.1035
Ro 0.1095
h 3e-06
hg 5e-06
beta1 2.29
beta2 1
N 10

n_r_1 25
n_r_2 25
n_r_3 25
n_t_1 20
n_t_2 20
n_t_3 20
n_t_4 20
n_t_5 20
n_z_h 10
n_z_hg 10

nCells 9.5000000000e+04
minVol 1.1767719988e-03
maxVol 2.3365155688e-02
totVol 5.7835457822e+02

min_U 0.0000000000e+00
max_U 3.6732539824e+02
min_Rho 8.9723031768e-01
max_Rho 4.5266660017e+01
min_P 1.0130000000e+05
max_P 5.0068795636e+06
min_T 3.0419560891e+02
max_T 3.5158883297e+02
Force 4.1202858951e+03
Shear 1.3108831825e+04
Inlet_Flow -5.0338580794e-05
Outlet_Flow 5.1660551496e-05
Sum_Flow 1.3219707025e-06
Perc_flow 3.6584551640e+00

T_crit 268.689772837
P_crit 11643294.8516
satSize 197
composition methane_0.723481/ethane_0.113896/n-propane_0.088029/isobutane_0.014036/n-butane_0.029276/isopentane_0.006316/n-pentane_0.007820/n-hexane_0.003409/n-heptane_0.001303/n-octane_0.000201/n-nonane_0.000000/n-decane_0.000000/nitrogen_0.009625/co2_0.002607


SaturationCurve
{
2.5144509337e+02 1.0130000000e+05
2.6367745925e+02 2.2954438724e+05
2.7100631821e+02 3.5778877448e+05
2.7637323903e+02 4.8603316172e+05
2.8065279855e+02 6.1427754896e+05
2.8423137360e+02 7.4252193620e+05
2.8731524077e+02 8.7076632344e+05
2.9002813149e+02 9.9901071068e+05
2.9245051598e+02 1.1272550979e+06
2.9463794198e+02 1.2554994852e+06
2.9663053466e+02 1.3837438724e+06
2.9845832663e+02 1.5119882596e+06
3.0014444480e+02 1.6402326469e+06
3.0170711682e+02 1.7684770341e+06
3.0316098906e+02 1.8967214214e+06
3.0451802365e+02 2.0249658086e+06
3.0578812747e+02 2.1532101958e+06
3.0697960450e+02 2.2814545831e+06
3.0809948856e+02 2.4096989703e+06
3.0915379258e+02 2.5379433576e+06
3.1014769876e+02 2.6661877448e+06
3.1108570563e+02 2.7944321320e+06
3.1197174339e+02 2.9226765193e+06
3.1280926549e+02 3.0509209065e+06
3.1360132207e+02 3.1791652938e+06
3.1435061946e+02 3.3074096810e+06
3.1505956885e+02 3.4356540682e+06
3.1573032634e+02 3.5638984555e+06
3.1636482628e+02 3.6921428427e+06
3.1696480905e+02 3.8203872299e+06
3.1753184447e+02 3.9486316172e+06
3.1806735159e+02 4.0768760044e+06
3.1857261552e+02 4.2051203917e+06
3.1904880181e+02 4.3333647789e+06
3.1949696878e+02 4.4616091661e+06
3.1991807811e+02 4.5898535534e+06
3.2031300405e+02 4.7180979406e+06
3.2068254135e+02 4.8463423279e+06
3.2102741215e+02 4.9745867151e+06
3.2134827198e+02 5.1028311023e+06
3.2164571499e+02 5.2310754896e+06
3.2192027850e+02 5.3593198768e+06
3.2217244695e+02 5.4875642641e+06
3.2240265534e+02 5.6158086513e+06
3.2261129223e+02 5.7440530385e+06
3.2279870227e+02 5.8722974258e+06
3.2296518842e+02 6.0005418130e+06
3.2311101382e+02 6.1287862003e+06
3.2323640330e+02 6.2570305875e+06
3.2334154470e+02 6.3852749747e+06
3.2342658979e+02 6.5135193620e+06
3.2349165507e+02 6.6417637492e+06
3.2353682219e+02 6.7700081365e+06
3.2356213821e+02 6.8982525237e+06
3.2356761558e+02 7.0264969109e+06
3.2355323186e+02 7.1547412982e+06
3.2351892923e+02 7.2829856854e+06
3.2346461362e+02 7.4112300727e+06
3.2339015370e+02 7.5394744599e+06
3.2329537943e+02 7.6677188471e+06
3.2318008032e+02 7.7959632344e+06
3.2304400330e+02 7.9242076216e+06
3.2288685019e+02 8.0524520089e+06
3.2270827462e+02 8.1806963961e+06
3.2250787847e+02 8.3089407833e+06
3.2228520763e+02 8.4371851706e+06
3.2203974703e+02 8.5654295578e+06
3.2177091473e+02 8.6936739451e+06
3.2147805508e+02 8.8219183323e+06
3.2116043055e+02 8.9501627195e+06
3.2081721208e+02 9.0784071068e+06
3.2044746764e+02 9.2066514940e+06
3.2005014849e+02 9.3348958813e+06
3.1962407278e+02 9.4631402685e+06
3.1916790558e+02 9.5913846557e+06
3.1868013469e+02 9.7196290430e+06
3.1815904078e+02 9.8478734302e+06
3.1760266048e+02 9.9761178174e+06
3.1700873999e+02 1.0104362205e+07
3.1637467633e+02 1.0232606592e+07
3.1569744174e+02 1.0360850979e+07
3.1497348512e+02 1.0489095366e+07
3.1419860102e+02 1.0617339754e+07
3.1336775242e+02 1.0745584141e+07
3.1247482519e+02 1.0873828528e+07
3.1151227905e+02 1.1002072915e+07
3.1047063552e+02 1.1130317303e+07
3.0933769871e+02 1.1258561690e+07
3.0809731433e+02 1.1386806077e+07
3.0672727917e+02 1.1515050464e+07
3.0519555598e+02 1.1643294852e+07
3.0345272674e+02 1.1771539239e+07
3.0141474700e+02 1.1899783626e+07
2.9891421744e+02 1.2028028013e+07
2.9549503632e+02 1.2156272401e+07
2.9549503632e+02 1.2156272399e+07
2.9362070551e+02 1.2205181845e+07
2.9174637470e+02 1.2239775177e+07
2.8987204389e+02 1.2260560864e+07
2.8799771308e+02 1.2267963473e+07
2.8612338227e+02 1.2262348965e+07
2.8424905146e+02 1.2244045819e+07
2.8237472065e+02 1.2213362343e+07
2.8050038985e+02 1.2170600382e+07
2.7862605904e+02 1.2116065763e+07
2.7675172823e+02 1.2050076133e+07
2.7487739742e+02 1.1972968037e+07
2.7300306661e+02 1.1885109897e+07
2.7112873580e+02 1.1786961193e+07
2.6925440499e+02 1.1673413059e+07
2.6738007418e+02 1.1558693842e+07
2.6550574337e+02 1.1431825137e+07
2.6363141256e+02 1.1295623168e+07
2.6175708175e+02 1.1150823418e+07
2.5988275094e+02 1.0997885727e+07
2.5800842013e+02 1.0837232012e+07
2.5613408932e+02 1.0669276521e+07
2.5425975852e+02 1.0494433370e+07
2.5238542771e+02 1.0313119981e+07
2.5051109690e+02 1.0125759488e+07
2.4863676609e+02 9.9327827607e+06
2.4676243528e+02 9.7346299875e+06
2.4488810447e+02 9.5317515820e+06
2.4301377366e+02 9.3246082192e+06
2.4113944285e+02 9.1136697814e+06
2.3926511204e+02 8.8994132019e+06
2.3739078123e+02 8.6823193190e+06
2.3551645042e+02 8.4628690831e+06
2.3364211961e+02 8.2415395526e+06
2.3176778880e+02 8.0188001289e+06
2.2989345799e+02 7.7951093621e+06
2.2801912718e+02 7.5709124796e+06
2.2614479638e+02 7.3466396046e+06
2.2427046557e+02 7.1227045091e+06
2.2239613476e+02 6.8995037029e+06
2.2052180395e+02 6.6774156855e+06
2.1864747314e+02 6.4568002524e+06
2.1677314233e+02 6.2379978199e+06
2.1489881152e+02 6.0213287857e+06
2.1302448071e+02 5.8070929779e+06
2.1115014990e+02 5.5955692480e+06
2.0927581909e+02 5.3870152552e+06
2.0740148828e+02 5.1816674675e+06
2.0552715747e+02 4.9797413835e+06
2.0365282666e+02 4.7814319587e+06
2.0177849585e+02 4.5869142102e+06
1.9990416505e+02 4.3963439644e+06
1.9802983424e+02 4.2098587111e+06
1.9615550343e+02 4.0275785288e+06
1.9428117262e+02 3.8496070478e+06
1.9240684181e+02 3.6760324250e+06
1.9053251100e+02 3.5069283071e+06
1.8865818019e+02 3.3423547661e+06
1.8678384938e+02 3.1823591947e+06
1.8490951857e+02 3.0269771558e+06
1.8303518776e+02 2.8762331799e+06
1.8116085695e+02 2.7301415097e+06
1.7928652614e+02 2.5887067924e+06
1.7741219533e+02 2.4519247195e+06
1.7553786452e+02 2.3197826179e+06
1.7366353372e+02 2.1922599944e+06
1.7178920291e+02 2.0693290369e+06
1.6991487210e+02 1.9509550770e+06
1.6804054129e+02 1.8370970163e+06
1.6616621048e+02 1.7277077201e+06
1.6429187967e+02 1.6227343830e+06
1.6241754886e+02 1.5221188679e+06
1.6054321805e+02 1.4257980223e+06
1.5866888724e+02 1.3337039749e+06
1.5679455643e+02 1.2457644143e+06
1.5492022562e+02 1.1619028527e+06
1.5304589481e+02 1.0820388773e+06
1.5117156400e+02 1.0060883906e+06
1.4929723319e+02 9.3396384258e+05
1.4742290238e+02 8.6557445548e+05
1.4554857158e+02 8.0082644374e+05
1.4367424077e+02 7.3962323020e+05
1.4179990996e+02 6.8186566027e+05
1.3992557915e+02 6.2745221546e+05
1.3805124834e+02 5.7627922771e+05
1.3617691753e+02 5.2824109594e+05
1.3430258672e+02 4.8323050582e+05
1.3242825591e+02 4.4113865411e+05
1.3055392510e+02 4.0185547849e+05
1.2867959429e+02 3.6526989363e+05
1.2680526348e+02 3.3127003448e+05
1.2493093267e+02 2.9974350716e+05
1.2305660186e+02 2.7057764798e+05
1.2118227105e+02 2.4365979086e+05
1.1930794025e+02 2.1887754326e+05
1.1743360944e+02 1.9611907062e+05
1.1555927863e+02 1.7527338893e+05
1.1368494782e+02 1.5623066498e+05
1.1181061701e+02 1.3888252360e+05
1.0993628620e+02 1.2312236045e+05
1.0806195539e+02 1.0884565908e+05
}

T_margin 16.1452822039
T_sat_margin 297.824311715
T_hull_margin 313.969593919
P_hull_margin 1467503.51772

caseHull
{
3.3504750551e+02 2.5452509400e+05
3.3471976023e+02 2.5853162099e+05
3.3424220384e+02 2.6435672104e+05
3.3400090815e+02 2.6794374375e+05
3.3377904406e+02 2.7186995302e+05
3.3357557645e+02 2.7609225486e+05
3.3338456039e+02 2.8043537669e+05
3.3319985413e+02 2.8486742391e+05
3.3284385761e+02 2.9348796832e+05
3.3267471723e+02 2.9746254309e+05
3.3251362527e+02 3.0127302744e+05
3.3230696513e+02 3.0753516621e+05
3.3250332326e+02 3.1250028279e+05
3.3263368257e+02 3.2726354629e+05
3.3279112146e+02 3.3459046407e+05
3.3296363288e+02 3.4066287399e+05
3.3293111892e+02 3.4455742336e+05
3.3333887965e+02 3.5071269161e+05
3.3306818588e+02 3.5358671976e+05
3.3340627466e+02 3.6486247360e+05
3.3329013431e+02 3.6897577301e+05
3.3329794296e+02 3.7055962064e+05
3.3375684886e+02 3.7700076062e+05
3.3400931063e+02 3.8078561745e+05
3.3362098502e+02 3.8624328020e+05
3.3404306025e+02 3.9129436241e+05
3.3372817035e+02 3.9669717855e+05
3.3411460863e+02 4.0545114563e+05
3.3418087177e+02 4.0824429095e+05
3.3475570118e+02 4.1600824010e+05
3.3447231547e+02 4.1804470946e+05
3.3682411609e+02 5.4432294067e+05
3.3671661242e+02 5.4993978291e+05
3.3664295922e+02 5.5416446706e+05
3.3653605730e+02 5.5945319202e+05
3.3639888345e+02 5.6570968029e+05
3.3625124819e+02 5.7303487471e+05
3.2052452029e+02 7.6773003688e+05
3.2034279522e+02 7.7374458002e+05
3.2013744058e+02 7.8296155044e+05
3.1991253568e+02 7.9596379272e+05
3.1966972133e+02 8.1249170612e+05
3.1033063493e+02 1.0468870966e+06
3.1031524471e+02 1.0588982075e+06
3.1058574480e+02 1.0644877588e+06
3.1111110005e+02 1.1427172735e+06
3.1100108102e+02 1.1458360402e+06
3.1180923518e+02 1.2107834751e+06
3.1256511236e+02 1.2215937135e+06
3.1264924434e+02 1.2352212919e+06
3.1264199263e+02 1.2354069626e+06
3.1200936099e+02 1.2476984941e+06
3.1205200706e+02 1.2661706729e+06
3.1284964192e+02 1.3441589195e+06
3.1303769012e+02 1.3755743316e+06
3.1334208497e+02 1.3800781210e+06
3.1338391621e+02 1.3914878014e+06
3.1408428412e+02 1.4040474819e+06
3.1395609443e+02 1.4147585527e+06
3.1363948800e+02 1.4292211268e+06
3.1389836034e+02 1.4320840714e+06
3.1387777241e+02 1.4508180898e+06
3.1396959392e+02 1.4675035177e+06
3.1426795034e+02 1.4759451194e+06
3.1413181504e+02 1.4785285936e+06
3.1435775201e+02 1.4908131515e+06
3.3886742139e+02 1.6192240746e+06
3.3889846762e+02 1.6207032977e+06
3.3890218318e+02 1.6280548879e+06
3.3893519702e+02 1.6317573963e+06
3.3893656362e+02 1.6364480874e+06
3.3897415441e+02 1.6429146771e+06
3.3897115671e+02 1.6446257216e+06
3.3900660211e+02 1.6526181490e+06
3.3904199267e+02 1.6603300870e+06
3.3905180533e+02 1.6640170162e+06
3.3908991769e+02 1.6738855873e+06
3.3915036311e+02 1.6818461193e+06
3.3912937402e+02 1.6837414820e+06
3.3918695266e+02 1.6884633295e+06
3.3916803492e+02 1.6931650467e+06
3.3926100008e+02 1.7008500491e+06
3.3920752939e+02 1.7024899464e+06
3.3929879621e+02 1.7066481741e+06
3.3924629163e+02 1.7113412163e+06
3.3928584734e+02 1.7200277868e+06
3.3937127552e+02 1.7246897585e+06
3.3932507146e+02 1.7283172762e+06
3.3951495615e+02 1.7323209762e+06
3.3936535386e+02 1.7364876959e+06
3.3940467599e+02 1.7441669064e+06
3.3944469249e+02 1.7516489378e+06
3.3951678565e+02 1.7579636762e+06
3.3948420304e+02 1.7587194433e+06
3.3949773697e+02 1.7637474430e+06
3.3956304631e+02 1.7718820774e+06
3.3953926010e+02 1.7758618170e+06
3.3960269638e+02 1.7779787171e+06
3.3964113891e+02 1.7835197823e+06
3.3958349392e+02 1.7881683305e+06
3.3971620526e+02 1.7932091292e+06
3.3962508072e+02 1.7996093907e+06
3.3966070914e+02 1.8034114947e+06
3.3988306771e+02 1.8070378964e+06
3.3966904855e+02 1.8111788942e+06
3.3970647090e+02 1.8172982234e+06
3.3971097285e+02 1.8220400402e+06
3.3989701169e+02 1.8270507692e+06
3.3975407588e+02 1.8328793158e+06
3.4000751775e+02 1.8384660170e+06
3.3979597033e+02 1.8431985327e+06
3.3980271789e+02 1.8449558850e+06
3.3983876546e+02 1.8534139332e+06
3.4029116246e+02 1.8538156635e+06
3.3985195857e+02 1.8585098096e+06
3.4007152743e+02 1.8648528700e+06
3.3989795160e+02 1.8711225961e+06
3.3992343294e+02 1.8727355011e+06
3.3996513799e+02 1.8818397501e+06
3.3994610118e+02 1.8838568268e+06
3.4000779637e+02 1.8908125193e+06
3.3999174203e+02 1.8957733317e+06
3.4004984132e+02 1.8993413677e+06
3.4037919102e+02 1.9014080732e+06
3.4003903898e+02 1.9077438549e+06
3.4008433160e+02 1.9190731752e+06
3.4017639394e+02 1.9231073215e+06
3.4043607253e+02 1.9273054788e+06
3.4013043248e+02 1.9303005871e+06
3.4025937650e+02 1.9370448889e+06
3.4017499101e+02 1.9409319019e+06
3.4030840411e+02 1.9462277730e+06
3.4022043476e+02 1.9514273635e+06
3.4028898876e+02 1.9556150793e+06
3.4026501001e+02 1.9614475511e+06
3.4036268562e+02 1.9639766699e+06
3.4031040785e+02 1.9713287691e+06
3.4035470214e+02 1.9806825203e+06
3.4039389296e+02 1.9858916174e+06
3.4039944889e+02 1.9898026286e+06
3.4070417426e+02 1.9953268964e+06
3.4044349366e+02 1.9984677431e+06
3.4048762601e+02 2.0068245543e+06
3.4049632904e+02 2.0144479848e+06
3.4054413492e+02 2.0191274513e+06
3.4057473423e+02 2.0223047386e+06
3.4054805034e+02 2.0283929879e+06
3.4102938958e+02 2.0316169541e+06
3.4059889784e+02 2.0357762586e+06
3.4059663958e+02 2.0414284955e+06
3.4073839855e+02 2.0468932485e+06
3.4065931897e+02 2.0532472547e+06
3.4064679869e+02 2.0545042869e+06
3.4084694873e+02 2.0585132832e+06
3.4069430970e+02 2.0668092866e+06
3.4071299855e+02 2.0690984631e+06
3.4085632424e+02 2.0739464135e+06
3.4074299577e+02 2.0790887176e+06
3.4077084655e+02 2.0854993943e+06
3.4079006792e+02 2.0907538292e+06
3.4091614783e+02 2.0932874575e+06
3.4082336399e+02 2.1005438583e+06
3.4083813173e+02 2.1023081161e+06
3.4088465608e+02 2.1132610718e+06
3.4087886065e+02 2.1158710310e+06
3.3922320486e+02 2.1418847928e+06
3.3905233655e+02 2.1456244374e+06
3.3888837296e+02 2.1510213352e+06
3.3873331217e+02 2.1580234814e+06
3.3896111835e+02 2.1580465668e+06
3.3858241440e+02 2.1664904396e+06
3.3887726341e+02 2.1682891494e+06
3.3842737730e+02 2.1759632659e+06
3.3752481324e+02 2.1798961360e+06
3.3818750914e+02 2.1846598319e+06
3.3865183015e+02 2.1991344441e+06
3.3857608402e+02 2.2245319970e+06
3.3881780786e+02 2.2246332578e+06
3.3845443520e+02 2.2608604750e+06
3.4152332774e+02 2.2737763954e+06
3.4170672440e+02 2.2770318646e+06
3.4157065879e+02 2.2831800282e+06
3.4158076209e+02 2.2908610450e+06
3.4161693122e+02 2.2919857760e+06
3.4059764969e+02 2.2993066032e+06
3.4039144234e+02 2.3022258227e+06
3.4018813300e+02 2.3064919686e+06
3.3998781256e+02 2.3120894767e+06
3.3978977130e+02 2.3189732495e+06
3.3993934034e+02 2.3244432068e+06
3.3959317631e+02 2.3269342555e+06
3.3975597616e+02 2.3338679896e+06
3.3939775630e+02 2.3355889316e+06
3.3914451973e+02 2.3442414964e+06
3.3860544383e+02 2.3519083178e+06
3.3844628122e+02 2.3564209746e+06
3.3877469188e+02 2.4019349425e+06
3.3995849722e+02 2.4177263745e+06
3.3997992255e+02 2.4231559298e+06
3.3977568367e+02 2.4260044914e+06
3.3974713503e+02 2.4294322223e+06
3.3944448406e+02 2.4354254871e+06
3.3918754979e+02 2.4406122723e+06
3.3925615388e+02 2.4441747745e+06
3.3971033949e+02 2.4500655781e+06
3.3921321383e+02 2.4530490089e+06
3.3871049984e+02 2.4594769950e+06
3.3948269299e+02 2.4719047931e+06
3.3976286144e+02 2.4724301170e+06
3.3940696741e+02 2.4778673763e+06
3.3944884755e+02 2.4845644043e+06
3.3925357164e+02 2.4913887126e+06
3.3926022181e+02 2.4978720638e+06
3.3956481387e+02 2.5025620780e+06
3.3949580198e+02 2.5065011751e+06
3.3893087234e+02 2.5134396788e+06
3.3856858499e+02 2.5188852157e+06
3.3853109256e+02 2.5337060468e+06
3.3975240869e+02 2.5374653663e+06
3.3994863281e+02 2.5398634217e+06
3.3968327539e+02 2.5472789981e+06
3.4014448602e+02 2.5499321398e+06
3.3988244158e+02 2.5557386106e+06
3.3996575084e+02 2.5583229642e+06
3.3976372859e+02 2.5623463592e+06
3.3888484943e+02 2.5741182177e+06
3.3882993291e+02 2.5783145446e+06
3.3887251539e+02 2.5972171080e+06
3.3912039638e+02 2.6013498595e+06
3.3913057448e+02 2.6189598514e+06
3.3933948217e+02 2.6230348389e+06
3.3939976290e+02 2.6318361120e+06
3.3917296834e+02 2.6373148751e+06
3.3958659147e+02 2.6389708755e+06
3.3965934715e+02 2.6532709581e+06
3.3941977500e+02 2.6666018827e+06
3.3989968480e+02 2.6695632340e+06
3.4049946906e+02 2.6745861116e+06
3.4028607560e+02 2.6782438170e+06
3.4012808312e+02 2.6813735552e+06
3.4060947968e+02 2.6896939458e+06
3.4035688891e+02 2.6907118041e+06
3.4048759802e+02 2.6984455893e+06
3.4021926662e+02 2.7007938261e+06
3.3943618154e+02 2.7061851921e+06
3.4046639129e+02 2.7191680528e+06
3.4045831800e+02 2.7198322925e+06
3.3955648003e+02 2.7264646100e+06
3.4056706517e+02 2.7315823361e+06
3.4056301014e+02 2.7351654451e+06
3.3969498879e+02 2.7448939069e+06
3.3965727148e+02 2.7567010280e+06
3.3989032028e+02 2.7587135331e+06
3.3972360002e+02 2.7666701748e+06
3.4040799165e+02 2.7680662680e+06
3.4057139599e+02 2.7722591093e+06
3.4031012075e+02 2.7780857293e+06
3.4004956419e+02 2.7845733924e+06
3.4052224772e+02 2.7896973731e+06
3.4049932885e+02 2.7943493745e+06
3.3996538909e+02 2.7976221380e+06
3.4034685235e+02 2.8132080990e+06
3.4020810458e+02 2.8175013703e+06
3.4004755022e+02 2.8281897421e+06
3.4012449955e+02 2.8323825210e+06
3.4020528413e+02 2.8348776788e+06
3.4014154467e+02 2.8438561221e+06
3.4033499554e+02 2.8508878584e+06
3.4007743392e+02 2.8562690106e+06
3.4092567257e+02 2.8602122117e+06
3.4092374898e+02 2.8641824200e+06
3.4035786829e+02 2.8706144688e+06
3.4022051333e+02 2.8735521299e+06
3.4035518142e+02 2.8769495691e+06
3.3993272726e+02 2.8894305472e+06
3.3991005317e+02 2.8980864105e+06
3.4026783679e+02 2.9001144168e+06
3.4027730951e+02 2.9080825822e+06
3.3916462081e+02 2.9338589253e+06
3.3883708362e+02 2.9396847197e+06
3.3903496802e+02 2.9431380520e+06
3.3872100637e+02 2.9514827618e+06
3.3856592398e+02 2.9548192339e+06
3.3848603661e+02 2.9696807009e+06
3.3839406034e+02 2.9784805963e+06
3.3835402718e+02 2.9968578240e+06
3.3824191433e+02 3.0102889247e+06
3.3807810143e+02 3.0327918230e+06
3.3775820086e+02 3.0504487344e+06
3.3740271091e+02 3.0778474429e+06
3.3702948774e+02 3.0995620705e+06
3.3992032018e+02 3.1080676322e+06
3.4007896925e+02 3.1097332221e+06
3.3685835599e+02 3.1329758046e+06
3.3674618107e+02 3.1585641424e+06
3.3678356686e+02 3.1995249977e+06
3.3690259422e+02 3.1995963750e+06
3.3674137887e+02 3.2287977897e+06
3.3733515919e+02 3.2487287707e+06
3.3712326149e+02 3.2678525807e+06
3.3675006794e+02 3.2796619722e+06
3.3696995968e+02 3.2915194912e+06
3.3655747742e+02 3.3117528141e+06
3.3666159821e+02 3.3404228268e+06
3.3647450809e+02 3.3648384205e+06
3.3648329226e+02 3.3773567952e+06
3.3632846484e+02 3.3957306932e+06
3.3617818297e+02 3.4100019106e+06
3.3619085330e+02 3.4223011190e+06
3.3676026162e+02 3.4316837213e+06
3.3652184804e+02 3.4380336211e+06
3.3705338860e+02 3.4485901169e+06
3.3659750034e+02 3.4535268127e+06
3.3617931836e+02 3.4577548919e+06
3.3685514925e+02 3.4637065375e+06
3.3691974866e+02 3.4682298604e+06
3.3645713209e+02 3.4735747524e+06
3.3639359013e+02 3.4797495160e+06
3.3670359541e+02 3.4803099645e+06
3.3620648409e+02 3.4858028623e+06
3.3640468886e+02 3.4968885574e+06
3.3629681628e+02 3.5032348658e+06
3.3638636756e+02 3.5150143961e+06
3.3637968772e+02 3.5269118278e+06
3.3666018228e+02 3.5304545640e+06
3.3591744710e+02 3.5345264417e+06
3.3653737571e+02 3.5423654923e+06
3.3640360326e+02 3.5507412006e+06
3.3649495181e+02 3.5550532828e+06
3.3697485614e+02 3.5567047998e+06
3.3665931170e+02 3.5624614780e+06
3.3692657079e+02 3.5662096870e+06
3.3641766549e+02 3.5729011359e+06
3.3712084213e+02 3.5798347238e+06
3.3720227973e+02 3.5807525939e+06
3.3713194070e+02 3.5861206598e+06
3.3687752354e+02 3.5899813829e+06
3.3718556441e+02 3.5976912465e+06
3.3686587258e+02 3.6027510783e+06
3.3660961108e+02 3.6093592245e+06
3.3747625244e+02 3.6154665053e+06
3.3735175400e+02 3.6198709023e+06
3.3643215605e+02 3.6294217673e+06
3.3744715827e+02 3.6346465299e+06
3.3738550680e+02 3.6374276362e+06
3.3743481391e+02 3.6442421217e+06
3.3753602293e+02 3.6509173546e+06
3.3726871126e+02 3.6576043574e+06
3.3781538897e+02 3.6638326590e+06
3.3754393363e+02 3.6673472384e+06
3.3791103320e+02 3.6726658175e+06
3.3774611729e+02 3.6790280919e+06
3.3765802757e+02 3.6845980925e+06
3.3782526145e+02 3.6878426577e+06
3.3765113168e+02 3.6904551610e+06
3.3770772285e+02 3.6952470500e+06
3.3761559193e+02 3.6993905899e+06
3.3762646780e+02 3.7050081902e+06
3.3770176729e+02 3.7096418364e+06
3.3781550176e+02 3.7146445062e+06
3.3794782657e+02 3.7183826987e+06
3.3819279638e+02 3.7254115875e+06
3.3829015005e+02 3.7288999311e+06
3.3843967875e+02 3.7335747865e+06
3.3860123911e+02 3.7373036838e+06
3.3888235800e+02 3.7504799129e+06
3.3861821852e+02 3.7570991534e+06
3.3836394735e+02 3.7630177929e+06
3.3813195633e+02 3.7704773449e+06
3.3796131640e+02 3.7755119757e+06
3.3785166250e+02 3.7818998662e+06
3.3781547848e+02 3.7856362221e+06
3.3783776358e+02 3.7908076508e+06
3.3801590444e+02 3.7970801476e+06
3.3825567072e+02 3.8005323464e+06
3.3867081728e+02 3.8055600368e+06
3.3872221270e+02 3.8125510666e+06
3.3871404350e+02 3.8141579062e+06
3.3887838278e+02 3.8203620589e+06
3.3895161220e+02 3.8228817395e+06
3.3889034565e+02 3.8293421939e+06
3.3854823323e+02 3.8338826424e+06
3.3890718143e+02 3.8404632799e+06
3.3855983577e+02 3.8425341541e+06
3.3849395917e+02 3.8511356264e+06
3.3898000644e+02 3.8534380494e+06
3.3905234653e+02 3.8595647235e+06
3.3845708384e+02 3.8633230866e+06
3.3824820021e+02 3.8667078841e+06
3.3806359153e+02 3.8739207904e+06
3.3791140728e+02 3.8863983983e+06
3.3781369522e+02 3.8914489473e+06
3.3774807685e+02 3.9033658010e+06
3.3777148050e+02 3.9099703505e+06
3.3790028457e+02 3.9130942691e+06
3.3866905819e+02 3.9254675255e+06
3.3864316614e+02 3.9276679548e+06
3.3868005690e+02 3.9349932890e+06
3.3881845140e+02 3.9375468627e+06
3.4034358456e+02 3.9493530874e+06
3.4038661686e+02 3.9510342752e+06
3.4050383210e+02 3.9594718045e+06
3.4049086219e+02 3.9633420744e+06
3.4048039411e+02 3.9658569806e+06
3.4077172749e+02 3.9727562810e+06
3.4049640343e+02 3.9793596513e+06
3.4064117959e+02 3.9835100526e+06
3.3934157093e+02 3.9987501707e+06
3.4092422989e+02 4.0111335033e+06
3.4118152332e+02 4.0145490897e+06
3.4098055752e+02 4.0194423371e+06
3.4096406793e+02 4.0232373146e+06
3.4113830442e+02 4.0305583274e+06
3.4115109535e+02 4.0320331839e+06
3.4111222991e+02 4.0367181911e+06
3.4116919813e+02 4.0427225302e+06
3.4169931227e+02 4.0506257939e+06
3.4130372774e+02 4.0515018040e+06
3.4037402337e+02 4.0570520634e+06
3.4133265356e+02 4.0650313618e+06
3.4152737836e+02 4.0662098944e+06
3.4025375931e+02 4.0737045146e+06
3.3968262846e+02 4.0783703626e+06
3.3971759856e+02 4.0829594439e+06
3.4176721221e+02 4.0931117733e+06
3.4179832807e+02 4.0945363311e+06
3.4188744094e+02 4.1006209974e+06
3.4172582541e+02 4.1045315242e+06
3.4023006481e+02 4.1135234027e+06
3.4012486730e+02 4.1258515207e+06
3.3988139889e+02 4.1337847461e+06
3.3988724133e+02 4.1376087746e+06
3.4010071316e+02 4.1537250070e+06
3.4002142998e+02 4.1612399209e+06
3.3995825035e+02 4.1712081245e+06
3.3996626359e+02 4.1828132628e+06
3.3996705841e+02 4.1884269288e+06
3.3995296179e+02 4.1918795045e+06
3.3998755217e+02 4.1957572022e+06
3.3999733796e+02 4.1994474139e+06
3.4261497689e+02 4.2152954895e+06
3.4262219876e+02 4.2190379948e+06
3.4289256703e+02 4.2310943090e+06
3.4282508629e+02 4.2394942920e+06
3.4285291109e+02 4.2434468382e+06
3.4304087967e+02 4.2482979619e+06
3.4317050125e+02 4.2553024622e+06
3.4288310686e+02 4.2623272932e+06
3.4306989986e+02 4.2760354261e+06
3.4308600499e+02 4.2826939185e+06
3.4314961535e+02 4.2885752702e+06
3.4330608298e+02 4.2908872546e+06
3.4339863724e+02 4.2965249794e+06
3.4394378666e+02 4.3007467746e+06
3.4381187747e+02 4.3099026021e+06
3.4332925603e+02 4.3146462629e+06
3.4379840009e+02 4.3191842729e+06
3.4383755339e+02 4.3323136649e+06
3.4372554488e+02 4.3369969457e+06
3.4410116767e+02 4.3418653924e+06
3.4439012437e+02 4.3513153063e+06
3.4413306569e+02 4.3621882802e+06
3.4403992558e+02 4.3663075773e+06
3.4375192501e+02 4.3705308060e+06
3.4433181315e+02 4.3902101446e+06
3.4613373141e+02 4.3998566414e+06
3.4674156976e+02 4.4048139460e+06
3.4687456179e+02 4.4097133842e+06
3.4647944540e+02 4.4126946976e+06
3.4700226126e+02 4.4187805988e+06
3.4724230341e+02 4.4257661211e+06
3.4683392682e+02 4.4273380431e+06
3.4493960531e+02 4.4359611150e+06
3.4592215885e+02 4.4634159843e+06
3.4562598138e+02 4.4649834409e+06
3.4506899652e+02 4.4769374323e+06
3.4524577835e+02 4.4830302759e+06
3.4516999745e+02 4.4843218266e+06
3.4557927404e+02 4.4902778961e+06
3.4521006933e+02 4.5055270110e+06
3.4530612781e+02 4.5090970436e+06
3.4737416605e+02 4.5422027535e+06
3.4737693395e+02 4.5472417635e+06
3.4722579439e+02 4.5530370412e+06
3.4724670422e+02 4.5594034947e+06
3.4755545412e+02 4.5664500674e+06
3.4770182515e+02 4.5703958916e+06
3.4772470673e+02 4.5786688181e+06
3.4757261637e+02 4.5830014026e+06
3.4746538378e+02 4.5838324452e+06
3.4786455709e+02 4.6012799815e+06
3.4776138625e+02 4.6051538324e+06
3.4812957528e+02 4.6101703680e+06
3.4776309186e+02 4.6159241976e+06
3.4802917013e+02 4.6168903179e+06
3.4579539310e+02 4.6359951075e+06
3.4598052317e+02 4.6434388951e+06
3.4618038010e+02 4.6480699914e+06
3.4598908512e+02 4.6691103849e+06
3.4611336074e+02 4.6702873288e+06
3.4636481922e+02 4.6756470506e+06
3.4655734983e+02 4.6859824271e+06
3.4678741391e+02 4.6930597886e+06
3.4660403869e+02 4.7162920493e+06
3.4675255170e+02 4.7187658935e+06
3.4819437622e+02 4.9268767699e+06
3.4847064266e+02 4.9523599704e+06
3.4872611454e+02 4.9672734491e+06
3.4899335399e+02 4.9744545093e+06
3.4905335739e+02 4.9850184943e+06
3.4856180694e+02 4.9970408095e+06
3.4875548206e+02 5.0039254924e+06
}