Pressao_entrada 3776320
Pressao_saida 101300.0
Velocidade_angular 1083.84946425
Temperatura 339.997888277


Ri 0.0875
Rg 0.0979
Rm 0.1035
Ro 0.1095
h 4e-06
hg 5e-06
beta1 2.29
beta2 1
N 10

n_r_1 25
n_r_2 25
n_r_3 25
n_t_1 20
n_t_2 20
n_t_3 20
n_t_4 20
n_t_5 20
n_z_h 10
n_z_hg 10

nCells 9.5000000000e+04
minVol 1.5690293317e-03
maxVol 3.1153540917e-02
totVol 7.1451020740e+02

min_U 0.0000000000e+00
max_U 3.6704029182e+02
min_Rho 9.4557203752e-01
max_Rho 3.9011571518e+01
min_P 1.0130000000e+05
max_P 4.2316289159e+06
min_T 2.9594231900e+02
max_T 3.4230329531e+02
Force 3.8588981054e+03
Shear 7.6114855872e+03
Inlet_Flow -1.0322241654e-04
Outlet_Flow 1.0294670738e-04
Sum_Flow -2.7570916166e-07
Perc_flow 1.2157159848e+00

T_crit 268.689772837
P_crit 11643294.8516
satSize 197
composition methane_0.723481/ethane_0.113896/n-propane_0.088029/isobutane_0.014036/n-butane_0.029276/isopentane_0.006316/n-pentane_0.007820/n-hexane_0.003409/n-heptane_0.001303/n-octane_0.000201/n-nonane_0.000000/n-decane_0.000000/nitrogen_0.009625/co2_0.002607


SaturationCurve
{
2.5144509337e+02 1.0130000000e+05
2.6367745925e+02 2.2954438724e+05
2.7100631821e+02 3.5778877448e+05
2.7637323903e+02 4.8603316172e+05
2.8065279855e+02 6.1427754896e+05
2.8423137360e+02 7.4252193620e+05
2.8731524077e+02 8.7076632344e+05
2.9002813149e+02 9.9901071068e+05
2.9245051598e+02 1.1272550979e+06
2.9463794198e+02 1.2554994852e+06
2.9663053466e+02 1.3837438724e+06
2.9845832663e+02 1.5119882596e+06
3.0014444480e+02 1.6402326469e+06
3.0170711682e+02 1.7684770341e+06
3.0316098906e+02 1.8967214214e+06
3.0451802365e+02 2.0249658086e+06
3.0578812747e+02 2.1532101958e+06
3.0697960450e+02 2.2814545831e+06
3.0809948856e+02 2.4096989703e+06
3.0915379258e+02 2.5379433576e+06
3.1014769876e+02 2.6661877448e+06
3.1108570563e+02 2.7944321320e+06
3.1197174339e+02 2.9226765193e+06
3.1280926549e+02 3.0509209065e+06
3.1360132207e+02 3.1791652938e+06
3.1435061946e+02 3.3074096810e+06
3.1505956885e+02 3.4356540682e+06
3.1573032634e+02 3.5638984555e+06
3.1636482628e+02 3.6921428427e+06
3.1696480905e+02 3.8203872299e+06
3.1753184447e+02 3.9486316172e+06
3.1806735159e+02 4.0768760044e+06
3.1857261552e+02 4.2051203917e+06
3.1904880181e+02 4.3333647789e+06
3.1949696878e+02 4.4616091661e+06
3.1991807811e+02 4.5898535534e+06
3.2031300405e+02 4.7180979406e+06
3.2068254135e+02 4.8463423279e+06
3.2102741215e+02 4.9745867151e+06
3.2134827198e+02 5.1028311023e+06
3.2164571499e+02 5.2310754896e+06
3.2192027850e+02 5.3593198768e+06
3.2217244695e+02 5.4875642641e+06
3.2240265534e+02 5.6158086513e+06
3.2261129223e+02 5.7440530385e+06
3.2279870227e+02 5.8722974258e+06
3.2296518842e+02 6.0005418130e+06
3.2311101382e+02 6.1287862003e+06
3.2323640330e+02 6.2570305875e+06
3.2334154470e+02 6.3852749747e+06
3.2342658979e+02 6.5135193620e+06
3.2349165507e+02 6.6417637492e+06
3.2353682219e+02 6.7700081365e+06
3.2356213821e+02 6.8982525237e+06
3.2356761558e+02 7.0264969109e+06
3.2355323186e+02 7.1547412982e+06
3.2351892923e+02 7.2829856854e+06
3.2346461362e+02 7.4112300727e+06
3.2339015370e+02 7.5394744599e+06
3.2329537943e+02 7.6677188471e+06
3.2318008032e+02 7.7959632344e+06
3.2304400330e+02 7.9242076216e+06
3.2288685019e+02 8.0524520089e+06
3.2270827462e+02 8.1806963961e+06
3.2250787847e+02 8.3089407833e+06
3.2228520763e+02 8.4371851706e+06
3.2203974703e+02 8.5654295578e+06
3.2177091473e+02 8.6936739451e+06
3.2147805508e+02 8.8219183323e+06
3.2116043055e+02 8.9501627195e+06
3.2081721208e+02 9.0784071068e+06
3.2044746764e+02 9.2066514940e+06
3.2005014849e+02 9.3348958813e+06
3.1962407278e+02 9.4631402685e+06
3.1916790558e+02 9.5913846557e+06
3.1868013469e+02 9.7196290430e+06
3.1815904078e+02 9.8478734302e+06
3.1760266048e+02 9.9761178174e+06
3.1700873999e+02 1.0104362205e+07
3.1637467633e+02 1.0232606592e+07
3.1569744174e+02 1.0360850979e+07
3.1497348512e+02 1.0489095366e+07
3.1419860102e+02 1.0617339754e+07
3.1336775242e+02 1.0745584141e+07
3.1247482519e+02 1.0873828528e+07
3.1151227905e+02 1.1002072915e+07
3.1047063552e+02 1.1130317303e+07
3.0933769871e+02 1.1258561690e+07
3.0809731433e+02 1.1386806077e+07
3.0672727917e+02 1.1515050464e+07
3.0519555598e+02 1.1643294852e+07
3.0345272674e+02 1.1771539239e+07
3.0141474700e+02 1.1899783626e+07
2.9891421744e+02 1.2028028013e+07
2.9549503632e+02 1.2156272401e+07
2.9549503632e+02 1.2156272399e+07
2.9362070551e+02 1.2205181845e+07
2.9174637470e+02 1.2239775177e+07
2.8987204389e+02 1.2260560864e+07
2.8799771308e+02 1.2267963473e+07
2.8612338227e+02 1.2262348965e+07
2.8424905146e+02 1.2244045819e+07
2.8237472065e+02 1.2213362343e+07
2.8050038985e+02 1.2170600382e+07
2.7862605904e+02 1.2116065763e+07
2.7675172823e+02 1.2050076133e+07
2.7487739742e+02 1.1972968037e+07
2.7300306661e+02 1.1885109897e+07
2.7112873580e+02 1.1786961193e+07
2.6925440499e+02 1.1673413059e+07
2.6738007418e+02 1.1558693842e+07
2.6550574337e+02 1.1431825137e+07
2.6363141256e+02 1.1295623168e+07
2.6175708175e+02 1.1150823418e+07
2.5988275094e+02 1.0997885727e+07
2.5800842013e+02 1.0837232012e+07
2.5613408932e+02 1.0669276521e+07
2.5425975852e+02 1.0494433370e+07
2.5238542771e+02 1.0313119981e+07
2.5051109690e+02 1.0125759488e+07
2.4863676609e+02 9.9327827607e+06
2.4676243528e+02 9.7346299875e+06
2.4488810447e+02 9.5317515820e+06
2.4301377366e+02 9.3246082192e+06
2.4113944285e+02 9.1136697814e+06
2.3926511204e+02 8.8994132019e+06
2.3739078123e+02 8.6823193190e+06
2.3551645042e+02 8.4628690831e+06
2.3364211961e+02 8.2415395526e+06
2.3176778880e+02 8.0188001289e+06
2.2989345799e+02 7.7951093621e+06
2.2801912718e+02 7.5709124796e+06
2.2614479638e+02 7.3466396046e+06
2.2427046557e+02 7.1227045091e+06
2.2239613476e+02 6.8995037029e+06
2.2052180395e+02 6.6774156855e+06
2.1864747314e+02 6.4568002524e+06
2.1677314233e+02 6.2379978199e+06
2.1489881152e+02 6.0213287857e+06
2.1302448071e+02 5.8070929779e+06
2.1115014990e+02 5.5955692480e+06
2.0927581909e+02 5.3870152552e+06
2.0740148828e+02 5.1816674675e+06
2.0552715747e+02 4.9797413835e+06
2.0365282666e+02 4.7814319587e+06
2.0177849585e+02 4.5869142102e+06
1.9990416505e+02 4.3963439644e+06
1.9802983424e+02 4.2098587111e+06
1.9615550343e+02 4.0275785288e+06
1.9428117262e+02 3.8496070478e+06
1.9240684181e+02 3.6760324250e+06
1.9053251100e+02 3.5069283071e+06
1.8865818019e+02 3.3423547661e+06
1.8678384938e+02 3.1823591947e+06
1.8490951857e+02 3.0269771558e+06
1.8303518776e+02 2.8762331799e+06
1.8116085695e+02 2.7301415097e+06
1.7928652614e+02 2.5887067924e+06
1.7741219533e+02 2.4519247195e+06
1.7553786452e+02 2.3197826179e+06
1.7366353372e+02 2.1922599944e+06
1.7178920291e+02 2.0693290369e+06
1.6991487210e+02 1.9509550770e+06
1.6804054129e+02 1.8370970163e+06
1.6616621048e+02 1.7277077201e+06
1.6429187967e+02 1.6227343830e+06
1.6241754886e+02 1.5221188679e+06
1.6054321805e+02 1.4257980223e+06
1.5866888724e+02 1.3337039749e+06
1.5679455643e+02 1.2457644143e+06
1.5492022562e+02 1.1619028527e+06
1.5304589481e+02 1.0820388773e+06
1.5117156400e+02 1.0060883906e+06
1.4929723319e+02 9.3396384258e+05
1.4742290238e+02 8.6557445548e+05
1.4554857158e+02 8.0082644374e+05
1.4367424077e+02 7.3962323020e+05
1.4179990996e+02 6.8186566027e+05
1.3992557915e+02 6.2745221546e+05
1.3805124834e+02 5.7627922771e+05
1.3617691753e+02 5.2824109594e+05
1.3430258672e+02 4.8323050582e+05
1.3242825591e+02 4.4113865411e+05
1.3055392510e+02 4.0185547849e+05
1.2867959429e+02 3.6526989363e+05
1.2680526348e+02 3.3127003448e+05
1.2493093267e+02 2.9974350716e+05
1.2305660186e+02 2.7057764798e+05
1.2118227105e+02 2.4365979086e+05
1.1930794025e+02 2.1887754326e+05
1.1743360944e+02 1.9611907062e+05
1.1555927863e+02 1.7527338893e+05
1.1368494782e+02 1.5623066498e+05
1.1181061701e+02 1.3888252360e+05
1.0993628620e+02 1.2312236045e+05
1.0806195539e+02 1.0884565908e+05
}

T_margin 16.6559262003
T_sat_margin 284.256813432
T_hull_margin 300.912739632
P_hull_margin 743579.866395

caseHull
{
3.2584480246e+02 2.8790755317e+05
3.2557479877e+02 2.9185353285e+05
3.2545242825e+02 2.9449564443e+05
3.2532799919e+02 2.9696580077e+05
3.2511865970e+02 3.0355566882e+05
3.2504524753e+02 3.0643383319e+05
3.2495512640e+02 3.1109216717e+05
3.2490299299e+02 3.1366715783e+05
3.2481618620e+02 3.1865282362e+05
3.2478104922e+02 3.2137601596e+05
3.2472208504e+02 3.2655473027e+05
3.2470455094e+02 3.2908992839e+05
3.2467162928e+02 3.3459132122e+05
3.2466644467e+02 3.3707852422e+05
3.2466044163e+02 3.4258403617e+05
3.2466886554e+02 3.4520812984e+05
3.2467927235e+02 3.4803436472e+05
2.9902319205e+02 5.2869170425e+05
2.9904840189e+02 5.3236867653e+05
2.9907959169e+02 5.3341646382e+05
2.9916766710e+02 5.3972202505e+05
2.9943995973e+02 5.4185799603e+05
2.9932484215e+02 5.4630199150e+05
2.9962271949e+02 5.5106263908e+05
2.9959213843e+02 5.5382042920e+05
3.0004134139e+02 5.5719399808e+05
3.0086533681e+02 5.6081593315e+05
3.0139471580e+02 5.6750279967e+05
3.0165407718e+02 5.6897907275e+05
2.9980939884e+02 6.0541104657e+05
3.0045043809e+02 6.6562801184e+05
3.0128593045e+02 6.7836266039e+05
3.0148642694e+02 6.8205791498e+05
3.0064275040e+02 6.8936979056e+05
3.0078177454e+02 6.9575605321e+05
3.0118697010e+02 7.1045173129e+05
3.0152826736e+02 7.1329435134e+05
3.0093303860e+02 7.2399142616e+05
3.0129875441e+02 7.3436587005e+05
3.0109077022e+02 7.3771225078e+05
3.0091273963e+02 7.4357986640e+05
3.0158247542e+02 7.5087754506e+05
3.0340774643e+02 7.8887943041e+05
3.0312289970e+02 7.9046220735e+05
3.0303516076e+02 8.0758644071e+05
3.2687762942e+02 9.3447635444e+05
3.2732712171e+02 9.3725432537e+05
3.2692878892e+02 9.4006100503e+05
3.2698929549e+02 9.4578135132e+05
3.2734376437e+02 9.4939538159e+05
3.2706066965e+02 9.5172469726e+05
3.2714518798e+02 9.5802937028e+05
3.2738332084e+02 9.6163287310e+05
3.2724373400e+02 9.6447397474e+05
3.2741237711e+02 9.6783574412e+05
3.2736393290e+02 9.7210104865e+05
3.2748913388e+02 9.8013586265e+05
3.2753808787e+02 9.8630700424e+05
3.2759560610e+02 9.9264152865e+05
3.2808613697e+02 9.9740959013e+05
3.2766230805e+02 9.9908658812e+05
3.2773988075e+02 1.0057592751e+06
3.2782966615e+02 1.0127270959e+06
3.2793205369e+02 1.0197946355e+06
3.2833205537e+02 1.0255450635e+06
3.2794292039e+02 1.0272574747e+06
3.2793524407e+02 1.0339476137e+06
3.2818714265e+02 1.0349876007e+06
3.2792919455e+02 1.0401259777e+06
3.2836531615e+02 1.0450679698e+06
3.2793178125e+02 1.0469251760e+06
3.2793703657e+02 1.0533715272e+06
3.2794981251e+02 1.0602287896e+06
3.2796643482e+02 1.0668423691e+06
3.2798984064e+02 1.0737263943e+06
3.2839817806e+02 1.0759249489e+06
3.2801806865e+02 1.0804322784e+06
3.2838858978e+02 1.0824228426e+06
3.2805303758e+02 1.0873262914e+06
3.2809362826e+02 1.0940915567e+06
3.2814166363e+02 1.1010048406e+06
3.2839621787e+02 1.1038754786e+06
3.2819662915e+02 1.1078655059e+06
3.2840754265e+02 1.1110017432e+06
3.2826034361e+02 1.1149030655e+06
3.2842586411e+02 1.1185405209e+06
3.2833319377e+02 1.1220338313e+06
3.2844782988e+02 1.1258273729e+06
3.2841687952e+02 1.1293892758e+06
3.2847654889e+02 1.1334066717e+06
3.2850973349e+02 1.1407836060e+06
3.2862077968e+02 1.1447359584e+06
3.2854981560e+02 1.1483633415e+06
3.2859520875e+02 1.1557912289e+06
3.2864804620e+02 1.1633798444e+06
3.2899739869e+02 1.1654782193e+06
3.2870768242e+02 1.1709010503e+06
3.2897132104e+02 1.1751475126e+06
3.2877601837e+02 1.1785919975e+06
3.2885325662e+02 1.1863449230e+06
3.2895777355e+02 1.1914974549e+06
3.2894108008e+02 1.1942989433e+06
3.2896146713e+02 1.1993494478e+06
3.2904015100e+02 1.2024384061e+06
3.2896731115e+02 1.2067981964e+06
3.2915032576e+02 1.2106272833e+06
3.2898082594e+02 1.2148925948e+06
3.2927370560e+02 1.2191168236e+06
3.2899677155e+02 1.2226418775e+06
3.2940675083e+02 1.2272406824e+06
3.2901976437e+02 1.2308557360e+06
3.2904599381e+02 1.2387918818e+06
3.2907888591e+02 1.2470531014e+06
3.2936133800e+02 1.2486349243e+06
3.2911596358e+02 1.2550901391e+06
3.2936329546e+02 1.2562851987e+06
3.2915979105e+02 1.2633561084e+06
3.2920868201e+02 1.2714552756e+06
3.2926504227e+02 1.2797265814e+06
3.2932809731e+02 1.2879116051e+06
3.2940000380e+02 1.2962783374e+06
3.2945189121e+02 1.2989875235e+06
3.2948082624e+02 1.3046813020e+06
3.2948248211e+02 1.3076215938e+06
3.2957232379e+02 1.3132811531e+06
3.2951953423e+02 1.3166086280e+06
3.2967505560e+02 1.3220389273e+06
3.2956024778e+02 1.3253409252e+06
3.2960765891e+02 1.3343170277e+06
3.2991655997e+02 1.3400430241e+06
3.2965971019e+02 1.3430940559e+06
3.3005292127e+02 1.3489369573e+06
3.2971910222e+02 1.3520559308e+06
3.2989457134e+02 1.3551980049e+06
3.2978497934e+02 1.3609056786e+06
3.2990166840e+02 1.3634312403e+06
3.3035615664e+02 1.3673237302e+06
3.2985954683e+02 1.3699223061e+06
3.3031828146e+02 1.3744941713e+06
3.2993297091e+02 1.3813419084e+06
3.3028810358e+02 1.3834218758e+06
3.3003636481e+02 1.3880864203e+06
3.2995664900e+02 1.3908378017e+06
3.3014073139e+02 1.3973097144e+06
3.2998200578e+02 1.3999406340e+06
3.3026189698e+02 1.4048004617e+06
3.3025635355e+02 1.4065657794e+06
3.3001409861e+02 1.4096050039e+06
3.3026359227e+02 1.4167144608e+06
3.3004836114e+02 1.4189247179e+06
3.3052001055e+02 1.4249587830e+06
3.3008894519e+02 1.4286423648e+06
3.3013269668e+02 1.4380673133e+06
3.3018298187e+02 1.4477729165e+06
3.3033380399e+02 1.4565201221e+06
3.3023745737e+02 1.4572544616e+06
3.3029916272e+02 1.4669400314e+06
3.3080891421e+02 1.4703095383e+06
3.3036708448e+02 1.4764819912e+06
3.3042960250e+02 1.4870565184e+06
3.3052981465e+02 1.4958742287e+06
3.3046778009e+02 1.4971125724e+06
3.3051208524e+02 1.5076200768e+06
3.3074592072e+02 1.5095490835e+06
3.3073346621e+02 1.5155706862e+06
3.3055870527e+02 1.5177844040e+06
3.3075742509e+02 1.5222620447e+06
3.3085208976e+02 1.5254906460e+06
3.3061151439e+02 1.5282557076e+06
3.3078092874e+02 1.5349044901e+06
3.3066794199e+02 1.5384528455e+06
3.3116737237e+02 1.5428499534e+06
3.3079963616e+02 1.5443759774e+06
3.3073147603e+02 1.5488689936e+06
3.3082669580e+02 1.5550553648e+06
3.3080102184e+02 1.5590971726e+06
3.3085360886e+02 1.5651829026e+06
3.3087945377e+02 1.5694926159e+06
3.3088798220e+02 1.5762788071e+06
3.3096633093e+02 1.5797801442e+06
3.3092257702e+02 1.5868366881e+06
3.3106416528e+02 1.5901918515e+06
3.3096384373e+02 1.5981292840e+06
3.3111819708e+02 1.6027255140e+06
3.3100570813e+02 1.6089404751e+06
3.3129191905e+02 1.6109364437e+06
3.3115084486e+02 1.6163119526e+06
3.3105350288e+02 1.6202772311e+06
3.3117534013e+02 1.6263709363e+06
3.3110281484e+02 1.6312041753e+06
3.3120926206e+02 1.6378996129e+06
3.3166611066e+02 1.6400702203e+06
3.3115822304e+02 1.6424945462e+06
3.3124181587e+02 1.6487294920e+06
3.3121669790e+02 1.6534660480e+06
3.3128247021e+02 1.6607402025e+06
3.3128232963e+02 1.6646922113e+06
3.3150585956e+02 1.6693739087e+06
3.3132189358e+02 1.6720846845e+06
3.3135369273e+02 1.6756912326e+06
3.3151093940e+02 1.6802163528e+06
3.3136833526e+02 1.6843206668e+06
3.3143431824e+02 1.6868787486e+06
3.3141428241e+02 1.6959562552e+06
3.3152341154e+02 1.6979275754e+06
3.3146624809e+02 1.7082277396e+06
3.3151856379e+02 1.7199896567e+06
3.3161199284e+02 1.7237932863e+06
3.3157680656e+02 1.7321714943e+06
3.3164349108e+02 1.7346039028e+06
3.3183364473e+02 1.7392714385e+06
3.3163740923e+02 1.7439521434e+06
3.3168539578e+02 1.7471817958e+06
3.3170519119e+02 1.7560214525e+06
3.3172436970e+02 1.7588414467e+06
3.3177821690e+02 1.7677921772e+06
3.3177186501e+02 1.7719218218e+06
3.3186005397e+02 1.7797546150e+06
3.3181668379e+02 1.7841294598e+06
3.3194989957e+02 1.7915031209e+06
3.3186872458e+02 1.7974051190e+06
3.3205020786e+02 1.8033728803e+06
3.3191888230e+02 1.8099172305e+06
3.3195109283e+02 1.8125313598e+06
3.3197504560e+02 1.8231877650e+06
3.3198765433e+02 1.8238528373e+06
3.3224380293e+02 1.8338253282e+06
3.3203074852e+02 1.8358315632e+06
3.3217206581e+02 1.8418766253e+06
3.3208277058e+02 1.8499863637e+06
3.3215622908e+02 1.8616743565e+06
3.3213856023e+02 1.8642959430e+06
3.3218632282e+02 1.8707959704e+06
3.3222685342e+02 1.8746907678e+06
3.3218915256e+02 1.8773662298e+06
3.3223441325e+02 1.8875901775e+06
3.3224845683e+02 1.8918514746e+06
3.3238611394e+02 1.9002070899e+06
3.3228108003e+02 1.9031362575e+06
3.3247736633e+02 1.9128159539e+06
3.3234537732e+02 1.9209327352e+06
3.3257849587e+02 1.9255672414e+06
3.3238876885e+02 1.9331917978e+06
3.3249758582e+02 1.9359333970e+06
3.3246353361e+02 1.9399411388e+06
3.3243691374e+02 1.9443686450e+06
3.3244814365e+02 1.9484265682e+06
3.3280232670e+02 1.9521787345e+06
3.3244332793e+02 1.9546193564e+06
3.3249978670e+02 1.9618701189e+06
3.3245177578e+02 1.9638683191e+06
3.3293712400e+02 1.9697671096e+06
3.3256427206e+02 1.9776808621e+06
3.3250449507e+02 1.9813672293e+06
3.3270992246e+02 1.9888144406e+06
3.3262161455e+02 1.9918625715e+06
3.3254709375e+02 1.9958124101e+06
3.3279495957e+02 2.0026594949e+06
3.3268906808e+02 2.0077885093e+06
3.3262384447e+02 2.0157388348e+06
3.3275071673e+02 2.0223562863e+06
3.3266841351e+02 2.0281504757e+06
3.3298629151e+02 2.0298404234e+06
3.3272680609e+02 2.0333732997e+06
3.3270549709e+02 2.0377698838e+06
3.3268473301e+02 2.0423666095e+06
3.3273857175e+02 2.0453223723e+06
3.3295764982e+02 2.0527354607e+06
3.3269884955e+02 2.0539743445e+06
3.3279362430e+02 2.0593951729e+06
3.3271237251e+02 2.0641542365e+06
3.3295781963e+02 2.0683047204e+06
3.3334556315e+02 2.0701528537e+06
3.3316282772e+02 2.0726020157e+06
3.3286872672e+02 2.0771283617e+06
3.3277604336e+02 2.0840349486e+06
3.3293107509e+02 2.0922282590e+06
3.3310466166e+02 2.0981555147e+06
3.3282802200e+02 2.1002830843e+06
3.3300849947e+02 2.1099265042e+06
3.3318223014e+02 2.1127388708e+06
3.3291671755e+02 2.1230628174e+06
3.3307589315e+02 2.1255507474e+06
3.3296743319e+02 2.1368533734e+06
3.3315387295e+02 2.1429071259e+06
3.3294761085e+02 2.1515460978e+06
3.3304793079e+02 2.1564340062e+06
3.3292508229e+02 2.1626371914e+06
3.3309394544e+02 2.1641060849e+06
3.3356163122e+02 2.1711873608e+06
3.3310910476e+02 2.1719760242e+06
3.3330214699e+02 2.1756200073e+06
3.3298639939e+02 2.1829310480e+06
3.3300217962e+02 2.1925370210e+06
3.3343053756e+02 2.1951093693e+06
3.3380962991e+02 2.2000022340e+06
3.3361925582e+02 2.2057950240e+06
3.3326312709e+02 2.2085773419e+06
3.3311566711e+02 2.2204158366e+06
3.3352766362e+02 2.2235334554e+06
3.3334968665e+02 2.2283106631e+06
3.3297667442e+02 2.2314953634e+06
3.3304824507e+02 2.2350961042e+06
3.3302680163e+02 2.2421704197e+06
3.3342331182e+02 2.2453656146e+06
3.3304407568e+02 2.2475909369e+06
3.3325472356e+02 2.2565774663e+06
3.3357522646e+02 2.2581214614e+06
3.3350843633e+02 2.2644963677e+06
3.3313507578e+02 2.2721888751e+06
3.3358224094e+02 2.2816305390e+06
3.3317596728e+02 2.2862870574e+06
3.3341273849e+02 2.2958999274e+06
3.3366172001e+02 2.3000760850e+06
3.3401874748e+02 2.3021512726e+06
3.3348143896e+02 2.3133334336e+06
3.3330504215e+02 2.3196653919e+06
3.3321721106e+02 2.3247655389e+06
3.3278018912e+02 2.3281539041e+06
3.3256116181e+02 2.3323941785e+06
3.3269027451e+02 2.3331073084e+06
3.3235643793e+02 2.3381120096e+06
3.3208794765e+02 2.3452317432e+06
3.3172736642e+02 2.3536601824e+06
3.3192945927e+02 2.3568280624e+06
3.3225227818e+02 2.3632499501e+06
3.3185483376e+02 2.3696352588e+06
3.3352029390e+02 2.3843498537e+06
3.3312666599e+02 2.3856809386e+06
3.3075510954e+02 2.3889689676e+06
3.3147842717e+02 2.3930294638e+06
3.3326938439e+02 2.4149808822e+06
3.3319960268e+02 2.4161226802e+06
3.3263177785e+02 2.4329527785e+06
3.3424058233e+02 2.4467800071e+06
3.3408347762e+02 2.4478362730e+06
3.3378767662e+02 2.4548864515e+06
3.3363084250e+02 2.4585659220e+06
3.3154274035e+02 2.4701035800e+06
3.3302241974e+02 2.4847582407e+06
3.3391338526e+02 2.4981193683e+06
3.3357106064e+02 2.5001515188e+06
3.3202163911e+02 2.5170775152e+06
3.3114238521e+02 2.5256523607e+06
3.3165063220e+02 2.5313515046e+06
3.3332932604e+02 2.5415056194e+06
3.3340471575e+02 2.5429881844e+06
3.3160700369e+02 2.5538923694e+06
3.3287706353e+02 2.5599729089e+06
3.3334020141e+02 2.5634730797e+06
3.3321925420e+02 2.5675145040e+06
3.3280843132e+02 2.5710674239e+06
3.3165351077e+02 2.5795589269e+06
3.3312847608e+02 2.5850036315e+06
3.3312816331e+02 2.5857570999e+06
3.3179115461e+02 2.5928898086e+06
3.3168453295e+02 2.5991040539e+06
3.3231432661e+02 2.6036062665e+06
3.3240802585e+02 2.6066133038e+06
3.3191075855e+02 2.6107992321e+06
3.3154041940e+02 2.6157646402e+06
3.3142922726e+02 2.6200613692e+06
3.3177984025e+02 2.6232698171e+06
3.3160227586e+02 2.6349215404e+06
3.3174384733e+02 2.6413918232e+06
3.3210421935e+02 2.6463819356e+06
3.3221294682e+02 2.6491094198e+06
3.3235719569e+02 2.6543494469e+06
3.3209540663e+02 2.6585413365e+06
3.3249901234e+02 2.6618436738e+06
3.3212875431e+02 2.6687397764e+06
3.3177035253e+02 2.6742267716e+06
3.3259343646e+02 2.6840384395e+06
3.3256951598e+02 2.6845184031e+06
3.3236127925e+02 2.6890705811e+06
3.3288652638e+02 2.6935382113e+06
3.3273771095e+02 2.6962455114e+06
3.3295414021e+02 2.7043503710e+06
3.3278620042e+02 2.7092351228e+06
3.3243600395e+02 2.7206544383e+06
3.3265480008e+02 2.7256384822e+06
3.3246211112e+02 2.7345786785e+06
3.3266209935e+02 2.7375272547e+06
3.3317090437e+02 2.7431964640e+06
3.3319632105e+02 2.7488799446e+06
3.3245596049e+02 2.7545548002e+06
3.3267508365e+02 2.7558479535e+06
3.3275623423e+02 2.7631908498e+06
3.3295925472e+02 2.7642634943e+06
3.3338577796e+02 2.7700310364e+06
3.3358573450e+02 2.7718248072e+06
3.3339309309e+02 2.7759974669e+06
3.3334928403e+02 2.7814236353e+06
3.3360756511e+02 2.7851449211e+06
3.3314511939e+02 2.7903996908e+06
3.3292025458e+02 2.7940790200e+06
3.3344675731e+02 2.7991281782e+06
3.3306084642e+02 2.8053254255e+06
3.3328459814e+02 2.8075404293e+06
3.3299420007e+02 2.8133450890e+06
3.3318785918e+02 2.8212682875e+06
3.3312457177e+02 2.8255896410e+06
3.3324828984e+02 2.8328621334e+06
3.3327292954e+02 2.8370062849e+06
3.3330311470e+02 2.8386003897e+06
3.3334749767e+02 2.8434486845e+06
3.3332705833e+02 2.8497613957e+06
3.3323128937e+02 2.8561707216e+06
3.3344095572e+02 2.8581885186e+06
3.3350353711e+02 2.8650738175e+06
3.3341242778e+02 2.8751072187e+06
3.3386324619e+02 2.8810031894e+06
3.3347073252e+02 2.8833044998e+06
3.3416748369e+02 2.8865388117e+06
3.3389623973e+02 2.8898512251e+06
3.3356602379e+02 2.8966237791e+06
3.3377299720e+02 2.9010858460e+06
3.3413928228e+02 2.9052603964e+06
3.3363102876e+02 2.9068514832e+06
3.3388621262e+02 2.9150439437e+06
3.3371823958e+02 2.9199993879e+06
3.3377803374e+02 2.9233986642e+06
3.3384811992e+02 2.9275540554e+06
3.3362250810e+02 2.9301528112e+06
3.3422561979e+02 2.9354626256e+06
3.3405941458e+02 2.9401494186e+06
3.3390717125e+02 2.9421726162e+06
3.3389187433e+02 2.9452241648e+06
3.3386419391e+02 2.9499041782e+06
3.3394411539e+02 2.9534830318e+06
3.3385047618e+02 2.9593476363e+06
3.3439553018e+02 2.9613869775e+06
3.3427604541e+02 2.9685290406e+06
3.3414800775e+02 2.9721021765e+06
3.3412832256e+02 2.9750713426e+06
3.3433849682e+02 2.9795499367e+06
3.3422892439e+02 2.9819275750e+06
3.3410017108e+02 2.9846353729e+06
3.3411992952e+02 2.9937852597e+06
3.3435533778e+02 2.9999748247e+06
3.3423281861e+02 3.0008269329e+06
3.3415544115e+02 3.0079212911e+06
3.3425511961e+02 3.0100295279e+06
3.3417754559e+02 3.0131347355e+06
3.3430618013e+02 3.0167147860e+06
3.3442960363e+02 3.0236148116e+06
3.3460884764e+02 3.0264559237e+06
3.3468875784e+02 3.0285080211e+06
3.3444597521e+02 3.0345962322e+06
3.3446145101e+02 3.0382667007e+06
3.3420783614e+02 3.0415789115e+06
3.3439855559e+02 3.0463395345e+06
3.3436661363e+02 3.0483366433e+06
3.3440104239e+02 3.0533957482e+06
3.3462669528e+02 3.0569068149e+06
3.3453251281e+02 3.0612248060e+06
3.3468568601e+02 3.0648935541e+06
3.3439171014e+02 3.0682741477e+06
3.3453742479e+02 3.0724560784e+06
3.3435306941e+02 3.0785273664e+06
3.3452122510e+02 3.0819402159e+06
3.3495399212e+02 3.0854773437e+06
3.3474999541e+02 3.0896562504e+06
3.3466147920e+02 3.0939766635e+06
3.3481565801e+02 3.0949076578e+06
3.3458487565e+02 3.1008807967e+06
3.3450420017e+02 3.1046735043e+06
3.3481868888e+02 3.1069331886e+06
3.3498174277e+02 3.1133162467e+06
3.3500120351e+02 3.1162685227e+06
3.3493375032e+02 3.1196927761e+06
3.3474103275e+02 3.1255558628e+06
3.3486741835e+02 3.1278349681e+06
3.3483133997e+02 3.1319837791e+06
3.3474134795e+02 3.1366100695e+06
3.3502585740e+02 3.1402633140e+06
3.3474644804e+02 3.1441249628e+06
3.3472316306e+02 3.1488287034e+06
3.3485608641e+02 3.1504723574e+06
3.3507195116e+02 3.1563019921e+06
3.3529637061e+02 3.1610543204e+06
3.3494298042e+02 3.1638969443e+06
3.3482091461e+02 3.1688424155e+06
3.3481983806e+02 3.1725376177e+06
3.3524025489e+02 3.1747194577e+06
3.3487846359e+02 3.1794867397e+06
3.3502038117e+02 3.1841583364e+06
3.3497952297e+02 3.1870276179e+06
3.3531295855e+02 3.1926028106e+06
3.3513721016e+02 3.1952485583e+06
3.3502269891e+02 3.1984218931e+06
3.3492646674e+02 3.2023846175e+06
3.3511525971e+02 3.2066125296e+06
3.3545720925e+02 3.2132682983e+06
3.3528403392e+02 3.2163787579e+06
3.3503998458e+02 3.2199809229e+06
3.3504155203e+02 3.2244047397e+06
3.3511379797e+02 3.2266818717e+06
3.3554066157e+02 3.2315605607e+06
3.3523655484e+02 3.2341581543e+06
3.3535599262e+02 3.2374604605e+06
3.3506076308e+02 3.2419361752e+06
3.3538772366e+02 3.2484863967e+06
3.3514635598e+02 3.2495581151e+06
3.3531978484e+02 3.2550076059e+06
3.3534828430e+02 3.2592461532e+06
3.3545311049e+02 3.2615540482e+06
3.3513299775e+02 3.2688091536e+06
3.3524902491e+02 3.2741723272e+06
3.3542564678e+02 3.2788490460e+06
3.3553929419e+02 3.2817522286e+06
3.3532461372e+02 3.2857013467e+06
3.3518987509e+02 3.2891232788e+06
3.3536202494e+02 3.2957762080e+06
3.3551795515e+02 3.2988039856e+06
3.3564896455e+02 3.3037767205e+06
3.3529738286e+02 3.3057123184e+06
3.3542204232e+02 3.3088952314e+06
3.3528644472e+02 3.3123404679e+06
3.3599304110e+02 3.3178837773e+06
3.3563033761e+02 3.3205772497e+06
3.3532310583e+02 3.3285601635e+06
3.3538115795e+02 3.3317463660e+06
3.3558306442e+02 3.3369571131e+06
3.3573765289e+02 3.3402469910e+06
3.3567056465e+02 3.3444375780e+06
3.3536454036e+02 3.3476585802e+06
3.3550096566e+02 3.3529248339e+06
3.3567787228e+02 3.3570023530e+06
3.3560953685e+02 3.3632105792e+06
3.3574882180e+02 3.3664201453e+06
3.3545033534e+02 3.3684959549e+06
3.3562277456e+02 3.3720365149e+06
3.3579096808e+02 3.3757348638e+06
3.3597934182e+02 3.3809620981e+06
3.3560071692e+02 3.3836800283e+06
3.3554805871e+02 3.3872975905e+06
3.3575288909e+02 3.3923983858e+06
3.3593864192e+02 3.3979602634e+06
3.3562157329e+02 3.4021527892e+06
3.3567167550e+02 3.4072220788e+06
3.3584884150e+02 3.4138162592e+06
3.3606790621e+02 3.4166128288e+06
3.3568440812e+02 3.4217264039e+06
3.3580306835e+02 3.4262100768e+06
3.3596523798e+02 3.4294142634e+06
3.3592895014e+02 3.4305117996e+06
3.3602184240e+02 3.4358132013e+06
3.3577017686e+02 3.4403790597e+06
3.3594553274e+02 3.4460378759e+06
3.3603016365e+02 3.4491809306e+06
3.3616384400e+02 3.4516098214e+06
3.3600315440e+02 3.4541110580e+06
3.3587687112e+02 3.4598582108e+06
3.3607962427e+02 3.4658164325e+06
3.3626127086e+02 3.4684081099e+06
3.3601950551e+02 3.4732201446e+06
3.3625321911e+02 3.4776431543e+06
3.3599711916e+02 3.4790365177e+06
3.3624842246e+02 3.4821573984e+06
3.3622932592e+02 3.4858760463e+06
3.3606188859e+02 3.4920301362e+06
3.3612162311e+02 3.4956179829e+06
3.3613181953e+02 3.4989828465e+06
3.3652727844e+02 3.5049895296e+06
3.3626552598e+02 3.5056487616e+06
3.3613351180e+02 3.5115888947e+06
3.3637641731e+02 3.5142372391e+06
3.3617767420e+02 3.5201722049e+06
3.3645428991e+02 3.5229067327e+06
3.3627685824e+02 3.5256644732e+06
3.3622677128e+02 3.5312294895e+06
3.3634034367e+02 3.5334747190e+06
3.3636310681e+02 3.5397002661e+06
3.3632250908e+02 3.5439842054e+06
3.3643302579e+02 3.5454873998e+06
3.3633763758e+02 3.5516636685e+06
3.3630246777e+02 3.5557591262e+06
3.3663054327e+02 3.5574337794e+06
3.3597987080e+02 3.5626471812e+06
3.3644531210e+02 3.5650826487e+06
3.3646455367e+02 3.5724205361e+06
3.3674181962e+02 3.5730732908e+06
3.3645102788e+02 3.5787972590e+06
3.3636236143e+02 3.5835830469e+06
3.3677159717e+02 3.5864653733e+06
3.3685955136e+02 3.5893315318e+06
3.3660615586e+02 3.5940907520e+06
3.3688463881e+02 3.5989828956e+06
3.3640647417e+02 3.6028459599e+06
3.3661346640e+02 3.6044500341e+06
3.3695588092e+02 3.6112464693e+06
3.3698130958e+02 3.6147413599e+06
3.3674826522e+02 3.6173716287e+06
3.3692264354e+02 3.6229849608e+06
3.3670393516e+02 3.6260787429e+06
3.3655880798e+02 3.6289168395e+06
3.3713944810e+02 3.6353167093e+06
3.3691241320e+02 3.6394932975e+06
3.3657918312e+02 3.6414384903e+06
3.3640938005e+02 3.6465192447e+06
3.3681759622e+02 3.6487828993e+06
3.3699029797e+02 3.6523312977e+06
3.3713029789e+02 3.6573905742e+06
3.3702457675e+02 3.6631218185e+06
3.3704264740e+02 3.6640979041e+06
3.3733210745e+02 3.6686541559e+06
3.3694761717e+02 3.6719495611e+06
3.3729157761e+02 3.6786362422e+06
3.3714021852e+02 3.6798958424e+06
3.3728291498e+02 3.6838679402e+06
3.3713300779e+02 3.6871615272e+06
3.3707138884e+02 3.6922574526e+06
3.3709779294e+02 3.6965729349e+06
3.3709964384e+02 3.7024997978e+06
3.3717410494e+02 3.7037372213e+06
3.3737722229e+02 3.7083598352e+06
3.3738587555e+02 3.7138431771e+06
3.3751995925e+02 3.7161648187e+06
3.3713757586e+02 3.7202062136e+06
3.3766130323e+02 3.7233926746e+06
3.3720997989e+02 3.7299018988e+06
3.3759213471e+02 3.7327521483e+06
3.3734681341e+02 3.7346239869e+06
3.3752244937e+02 3.7399598062e+06
3.3729142862e+02 3.7452112090e+06
3.3743418395e+02 3.7484084198e+06
3.3730476590e+02 3.7536835380e+06
3.3753160756e+02 3.7555836196e+06
3.3789159262e+02 3.7591499289e+06
3.3772441014e+02 3.7619666038e+06
3.3747737408e+02 3.7666776630e+06
3.3756648659e+02 3.7733040316e+06
3.3760735166e+02 3.7745347072e+06
3.3739532840e+02 3.7787442846e+06
3.3765668339e+02 3.7842217911e+06
3.3754610471e+02 3.7866338353e+06
3.3777910178e+02 3.7915223075e+06
3.3769788066e+02 3.7959397811e+06
3.3780922084e+02 3.7976003533e+06
3.3770055145e+02 3.8038372533e+06
3.3752010212e+02 3.8079198590e+06
3.3782367510e+02 3.8106093610e+06
3.3782456711e+02 3.8140182625e+06
3.3780658675e+02 3.8178457623e+06
3.3776080635e+02 3.8247865305e+06
3.3801250065e+02 3.8263549371e+06
3.3763903324e+02 3.8326868712e+06
3.3815376737e+02 3.8356353936e+06
3.3846902474e+02 3.8374473978e+06
3.3824412450e+02 3.8441093741e+06
3.3816542325e+02 3.8478887882e+06
3.3845000384e+02 3.8510741331e+06
3.3824915425e+02 3.8560444739e+06
3.3791465052e+02 3.8595834557e+06
3.3831125597e+02 3.8644916814e+06
3.3781274930e+02 3.8676763658e+06
3.3816534271e+02 3.8691991067e+06
3.3802496873e+02 3.8757752281e+06
3.3845564974e+02 3.8789283581e+06
3.3853387242e+02 3.8839600294e+06
3.3793332212e+02 3.8872338316e+06
3.3828634357e+02 3.8899729800e+06
3.3827935627e+02 3.8945544350e+06
3.3804135184e+02 3.8965600095e+06
3.3840510577e+02 3.9014295483e+06
3.3799433524e+02 3.9060526275e+06
3.3821770827e+02 3.9099238193e+06
3.3811339359e+02 3.9129360860e+06
3.3843528812e+02 3.9165015259e+06
3.3855032180e+02 3.9204698690e+06
3.3861850965e+02 3.9246289505e+06
3.3831501735e+02 3.9288743306e+06
3.3867037965e+02 3.9390136357e+06
3.3817733931e+02 3.9413463940e+06
3.3859258244e+02 3.9462870288e+06
3.3855359899e+02 3.9513802498e+06
3.3873585629e+02 3.9527999233e+06
3.3847488993e+02 3.9577955162e+06
3.3857138592e+02 3.9681225029e+06
3.3877435432e+02 3.9769786953e+06
3.3861246313e+02 3.9820931274e+06
3.3820339142e+02 3.9834342795e+06
3.3815867913e+02 3.9981895270e+06
3.3910884371e+02 4.0066255093e+06
3.3912506793e+02 4.0087658972e+06
3.3889754532e+02 4.0125915886e+06
3.3878666964e+02 4.0173513660e+06
3.3911415400e+02 4.0209305552e+06
3.3878232773e+02 4.0227373053e+06
3.3903582968e+02 4.0265533585e+06
3.3911838210e+02 4.0313128801e+06
3.3877050341e+02 4.0389512960e+06
3.4014752885e+02 4.0835795548e+06
3.4092095907e+02 4.1094148065e+06
3.4072404029e+02 4.1370368208e+06
3.4134688069e+02 4.1487012756e+06
3.4132641914e+02 4.1487971837e+06
3.4064066261e+02 4.1595383294e+06
3.3916430955e+02 4.1812308730e+06
3.4049960887e+02 4.1920547435e+06
3.4072562661e+02 4.1928110449e+06
3.3949997140e+02 4.1996696779e+06
3.4036506432e+02 4.2026172915e+06
3.4064091099e+02 4.2050125843e+06
3.3977294451e+02 4.2090773460e+06
3.3953494508e+02 4.2246672353e+06
3.3973056448e+02 4.2303362292e+06
}