Pressao_entrada 3776320
Pressao_saida 101300.0
Velocidade_angular 1083.84946425
Temperatura 339.964166215


Ri 0.0875
Rg 0.0979
Rm 0.1035
Ro 0.1095
h 5e-06
hg 5e-06
beta1 2.29
beta2 1
N 10

n_r_1 25
n_r_2 25
n_r_3 25
n_t_1 20
n_t_2 20
n_t_3 20
n_t_4 20
n_t_5 20
n_z_h 10
n_z_hg 10

nCells 9.5000000000e+04
minVol 1.9612866646e-03
maxVol 3.8941926147e-02
totVol 8.5066583658e+02

min_U 0.0000000000e+00
max_U 3.6926633525e+02
min_Rho 9.4663539623e-01
max_Rho 3.6101734244e+01
min_P 1.0130000000e+05
max_P 3.9334102229e+06
min_T 2.9596369700e+02
max_T 3.4376816222e+02
Force 3.7515200870e+03
Shear 7.7341185385e+03
Inlet_Flow -1.7332153122e-04
Outlet_Flow 1.7365374867e-04
Sum_Flow 3.3221745280e-07
Perc_flow 1.6565452105e+00

T_crit 268.689772837
P_crit 11643294.8516
satSize 197
composition methane_0.723481/ethane_0.113896/n-propane_0.088029/isobutane_0.014036/n-butane_0.029276/isopentane_0.006316/n-pentane_0.007820/n-hexane_0.003409/n-heptane_0.001303/n-octane_0.000201/n-nonane_0.000000/n-decane_0.000000/nitrogen_0.009625/co2_0.002607


SaturationCurve
{
2.5144509337e+02 1.0130000000e+05
2.6367745925e+02 2.2954438724e+05
2.7100631821e+02 3.5778877448e+05
2.7637323903e+02 4.8603316172e+05
2.8065279855e+02 6.1427754896e+05
2.8423137360e+02 7.4252193620e+05
2.8731524077e+02 8.7076632344e+05
2.9002813149e+02 9.9901071068e+05
2.9245051598e+02 1.1272550979e+06
2.9463794198e+02 1.2554994852e+06
2.9663053466e+02 1.3837438724e+06
2.9845832663e+02 1.5119882596e+06
3.0014444480e+02 1.6402326469e+06
3.0170711682e+02 1.7684770341e+06
3.0316098906e+02 1.8967214214e+06
3.0451802365e+02 2.0249658086e+06
3.0578812747e+02 2.1532101958e+06
3.0697960450e+02 2.2814545831e+06
3.0809948856e+02 2.4096989703e+06
3.0915379258e+02 2.5379433576e+06
3.1014769876e+02 2.6661877448e+06
3.1108570563e+02 2.7944321320e+06
3.1197174339e+02 2.9226765193e+06
3.1280926549e+02 3.0509209065e+06
3.1360132207e+02 3.1791652938e+06
3.1435061946e+02 3.3074096810e+06
3.1505956885e+02 3.4356540682e+06
3.1573032634e+02 3.5638984555e+06
3.1636482628e+02 3.6921428427e+06
3.1696480905e+02 3.8203872299e+06
3.1753184447e+02 3.9486316172e+06
3.1806735159e+02 4.0768760044e+06
3.1857261552e+02 4.2051203917e+06
3.1904880181e+02 4.3333647789e+06
3.1949696878e+02 4.4616091661e+06
3.1991807811e+02 4.5898535534e+06
3.2031300405e+02 4.7180979406e+06
3.2068254135e+02 4.8463423279e+06
3.2102741215e+02 4.9745867151e+06
3.2134827198e+02 5.1028311023e+06
3.2164571499e+02 5.2310754896e+06
3.2192027850e+02 5.3593198768e+06
3.2217244695e+02 5.4875642641e+06
3.2240265534e+02 5.6158086513e+06
3.2261129223e+02 5.7440530385e+06
3.2279870227e+02 5.8722974258e+06
3.2296518842e+02 6.0005418130e+06
3.2311101382e+02 6.1287862003e+06
3.2323640330e+02 6.2570305875e+06
3.2334154470e+02 6.3852749747e+06
3.2342658979e+02 6.5135193620e+06
3.2349165507e+02 6.6417637492e+06
3.2353682219e+02 6.7700081365e+06
3.2356213821e+02 6.8982525237e+06
3.2356761558e+02 7.0264969109e+06
3.2355323186e+02 7.1547412982e+06
3.2351892923e+02 7.2829856854e+06
3.2346461362e+02 7.4112300727e+06
3.2339015370e+02 7.5394744599e+06
3.2329537943e+02 7.6677188471e+06
3.2318008032e+02 7.7959632344e+06
3.2304400330e+02 7.9242076216e+06
3.2288685019e+02 8.0524520089e+06
3.2270827462e+02 8.1806963961e+06
3.2250787847e+02 8.3089407833e+06
3.2228520763e+02 8.4371851706e+06
3.2203974703e+02 8.5654295578e+06
3.2177091473e+02 8.6936739451e+06
3.2147805508e+02 8.8219183323e+06
3.2116043055e+02 8.9501627195e+06
3.2081721208e+02 9.0784071068e+06
3.2044746764e+02 9.2066514940e+06
3.2005014849e+02 9.3348958813e+06
3.1962407278e+02 9.4631402685e+06
3.1916790558e+02 9.5913846557e+06
3.1868013469e+02 9.7196290430e+06
3.1815904078e+02 9.8478734302e+06
3.1760266048e+02 9.9761178174e+06
3.1700873999e+02 1.0104362205e+07
3.1637467633e+02 1.0232606592e+07
3.1569744174e+02 1.0360850979e+07
3.1497348512e+02 1.0489095366e+07
3.1419860102e+02 1.0617339754e+07
3.1336775242e+02 1.0745584141e+07
3.1247482519e+02 1.0873828528e+07
3.1151227905e+02 1.1002072915e+07
3.1047063552e+02 1.1130317303e+07
3.0933769871e+02 1.1258561690e+07
3.0809731433e+02 1.1386806077e+07
3.0672727917e+02 1.1515050464e+07
3.0519555598e+02 1.1643294852e+07
3.0345272674e+02 1.1771539239e+07
3.0141474700e+02 1.1899783626e+07
2.9891421744e+02 1.2028028013e+07
2.9549503632e+02 1.2156272401e+07
2.9549503632e+02 1.2156272399e+07
2.9362070551e+02 1.2205181845e+07
2.9174637470e+02 1.2239775177e+07
2.8987204389e+02 1.2260560864e+07
2.8799771308e+02 1.2267963473e+07
2.8612338227e+02 1.2262348965e+07
2.8424905146e+02 1.2244045819e+07
2.8237472065e+02 1.2213362343e+07
2.8050038985e+02 1.2170600382e+07
2.7862605904e+02 1.2116065763e+07
2.7675172823e+02 1.2050076133e+07
2.7487739742e+02 1.1972968037e+07
2.7300306661e+02 1.1885109897e+07
2.7112873580e+02 1.1786961193e+07
2.6925440499e+02 1.1673413059e+07
2.6738007418e+02 1.1558693842e+07
2.6550574337e+02 1.1431825137e+07
2.6363141256e+02 1.1295623168e+07
2.6175708175e+02 1.1150823418e+07
2.5988275094e+02 1.0997885727e+07
2.5800842013e+02 1.0837232012e+07
2.5613408932e+02 1.0669276521e+07
2.5425975852e+02 1.0494433370e+07
2.5238542771e+02 1.0313119981e+07
2.5051109690e+02 1.0125759488e+07
2.4863676609e+02 9.9327827607e+06
2.4676243528e+02 9.7346299875e+06
2.4488810447e+02 9.5317515820e+06
2.4301377366e+02 9.3246082192e+06
2.4113944285e+02 9.1136697814e+06
2.3926511204e+02 8.8994132019e+06
2.3739078123e+02 8.6823193190e+06
2.3551645042e+02 8.4628690831e+06
2.3364211961e+02 8.2415395526e+06
2.3176778880e+02 8.0188001289e+06
2.2989345799e+02 7.7951093621e+06
2.2801912718e+02 7.5709124796e+06
2.2614479638e+02 7.3466396046e+06
2.2427046557e+02 7.1227045091e+06
2.2239613476e+02 6.8995037029e+06
2.2052180395e+02 6.6774156855e+06
2.1864747314e+02 6.4568002524e+06
2.1677314233e+02 6.2379978199e+06
2.1489881152e+02 6.0213287857e+06
2.1302448071e+02 5.8070929779e+06
2.1115014990e+02 5.5955692480e+06
2.0927581909e+02 5.3870152552e+06
2.0740148828e+02 5.1816674675e+06
2.0552715747e+02 4.9797413835e+06
2.0365282666e+02 4.7814319587e+06
2.0177849585e+02 4.5869142102e+06
1.9990416505e+02 4.3963439644e+06
1.9802983424e+02 4.2098587111e+06
1.9615550343e+02 4.0275785288e+06
1.9428117262e+02 3.8496070478e+06
1.9240684181e+02 3.6760324250e+06
1.9053251100e+02 3.5069283071e+06
1.8865818019e+02 3.3423547661e+06
1.8678384938e+02 3.1823591947e+06
1.8490951857e+02 3.0269771558e+06
1.8303518776e+02 2.8762331799e+06
1.8116085695e+02 2.7301415097e+06
1.7928652614e+02 2.5887067924e+06
1.7741219533e+02 2.4519247195e+06
1.7553786452e+02 2.3197826179e+06
1.7366353372e+02 2.1922599944e+06
1.7178920291e+02 2.0693290369e+06
1.6991487210e+02 1.9509550770e+06
1.6804054129e+02 1.8370970163e+06
1.6616621048e+02 1.7277077201e+06
1.6429187967e+02 1.6227343830e+06
1.6241754886e+02 1.5221188679e+06
1.6054321805e+02 1.4257980223e+06
1.5866888724e+02 1.3337039749e+06
1.5679455643e+02 1.2457644143e+06
1.5492022562e+02 1.1619028527e+06
1.5304589481e+02 1.0820388773e+06
1.5117156400e+02 1.0060883906e+06
1.4929723319e+02 9.3396384258e+05
1.4742290238e+02 8.6557445548e+05
1.4554857158e+02 8.0082644374e+05
1.4367424077e+02 7.3962323020e+05
1.4179990996e+02 6.8186566027e+05
1.3992557915e+02 6.2745221546e+05
1.3805124834e+02 5.7627922771e+05
1.3617691753e+02 5.2824109594e+05
1.3430258672e+02 4.8323050582e+05
1.3242825591e+02 4.4113865411e+05
1.3055392510e+02 4.0185547849e+05
1.2867959429e+02 3.6526989363e+05
1.2680526348e+02 3.3127003448e+05
1.2493093267e+02 2.9974350716e+05
1.2305660186e+02 2.7057764798e+05
1.2118227105e+02 2.4365979086e+05
1.1930794025e+02 2.1887754326e+05
1.1743360944e+02 1.9611907062e+05
1.1555927863e+02 1.7527338893e+05
1.1368494782e+02 1.5623066498e+05
1.1181061701e+02 1.3888252360e+05
1.0993628620e+02 1.2312236045e+05
1.0806195539e+02 1.0884565908e+05
}

T_margin 16.3332448005
T_sat_margin 285.637218607
T_hull_margin 301.970463408
P_hull_margin 800984.808183

caseHull
{
3.2659557112e+02 3.4350341740e+05
3.2633810456e+02 3.4569448718e+05
3.2628884563e+02 3.4788980828e+05
3.2608845403e+02 3.5324752562e+05
3.2588681136e+02 3.5688291985e+05
3.2585520107e+02 3.6042162547e+05
3.2577111838e+02 3.6291915764e+05
3.2568396777e+02 3.6850839881e+05
3.2550148273e+02 3.7194925368e+05
3.2541434650e+02 3.7481128613e+05
3.2538992944e+02 3.7858212660e+05
3.2541167604e+02 3.7986222581e+05
3.2558128877e+02 3.8408904609e+05
3.2545709185e+02 3.8698131958e+05
3.2544846283e+02 3.9371373727e+05
3.2605674504e+02 4.0308435686e+05
3.2616391317e+02 4.0666001765e+05
3.2572341924e+02 4.1038134481e+05
3.2616307219e+02 4.1805363477e+05
3.2633977197e+02 4.2481959102e+05
3.2646936841e+02 4.2729043868e+05
3.2668649899e+02 4.3335286857e+05
3.2634791333e+02 4.3517704804e+05
3.0036697325e+02 5.1712596231e+05
3.0022021784e+02 5.2651114167e+05
2.9930024673e+02 5.3313941845e+05
2.9950844101e+02 5.3632299433e+05
2.9957656965e+02 5.3876242142e+05
2.9912027920e+02 5.4427437424e+05
2.9933050313e+02 5.4668508813e+05
2.9942483253e+02 5.5321780048e+05
2.9975627842e+02 5.6630134300e+05
3.0012843977e+02 5.6757350026e+05
2.9957895250e+02 5.8103750305e+05
2.9967305569e+02 5.9214630163e+05
2.9946189641e+02 5.9760502156e+05
2.9972870088e+02 6.1492598878e+05
3.0024776731e+02 6.2741122801e+05
3.0042362700e+02 6.2764985940e+05
2.9999203667e+02 6.3969491777e+05
3.0032291972e+02 6.4790047769e+05
3.0123010864e+02 6.5892237964e+05
3.0096116350e+02 6.6251898731e+05
3.0099352784e+02 6.7266242803e+05
3.0075326970e+02 6.7642495159e+05
3.0071129663e+02 6.8364944557e+05
3.0034654312e+02 6.8627749251e+05
3.0046797335e+02 6.8998991747e+05
3.0039827716e+02 7.0186997619e+05
3.0058270413e+02 7.0735219133e+05
3.0062538336e+02 7.1101824313e+05
3.0083207035e+02 7.1918795904e+05
3.0095365006e+02 7.2199146266e+05
3.0140495768e+02 7.2698569276e+05
3.0107679057e+02 7.2931580426e+05
3.0077512642e+02 7.3583003999e+05
3.0096155297e+02 7.4647000174e+05
3.0170564846e+02 7.5767427821e+05
3.0160932174e+02 7.6576932635e+05
3.0197046341e+02 8.0098480818e+05
3.2760738355e+02 8.9257282517e+05
3.2807631486e+02 8.9501534250e+05
3.2762163111e+02 8.9815278159e+05
3.2763082672e+02 9.0278593063e+05
3.2764424594e+02 9.0710034420e+05
3.2767120226e+02 9.1206951524e+05
3.2772221313e+02 9.1850564809e+05
3.2781316044e+02 9.2844827562e+05
3.2788096104e+02 9.3501969240e+05
3.2792665529e+02 9.3929953937e+05
3.2801630503e+02 9.4649167516e+05
3.2804765710e+02 9.4939068274e+05
3.2852507793e+02 9.5585848431e+05
3.2817149024e+02 9.5990099903e+05
3.2823032293e+02 9.6486746952e+05
3.2860476723e+02 9.6712524021e+05
3.2830467953e+02 9.7192209075e+05
3.2866406856e+02 9.7429898824e+05
3.2836082955e+02 9.7721088034e+05
3.2839996258e+02 9.8137489490e+05
3.2840905742e+02 9.8395135440e+05
3.2879767131e+02 9.8695051879e+05
3.2849628590e+02 9.9304301452e+05
3.2854301431e+02 9.9946634618e+05
3.2855162747e+02 1.0028174492e+06
3.2856334089e+02 1.0056007236e+06
3.2859222083e+02 1.0107519158e+06
3.2858572807e+02 1.0122369264e+06
3.2863728303e+02 1.0190795509e+06
3.2869714197e+02 1.0241654572e+06
3.2876676449e+02 1.0270659372e+06
3.2884785304e+02 1.0302762832e+06
3.2912207862e+02 1.0341555713e+06
3.2911984152e+02 1.0398202634e+06
3.2940769133e+02 1.0422825811e+06
3.2912994996e+02 1.0457509488e+06
3.2945154334e+02 1.0481723753e+06
3.2914437276e+02 1.0517125023e+06
3.2916198321e+02 1.0572371143e+06
3.2951353950e+02 1.0605671910e+06
3.2918656323e+02 1.0628130018e+06
3.2921569970e+02 1.0680424393e+06
3.2956077676e+02 1.0699063274e+06
3.2927189592e+02 1.0752996443e+06
3.2970197628e+02 1.0796065538e+06
3.2933447730e+02 1.0827317871e+06
3.2976544029e+02 1.0848589921e+06
3.2940863697e+02 1.0900992330e+06
3.2976907562e+02 1.0911430646e+06
3.2947573354e+02 1.0963634230e+06
3.2956222392e+02 1.1038576530e+06
3.2963440035e+02 1.1099497751e+06
3.2981793138e+02 1.1153570682e+06
3.2972962805e+02 1.1184454898e+06
3.2984734443e+02 1.1214232728e+06
3.2980079342e+02 1.1244395382e+06
3.2988061383e+02 1.1271102012e+06
3.2987695637e+02 1.1315103127e+06
3.2993728798e+02 1.1344984990e+06
3.2999345671e+02 1.1413734691e+06
3.2999913179e+02 1.1433734864e+06
3.3003907784e+02 1.1483494844e+06
3.3006736026e+02 1.1488223924e+06
3.3009667923e+02 1.1555552174e+06
3.3039634855e+02 1.1563856161e+06
3.3013502502e+02 1.1614082793e+06
3.3016098493e+02 1.1660871785e+06
3.3039101743e+02 1.1676843848e+06
3.3019150573e+02 1.1712583904e+06
3.3020853769e+02 1.1754815514e+06
3.3021544126e+02 1.1783561581e+06
3.3024657482e+02 1.1831360337e+06
3.3025836620e+02 1.1855714939e+06
3.3029955269e+02 1.1898812016e+06
3.3033266443e+02 1.1925195271e+06
3.3039434215e+02 1.1983940240e+06
3.3054040110e+02 1.1999692659e+06
3.3040953162e+02 1.2052127686e+06
3.3042748611e+02 1.2118752246e+06
3.3078791029e+02 1.2166068768e+06
3.3045258981e+02 1.2185484284e+06
3.3082607655e+02 1.2222711880e+06
3.3048438736e+02 1.2252803255e+06
3.3052377717e+02 1.2319477132e+06
3.3090636843e+02 1.2373581185e+06
3.3057928282e+02 1.2396472280e+06
3.3093780429e+02 1.2449584481e+06
3.3063852417e+02 1.2469074657e+06
3.3094128976e+02 1.2514613795e+06
3.3071284315e+02 1.2548020320e+06
3.3094939227e+02 1.2583865227e+06
3.3078712714e+02 1.2620680802e+06
3.3095605731e+02 1.2649859002e+06
3.3087190713e+02 1.2698151357e+06
3.3097253531e+02 1.2721792512e+06
3.3095582361e+02 1.2772158323e+06
3.3099213120e+02 1.2792124594e+06
3.3104410652e+02 1.2850357155e+06
3.3101921860e+02 1.2863755197e+06
3.3112765816e+02 1.2922528456e+06
3.3105288686e+02 1.2935493694e+06
3.3147553799e+02 1.2964027762e+06
3.3109476831e+02 1.3008365816e+06
3.3128274309e+02 1.3066271482e+06
3.3114930173e+02 1.3086668325e+06
3.3135306149e+02 1.3137681599e+06
3.3120667890e+02 1.3160600135e+06
3.3140757050e+02 1.3200296600e+06
3.3127926376e+02 1.3240466542e+06
3.3146119957e+02 1.3268551855e+06
3.3135460843e+02 1.3316568791e+06
3.3150260707e+02 1.3329886987e+06
3.3152744137e+02 1.3379813538e+06
3.3143955421e+02 1.3394673095e+06
3.3153472615e+02 1.3449225049e+06
3.3152853926e+02 1.3474062522e+06
3.3154217787e+02 1.3518470456e+06
3.3160476461e+02 1.3535386767e+06
3.3155297805e+02 1.3592114103e+06
3.3164266207e+02 1.3615539025e+06
3.3156469623e+02 1.3664338770e+06
3.3170878485e+02 1.3694756250e+06
3.3158286854e+02 1.3740865948e+06
3.3182799071e+02 1.3756699787e+06
3.3160440337e+02 1.3816689161e+06
3.3194890939e+02 1.3854351409e+06
3.3163281135e+02 1.3894068148e+06
3.3166812200e+02 1.3972472284e+06
3.3171073391e+02 1.4050830375e+06
3.3176464453e+02 1.4133819855e+06
3.3218243434e+02 1.4179308113e+06
3.3182426098e+02 1.4213301441e+06
3.3220552282e+02 1.4231268271e+06
3.3206391182e+02 1.4267042849e+06
3.3189719121e+02 1.4298353968e+06
3.3207835883e+02 1.4344567936e+06
3.3197407303e+02 1.4379245868e+06
3.3209344091e+02 1.4421704878e+06
3.3206072256e+02 1.4463243024e+06
3.3211364473e+02 1.4502414823e+06
3.3242874065e+02 1.4515930385e+06
3.3215064017e+02 1.4546086542e+06
3.3213701649e+02 1.4583047596e+06
3.3224440324e+02 1.4629811216e+06
3.3216652693e+02 1.4665652298e+06
3.3233791286e+02 1.4712365369e+06
3.3220211485e+02 1.4748938387e+06
3.3253429929e+02 1.4782291412e+06
3.3243014414e+02 1.4795739019e+06
3.3224537444e+02 1.4833683781e+06
3.3251491311e+02 1.4874132147e+06
3.3229785273e+02 1.4920029153e+06
3.3259639104e+02 1.4955277138e+06
3.3235650180e+02 1.5004398578e+06
3.3266444371e+02 1.5029019421e+06
3.3260765037e+02 1.5060176760e+06
3.3242722143e+02 1.5092570544e+06
3.3262435528e+02 1.5135188458e+06
3.3250364203e+02 1.5178246131e+06
3.3264198182e+02 1.5214627359e+06
3.3281948398e+02 1.5241772707e+06
3.3258966867e+02 1.5265773987e+06
3.3285243557e+02 1.5305325342e+06
3.3268143644e+02 1.5353222579e+06
3.3267764812e+02 1.5377386968e+06
3.3289612579e+02 1.5415435308e+06
3.3269684924e+02 1.5460429588e+06
3.3292872544e+02 1.5509808118e+06
3.3271971478e+02 1.5546903769e+06
3.3294940042e+02 1.5552997469e+06
3.3297279969e+02 1.5615303257e+06
3.3274494225e+02 1.5633213902e+06
3.3303526957e+02 1.5659735024e+06
3.3277524879e+02 1.5721676091e+06
3.3306027065e+02 1.5734383109e+06
3.3315288654e+02 1.5784618416e+06
3.3281090833e+02 1.5810731790e+06
3.3322948539e+02 1.5864284323e+06
3.3285294463e+02 1.5900710353e+06
3.3312997717e+02 1.5968059001e+06
3.3290355608e+02 1.5992707697e+06
3.3335483305e+02 1.6018098372e+06
3.3296176130e+02 1.6083897050e+06
3.3340313717e+02 1.6091605654e+06
3.3317567044e+02 1.6137642260e+06
3.3303064309e+02 1.6177960153e+06
3.3319913216e+02 1.6226242449e+06
3.3339039445e+02 1.6250131446e+06
3.3310647188e+02 1.6270347818e+06
3.3322253003e+02 1.6314886877e+06
3.3319206077e+02 1.6364615061e+06
3.3324841314e+02 1.6406532887e+06
3.3346358523e+02 1.6420349671e+06
3.3328409887e+02 1.6458245764e+06
3.3327604432e+02 1.6498522410e+06
3.3338208966e+02 1.6552085071e+06
3.3364324908e+02 1.6561217322e+06
3.3330770397e+02 1.6592652413e+06
3.3348302835e+02 1.6645436005e+06
3.3334370807e+02 1.6687467712e+06
3.3358465705e+02 1.6738394895e+06
3.3338537006e+02 1.6783781168e+06
3.3368301997e+02 1.6828826618e+06
3.3364335112e+02 1.6852425346e+06
3.3343388119e+02 1.6880822390e+06
3.3367490583e+02 1.6939341718e+06
3.3348963146e+02 1.6978137372e+06
3.3386278228e+02 1.7005859357e+06
3.3370418037e+02 1.7025032535e+06
3.3355465874e+02 1.7077081628e+06
3.3373461273e+02 1.7116532078e+06
3.3384191815e+02 1.7148572177e+06
3.3362765317e+02 1.7175494172e+06
3.3376297319e+02 1.7207114210e+06
3.3389746548e+02 1.7265047814e+06
3.3371043233e+02 1.7275147644e+06
3.3392355232e+02 1.7315388792e+06
3.3380100283e+02 1.7374607433e+06
3.3382094886e+02 1.7396951915e+06
3.3398758632e+02 1.7446243473e+06
3.3389896005e+02 1.7474449575e+06
3.3385132727e+02 1.7495134582e+06
3.3402401724e+02 1.7524368936e+06
3.3388220516e+02 1.7593140240e+06
3.3405781763e+02 1.7599057741e+06
3.3391605935e+02 1.7693705573e+06
3.3423444036e+02 1.7723092606e+06
3.3413132206e+02 1.7769372893e+06
3.3395264198e+02 1.7794608999e+06
3.3416976850e+02 1.7862453568e+06
3.3399388176e+02 1.7897181170e+06
3.3420544210e+02 1.7953160577e+06
3.3441158479e+02 1.7961352157e+06
3.3404063222e+02 1.8000647514e+06
3.3424302011e+02 1.8051033629e+06
3.3436493885e+02 1.8088681253e+06
3.3409382011e+02 1.8104874533e+06
3.3427796206e+02 1.8147354817e+06
3.3431497154e+02 1.8172279510e+06
3.3415499873e+02 1.8210402317e+06
3.3431398631e+02 1.8248916834e+06
3.3438796288e+02 1.8303886563e+06
3.3422392208e+02 1.8316015177e+06
3.3441890946e+02 1.8358918301e+06
3.3430212961e+02 1.8422505872e+06
3.3438881433e+02 1.8528818044e+06
3.3441986756e+02 1.8558491968e+06
3.3453978168e+02 1.8593196830e+06
3.3448345377e+02 1.8635106838e+06
3.3445757021e+02 1.8665608306e+06
3.3457977001e+02 1.8674453518e+06
3.3458475565e+02 1.8741082413e+06
3.3449694406e+02 1.8773030519e+06
3.3484233354e+02 1.8795599625e+06
3.3469101433e+02 1.8846293251e+06
3.3453985244e+02 1.8882599233e+06
3.3479970880e+02 1.8950475918e+06
3.3458619707e+02 1.8992679935e+06
3.3475813005e+02 1.9060700078e+06
3.3463781054e+02 1.9104263951e+06
3.3477033141e+02 1.9148908256e+06
3.3478063795e+02 1.9193296209e+06
3.3469537245e+02 1.9216584007e+06
3.3484684694e+02 1.9269951364e+06
3.3484491397e+02 1.9305609964e+06
3.3476000665e+02 1.9329727831e+06
3.3489104489e+02 1.9379184041e+06
3.3483289547e+02 1.9443509656e+06
3.3493281132e+02 1.9486617115e+06
3.3495171788e+02 1.9500328587e+06
3.3491436235e+02 1.9557768914e+06
3.3497578757e+02 1.9598476020e+06
3.3538376012e+02 1.9611138288e+06
3.3500462019e+02 1.9672398109e+06
3.3501730520e+02 1.9709503172e+06
3.3509372624e+02 1.9777944516e+06
3.3506016992e+02 1.9823744555e+06
3.3514038467e+02 1.9871810554e+06
3.3520882528e+02 1.9901699390e+06
3.3510318059e+02 1.9937878838e+06
3.3519397793e+02 1.9980959493e+06
3.3532010049e+02 2.0015943332e+06
3.3514838262e+02 2.0054243494e+06
3.3524316165e+02 2.0083595750e+06
3.3517143153e+02 2.0137053849e+06
3.3519573731e+02 2.0170886943e+06
3.3519843693e+02 2.0202463100e+06
3.3522663687e+02 2.0243871582e+06
3.3524639397e+02 2.0289060731e+06
3.3534705325e+02 2.0306405749e+06
3.3528373435e+02 2.0348430077e+06
3.3530093813e+02 2.0407816014e+06
3.3572910310e+02 2.0441144210e+06
3.3537148965e+02 2.0505494178e+06
3.3536078582e+02 2.0527480598e+06
3.3585773847e+02 2.0562944600e+06
3.3541345924e+02 2.0582309703e+06
3.3542702845e+02 2.0647750137e+06
3.3550103103e+02 2.0656714479e+06
3.3547197704e+02 2.0694029514e+06
3.3550048597e+02 2.0768578766e+06
3.3605604439e+02 2.0852049630e+06
3.3558183703e+02 2.0889630568e+06
3.3558162122e+02 2.0904849881e+06
3.3563483256e+02 2.1008349572e+06
3.3565031478e+02 2.1017829217e+06
3.3611447739e+02 2.1078839992e+06
3.3569755096e+02 2.1131023305e+06
3.3611638391e+02 2.1161711999e+06
3.3610120081e+02 2.1221713202e+06
3.3575362329e+02 2.1242720117e+06
3.3575295607e+02 2.1266361013e+06
3.3608584669e+02 2.1298367205e+06
3.3568139194e+02 2.1367019561e+06
3.3570066736e+02 2.1382972781e+06
3.3569441178e+02 2.1425698180e+06
3.3571396119e+02 2.1453159214e+06
3.3574703641e+02 2.1479040822e+06
3.3579199558e+02 2.1540509318e+06
3.3581802906e+02 2.1611516368e+06
3.3592402492e+02 2.1650024083e+06
3.3585107401e+02 2.1674269609e+06
3.3613437436e+02 2.1715849752e+06
3.3599268495e+02 2.1732448198e+06
3.3591209589e+02 2.1792008646e+06
3.3640080166e+02 2.1800679097e+06
3.3605274180e+02 2.1859831685e+06
3.3595680409e+02 2.1878911222e+06
3.3605865699e+02 2.1912644940e+06
3.3602271863e+02 2.2006100502e+06
3.3613544725e+02 2.2045821075e+06
3.3607609609e+02 2.2110217992e+06
3.3591212376e+02 2.2178090169e+06
3.3590690393e+02 2.2219740492e+06
3.3598440634e+02 2.2265337250e+06
3.3613277563e+02 2.2293208246e+06
3.3631239471e+02 2.2315908773e+06
3.3620315251e+02 2.2357173512e+06
3.3611431373e+02 2.2437734114e+06
3.3641380086e+02 2.2452632810e+06
3.3613562870e+02 2.2487987837e+06
3.3674683472e+02 2.2537721928e+06
3.3652353292e+02 2.2589275401e+06
3.3633436315e+02 2.2613333702e+06
3.3621228245e+02 2.2644292630e+06
3.3624959109e+02 2.2728094508e+06
3.3640290632e+02 2.2747740281e+06
3.3646733040e+02 2.2875690187e+06
3.3632745915e+02 2.2888701038e+06
3.3637682207e+02 2.2994306033e+06
3.3658227141e+02 2.3039790604e+06
3.3645454982e+02 2.3152532226e+06
3.3664848133e+02 2.3177443230e+06
3.3651227132e+02 2.3272228997e+06
3.3666907993e+02 2.3280746599e+06
3.3671804921e+02 2.3315774127e+06
3.3673539198e+02 2.3416639469e+06
3.3658885400e+02 2.3425865661e+06
3.3679250672e+02 2.3455400611e+06
3.3665211162e+02 2.3554059618e+06
3.3655600535e+02 2.3575612329e+06
3.3742987632e+02 2.3624866446e+06
3.3757168736e+02 2.3659180576e+06
3.3672751927e+02 2.3703498423e+06
3.3662994456e+02 2.3710739617e+06
3.3668004131e+02 2.3751416753e+06
3.3666438162e+02 2.3797985477e+06
3.3679423702e+02 2.3836694527e+06
3.3664756528e+02 2.3854880052e+06
3.3670507828e+02 2.3905291948e+06
3.3702184336e+02 2.3930828502e+06
3.3686865811e+02 2.3983034155e+06
3.3715444002e+02 2.4017777363e+06
3.3732365940e+02 2.4052747917e+06
3.3678111312e+02 2.4077187102e+06
3.3693773771e+02 2.4119430522e+06
3.3681097129e+02 2.4164059669e+06
3.3701159427e+02 2.4264172029e+06
3.3715074900e+02 2.4282468531e+06
3.3688819862e+02 2.4335514244e+06
3.3701234505e+02 2.4400063636e+06
3.3693571302e+02 2.4450881012e+06
3.3777396291e+02 2.4490016826e+06
3.3766545545e+02 2.4510516257e+06
3.3715585918e+02 2.4547689613e+06
3.3730317993e+02 2.4591560067e+06
3.3701261721e+02 2.4617018139e+06
3.3722769737e+02 2.4689330150e+06
3.3712790603e+02 2.4725781527e+06
3.3707088982e+02 2.4747578347e+06
3.3713987579e+02 2.4831407894e+06
3.3701479618e+02 2.4861341529e+06
3.3624376075e+02 2.4897616123e+06
3.3495386200e+02 2.5012061135e+06
3.3449577082e+02 2.5135398090e+06
3.3468071968e+02 2.5159841163e+06
3.3443220431e+02 2.5263040435e+06
3.3453866372e+02 2.5346783668e+06
3.3434605451e+02 2.5384845000e+06
3.3309439066e+02 2.5433313497e+06
3.3397460713e+02 2.5470999952e+06
3.3454144642e+02 2.5570844186e+06
3.3446650097e+02 2.5853308018e+06
3.3409777769e+02 2.6238478286e+06
3.3558158400e+02 2.6331795104e+06
3.3583386858e+02 2.6368534700e+06
3.3483387638e+02 2.6452000678e+06
3.3397042072e+02 2.6545971508e+06
3.3373459152e+02 2.6609583172e+06
3.3458263184e+02 2.6819526394e+06
3.3521537131e+02 2.6978968134e+06
3.3494372048e+02 2.7068812182e+06
3.3417833224e+02 2.7107315031e+06
3.3437409474e+02 2.7139608663e+06
3.3408033698e+02 2.7192282133e+06
3.3448779163e+02 2.7234381301e+06
3.3428207911e+02 2.7289847036e+06
3.3414192856e+02 2.7329379662e+06
3.3425506112e+02 2.7383346993e+06
3.3359495913e+02 2.7434755628e+06
3.3454428844e+02 2.7477135116e+06
3.3439196106e+02 2.7502506761e+06
3.3459653767e+02 2.7527307898e+06
3.3424065962e+02 2.7575899376e+06
3.3444334780e+02 2.7587991950e+06
3.3421799718e+02 2.7637345484e+06
3.3406723561e+02 2.7659253348e+06
3.3449219593e+02 2.7753705131e+06
3.3452463681e+02 2.7796536291e+06
3.3381274999e+02 2.7838302323e+06
3.3400344829e+02 2.7901846969e+06
3.3428720744e+02 2.7915786908e+06
3.3465442702e+02 2.7951458015e+06
3.3465100944e+02 2.8004515896e+06
3.3425526333e+02 2.8040873741e+06
3.3388495378e+02 2.8234005782e+06
3.3428407575e+02 2.8296106449e+06
3.3414413489e+02 2.8336961837e+06
3.3402243473e+02 2.8356100943e+06
3.3457994846e+02 2.8386881664e+06
3.3424726426e+02 2.8435425263e+06
3.3408962596e+02 2.8505535498e+06
3.3397240900e+02 2.8537466556e+06
3.3405362170e+02 2.8565510636e+06
3.3392783668e+02 2.8594258966e+06
3.3451103330e+02 2.8649591586e+06
3.3429809864e+02 2.8696890203e+06
3.3448498892e+02 2.8751915602e+06
3.3410774362e+02 2.8786334478e+06
3.3398495768e+02 2.8827279350e+06
3.3411403042e+02 2.8899465817e+06
3.3398569573e+02 2.8942536214e+06
3.3427066003e+02 2.8998403993e+06
3.3444827542e+02 2.9040872577e+06
3.3437938890e+02 2.9078136787e+06
3.3419356937e+02 2.9117862372e+06
3.3438625783e+02 2.9136269872e+06
3.3406599292e+02 2.9167554446e+06
3.3431252222e+02 2.9217111323e+06
3.3423342485e+02 2.9242296387e+06
3.3410644421e+02 2.9295149936e+06
3.3437512950e+02 2.9385005717e+06
3.3435159434e+02 2.9437307319e+06
3.3432998327e+02 2.9460249709e+06
3.3422573858e+02 2.9530764180e+06
3.3434841376e+02 2.9564401321e+06
3.3440688958e+02 2.9598541710e+06
3.3429355635e+02 2.9660501979e+06
3.3450432293e+02 2.9676406177e+06
3.3443928848e+02 2.9709670723e+06
3.3443591237e+02 2.9760555202e+06
3.3457608429e+02 2.9798105562e+06
3.3469172935e+02 2.9824395826e+06
3.3448819679e+02 2.9875290535e+06
3.3444142591e+02 2.9917451319e+06
3.3459657882e+02 2.9947639739e+06
3.3460499710e+02 2.9968487264e+06
3.3458449781e+02 2.9993227978e+06
3.3450786922e+02 3.0036657536e+06
3.3460525551e+02 3.0086263769e+06
3.3502503141e+02 3.0103617911e+06
3.3464508754e+02 3.0142950955e+06
3.3466885942e+02 3.0201662018e+06
3.3468555604e+02 3.0234117555e+06
3.3472007953e+02 3.0253724246e+06
3.3476241360e+02 3.0315413256e+06
3.3468038540e+02 3.0338257215e+06
3.3493609335e+02 3.0370514146e+06
3.3471649467e+02 3.0414690610e+06
3.3480315385e+02 3.0435369389e+06
3.3483023200e+02 3.0474009652e+06
3.3483688144e+02 3.0503137951e+06
3.3485288502e+02 3.0535011926e+06
3.3491739556e+02 3.0592346604e+06
3.3491998249e+02 3.0630347070e+06
3.3500219987e+02 3.0668340892e+06
3.3494102715e+02 3.0690284079e+06
3.3491882391e+02 3.0734886020e+06
3.3502961100e+02 3.0757124483e+06
3.3499498662e+02 3.0789693084e+06
3.3493988995e+02 3.0826733393e+06
3.3512891434e+02 3.0865624131e+06
3.3506154943e+02 3.0920431603e+06
3.3507543778e+02 3.0931255521e+06
3.3511439686e+02 3.0994402065e+06
3.3510978052e+02 3.0999018438e+06
3.3513186318e+02 3.1055757255e+06
3.3514153018e+02 3.1078138297e+06
3.3517114333e+02 3.1118641457e+06
3.3518892212e+02 3.1150086849e+06
3.3522038845e+02 3.1193212780e+06
3.3529595936e+02 3.1226399112e+06
3.3524544688e+02 3.1263712512e+06
3.3527440436e+02 3.1312004913e+06
3.3526428060e+02 3.1329735502e+06
3.3530956794e+02 3.1368565648e+06
3.3531154339e+02 3.1398001415e+06
3.3524774801e+02 3.1465131371e+06
3.3535420774e+02 3.1490815178e+06
3.3510126593e+02 3.1512933644e+06
3.3538230238e+02 3.1548433757e+06
3.3540960768e+02 3.1582968435e+06
3.3542952534e+02 3.1642408912e+06
3.3544617635e+02 3.1651175788e+06
3.3550276637e+02 3.1710320303e+06
3.3549684599e+02 3.1728038485e+06
3.3550793700e+02 3.1773901541e+06
3.3551492211e+02 3.1812371111e+06
3.3552206853e+02 3.1831314895e+06
3.3555436588e+02 3.1876031984e+06
3.3560424197e+02 3.1921554030e+06
3.3552377276e+02 3.1935479647e+06
3.3560616722e+02 3.1985701849e+06
3.3558517239e+02 3.2010182166e+06
3.3607954071e+02 3.2048927804e+06
3.3568047482e+02 3.2098964215e+06
3.3566537905e+02 3.2126537988e+06
3.3571182657e+02 3.2175885212e+06
3.3572457612e+02 3.2217719383e+06
3.3573293952e+02 3.2235435611e+06
3.3617569203e+02 3.2258851513e+06
3.3577029834e+02 3.2293654692e+06
3.3578845875e+02 3.2345262332e+06
3.3583449393e+02 3.2393362478e+06
3.3578922250e+02 3.2425251510e+06
3.3583756060e+02 3.2438612412e+06
3.3586204259e+02 3.2477994574e+06
3.3591969531e+02 3.2536280188e+06
3.3591636025e+02 3.2574569055e+06
3.3577615948e+02 3.2603254807e+06
3.3594136279e+02 3.2634354343e+06
3.3596267950e+02 3.2686021328e+06
3.3599345377e+02 3.2705802993e+06
3.3578460676e+02 3.2738760502e+06
3.3601547730e+02 3.2764249550e+06
3.3602403697e+02 3.2799167114e+06
3.3612472189e+02 3.2851779856e+06
3.3606233879e+02 3.2880280643e+06
3.3580951657e+02 3.2918345911e+06
3.3614226927e+02 3.2948644071e+06
3.3613327858e+02 3.2976505734e+06
3.3584412007e+02 3.3073001813e+06
3.3615390249e+02 3.3093982961e+06
3.3619296118e+02 3.3135108171e+06
3.3620934373e+02 3.3164533334e+06
3.3623880912e+02 3.3205118019e+06
3.3589444729e+02 3.3256634704e+06
3.3638072856e+02 3.3285469162e+06
3.3629821354e+02 3.3301727450e+06
3.3632351373e+02 3.3369894818e+06
3.3632212057e+02 3.3384201873e+06
3.3595738229e+02 3.3428354463e+06
3.3641239940e+02 3.3459632852e+06
3.3639474690e+02 3.3508262169e+06
3.3641860794e+02 3.3538193470e+06
3.3641182480e+02 3.3551912924e+06
3.3603553921e+02 3.3617909284e+06
3.3647000217e+02 3.3657730371e+06
3.3646603035e+02 3.3667544019e+06
3.3650157411e+02 3.3709818491e+06
3.3651854839e+02 3.3753064537e+06
3.3641646130e+02 3.3794133139e+06
3.3613206992e+02 3.3805403898e+06
3.3646778277e+02 3.3855814360e+06
3.3658684687e+02 3.3908589149e+06
3.3653760749e+02 3.3919534436e+06
3.3661792313e+02 3.3971310566e+06
3.3623902373e+02 3.4001948674e+06
3.3660341797e+02 3.4037434228e+06
3.3667820989e+02 3.4066958975e+06
3.3670065248e+02 3.4099639974e+06
3.3651341186e+02 3.4159930683e+06
3.3664834768e+02 3.4168644595e+06
3.3635769486e+02 3.4204321558e+06
3.3676154636e+02 3.4254421797e+06
3.3680361579e+02 3.4284820093e+06
3.3656237787e+02 3.4310390059e+06
3.3655583765e+02 3.4357216454e+06
3.3630533360e+02 3.4403178177e+06
3.3646267926e+02 3.4439204915e+06
3.3644669140e+02 3.4459833924e+06
3.3650872740e+02 3.4517763517e+06
3.3657541802e+02 3.4521194545e+06
3.3653949839e+02 3.4561022727e+06
3.3653304626e+02 3.4624552432e+06
3.3626616569e+02 3.4641202802e+06
3.3664898387e+02 3.4699881856e+06
3.3652881006e+02 3.4716369841e+06
3.3654905148e+02 3.4754850629e+06
3.3656735841e+02 3.4776001965e+06
3.3634448510e+02 3.4812527553e+06
3.3622911145e+02 3.4858950312e+06
3.3646930347e+02 3.4900794783e+06
3.3680871858e+02 3.4917522814e+06
3.3665274032e+02 3.4986740597e+06
3.3632370367e+02 3.4992376610e+06
3.3642111033e+02 3.5050890286e+06
3.3655867449e+02 3.5063762957e+06
3.3625677700e+02 3.5126869011e+06
3.3642366376e+02 3.5151767649e+06
3.3634431680e+02 3.5170577287e+06
3.3658687975e+02 3.5229236601e+06
3.3650896557e+02 3.5263889475e+06
3.3647661305e+02 3.5300248496e+06
3.3660552214e+02 3.5343819645e+06
3.3630049272e+02 3.5353385485e+06
3.3656291135e+02 3.5397354823e+06
3.3655403120e+02 3.5452096314e+06
3.3665765139e+02 3.5460362336e+06
3.3650198583e+02 3.5513816983e+06
3.3641374429e+02 3.5551146378e+06
3.3674411806e+02 3.5576658188e+06
3.3666981877e+02 3.5604329477e+06
3.3644277969e+02 3.5658302908e+06
3.3663640203e+02 3.5670627023e+06
3.3645023411e+02 3.5708317910e+06
3.3618303858e+02 3.5777436513e+06
3.3612635515e+02 3.5781342544e+06
3.3677389731e+02 3.5829068758e+06
3.3654118250e+02 3.5885099646e+06
3.3662446864e+02 3.5917748334e+06
3.3648259778e+02 3.5955139975e+06
3.3693960077e+02 3.5993638954e+06
3.3701080662e+02 3.6014900113e+06
3.3678002139e+02 3.6046124248e+06
3.3682657635e+02 3.6090473832e+06
3.3649613649e+02 3.6115309727e+06
3.3678082096e+02 3.6231510656e+06
3.3718390999e+02 3.6281187430e+06
3.3695612598e+02 3.6284948513e+06
3.3661296122e+02 3.6348527349e+06
3.3744972242e+02 3.6387970508e+06
3.3722498887e+02 3.6412574370e+06
3.3659868539e+02 3.6455391526e+06
3.3643750415e+02 3.6487876346e+06
3.3703677671e+02 3.6520079756e+06
3.3740730539e+02 3.6540106436e+06
3.3772352041e+02 3.6573962444e+06
3.3712894680e+02 3.6627912992e+06
3.3701906322e+02 3.6660923202e+06
3.3756844836e+02 3.6687028554e+06
3.3721005072e+02 3.6725282056e+06
3.3722027575e+02 3.6779646818e+06
3.3736472014e+02 3.6790020790e+06
3.3772690947e+02 3.6836658515e+06
3.3729941696e+02 3.6874451123e+06
3.3751986010e+02 3.6901714713e+06
3.3777162342e+02 3.6958271280e+06
3.3787825186e+02 3.6994438735e+06
3.3737994535e+02 3.7009729794e+06
3.3744710438e+02 3.7088223237e+06
3.3801768715e+02 3.7130828320e+06
3.3774395387e+02 3.7159171507e+06
3.3751907587e+02 3.7208086660e+06
3.3783611561e+02 3.7247657809e+06
3.3757995086e+02 3.7268010582e+06
3.3760016366e+02 3.7326738561e+06
3.3764682651e+02 3.7373228014e+06
3.3770718583e+02 3.7412705097e+06
3.3801035248e+02 3.7441710794e+06
3.3773383545e+02 3.7489376241e+06
3.3777362260e+02 3.7504152372e+06
3.3809546913e+02 3.7550793405e+06
3.3790738457e+02 3.7597083469e+06
3.3815195207e+02 3.7612419672e+06
3.3804214849e+02 3.7647136360e+06
3.3825131638e+02 3.7692619997e+06
3.3832920555e+02 3.7752517678e+06
3.3831075118e+02 3.7770839559e+06
3.3838366346e+02 3.7820159965e+06
3.3844446831e+02 3.7834129571e+06
3.3793613762e+02 3.7877273316e+06
3.3805881942e+02 3.8023922253e+06
3.3858353471e+02 3.8210469642e+06
3.3864513341e+02 3.8274603274e+06
3.3822657462e+02 3.8316807714e+06
3.3832721599e+02 3.8439269643e+06
3.3846150026e+02 3.8668520306e+06
3.3857388921e+02 3.8760964669e+06
3.3853506240e+02 3.8761009996e+06
3.3879203005e+02 3.8810412444e+06
3.3864155258e+02 3.8945501143e+06
3.3868868872e+02 3.9000909306e+06
3.3887305195e+02 3.9077201061e+06
3.3877537545e+02 3.9151719802e+06
3.3879788309e+02 3.9161191797e+06
3.3889615102e+02 3.9216677637e+06
3.3886776832e+02 3.9236764842e+06
3.3886961273e+02 3.9284690570e+06
3.3892356158e+02 3.9335332991e+06
}