Pressao_entrada 3776320
Pressao_saida 101300.0
Velocidade_angular 1083.84946425
Temperatura 339.897735597


Ri 0.0875
Rg 0.0979
Rm 0.1035
Ro 0.1095
h 6e-06
hg 5e-06
beta1 2.29
beta2 1
N 10

n_r_1 25
n_r_2 25
n_r_3 25
n_t_1 20
n_t_2 20
n_t_3 20
n_t_4 20
n_t_5 20
n_z_h 10
n_z_hg 10

nCells 9.5000000000e+04
minVol 2.3535439975e-03
maxVol 4.6730311376e-02
totVol 9.8682146577e+02

min_U 0.0000000000e+00
max_U 3.6786911880e+02
min_Rho 9.6134814383e-01
max_Rho 3.5458865290e+01
min_P 1.0130000000e+05
max_P 3.8660366584e+06
min_T 2.8836704748e+02
max_T 3.3982605653e+02
Force 3.6792485277e+03
Shear 7.4519695641e+03
Inlet_Flow -2.6442616982e-04
Outlet_Flow 2.6460326701e-04
Sum_Flow 1.7709719714e-07
Perc_flow 1.5633891114e+00

T_crit 268.689772837
P_crit 11643294.8516
satSize 197
composition methane_0.723481/ethane_0.113896/n-propane_0.088029/isobutane_0.014036/n-butane_0.029276/isopentane_0.006316/n-pentane_0.007820/n-hexane_0.003409/n-heptane_0.001303/n-octane_0.000201/n-nonane_0.000000/n-decane_0.000000/nitrogen_0.009625/co2_0.002607


SaturationCurve
{
2.5144509337e+02 1.0130000000e+05
2.6367745925e+02 2.2954438724e+05
2.7100631821e+02 3.5778877448e+05
2.7637323903e+02 4.8603316172e+05
2.8065279855e+02 6.1427754896e+05
2.8423137360e+02 7.4252193620e+05
2.8731524077e+02 8.7076632344e+05
2.9002813149e+02 9.9901071068e+05
2.9245051598e+02 1.1272550979e+06
2.9463794198e+02 1.2554994852e+06
2.9663053466e+02 1.3837438724e+06
2.9845832663e+02 1.5119882596e+06
3.0014444480e+02 1.6402326469e+06
3.0170711682e+02 1.7684770341e+06
3.0316098906e+02 1.8967214214e+06
3.0451802365e+02 2.0249658086e+06
3.0578812747e+02 2.1532101958e+06
3.0697960450e+02 2.2814545831e+06
3.0809948856e+02 2.4096989703e+06
3.0915379258e+02 2.5379433576e+06
3.1014769876e+02 2.6661877448e+06
3.1108570563e+02 2.7944321320e+06
3.1197174339e+02 2.9226765193e+06
3.1280926549e+02 3.0509209065e+06
3.1360132207e+02 3.1791652938e+06
3.1435061946e+02 3.3074096810e+06
3.1505956885e+02 3.4356540682e+06
3.1573032634e+02 3.5638984555e+06
3.1636482628e+02 3.6921428427e+06
3.1696480905e+02 3.8203872299e+06
3.1753184447e+02 3.9486316172e+06
3.1806735159e+02 4.0768760044e+06
3.1857261552e+02 4.2051203917e+06
3.1904880181e+02 4.3333647789e+06
3.1949696878e+02 4.4616091661e+06
3.1991807811e+02 4.5898535534e+06
3.2031300405e+02 4.7180979406e+06
3.2068254135e+02 4.8463423279e+06
3.2102741215e+02 4.9745867151e+06
3.2134827198e+02 5.1028311023e+06
3.2164571499e+02 5.2310754896e+06
3.2192027850e+02 5.3593198768e+06
3.2217244695e+02 5.4875642641e+06
3.2240265534e+02 5.6158086513e+06
3.2261129223e+02 5.7440530385e+06
3.2279870227e+02 5.8722974258e+06
3.2296518842e+02 6.0005418130e+06
3.2311101382e+02 6.1287862003e+06
3.2323640330e+02 6.2570305875e+06
3.2334154470e+02 6.3852749747e+06
3.2342658979e+02 6.5135193620e+06
3.2349165507e+02 6.6417637492e+06
3.2353682219e+02 6.7700081365e+06
3.2356213821e+02 6.8982525237e+06
3.2356761558e+02 7.0264969109e+06
3.2355323186e+02 7.1547412982e+06
3.2351892923e+02 7.2829856854e+06
3.2346461362e+02 7.4112300727e+06
3.2339015370e+02 7.5394744599e+06
3.2329537943e+02 7.6677188471e+06
3.2318008032e+02 7.7959632344e+06
3.2304400330e+02 7.9242076216e+06
3.2288685019e+02 8.0524520089e+06
3.2270827462e+02 8.1806963961e+06
3.2250787847e+02 8.3089407833e+06
3.2228520763e+02 8.4371851706e+06
3.2203974703e+02 8.5654295578e+06
3.2177091473e+02 8.6936739451e+06
3.2147805508e+02 8.8219183323e+06
3.2116043055e+02 8.9501627195e+06
3.2081721208e+02 9.0784071068e+06
3.2044746764e+02 9.2066514940e+06
3.2005014849e+02 9.3348958813e+06
3.1962407278e+02 9.4631402685e+06
3.1916790558e+02 9.5913846557e+06
3.1868013469e+02 9.7196290430e+06
3.1815904078e+02 9.8478734302e+06
3.1760266048e+02 9.9761178174e+06
3.1700873999e+02 1.0104362205e+07
3.1637467633e+02 1.0232606592e+07
3.1569744174e+02 1.0360850979e+07
3.1497348512e+02 1.0489095366e+07
3.1419860102e+02 1.0617339754e+07
3.1336775242e+02 1.0745584141e+07
3.1247482519e+02 1.0873828528e+07
3.1151227905e+02 1.1002072915e+07
3.1047063552e+02 1.1130317303e+07
3.0933769871e+02 1.1258561690e+07
3.0809731433e+02 1.1386806077e+07
3.0672727917e+02 1.1515050464e+07
3.0519555598e+02 1.1643294852e+07
3.0345272674e+02 1.1771539239e+07
3.0141474700e+02 1.1899783626e+07
2.9891421744e+02 1.2028028013e+07
2.9549503632e+02 1.2156272401e+07
2.9549503632e+02 1.2156272399e+07
2.9362070551e+02 1.2205181845e+07
2.9174637470e+02 1.2239775177e+07
2.8987204389e+02 1.2260560864e+07
2.8799771308e+02 1.2267963473e+07
2.8612338227e+02 1.2262348965e+07
2.8424905146e+02 1.2244045819e+07
2.8237472065e+02 1.2213362343e+07
2.8050038985e+02 1.2170600382e+07
2.7862605904e+02 1.2116065763e+07
2.7675172823e+02 1.2050076133e+07
2.7487739742e+02 1.1972968037e+07
2.7300306661e+02 1.1885109897e+07
2.7112873580e+02 1.1786961193e+07
2.6925440499e+02 1.1673413059e+07
2.6738007418e+02 1.1558693842e+07
2.6550574337e+02 1.1431825137e+07
2.6363141256e+02 1.1295623168e+07
2.6175708175e+02 1.1150823418e+07
2.5988275094e+02 1.0997885727e+07
2.5800842013e+02 1.0837232012e+07
2.5613408932e+02 1.0669276521e+07
2.5425975852e+02 1.0494433370e+07
2.5238542771e+02 1.0313119981e+07
2.5051109690e+02 1.0125759488e+07
2.4863676609e+02 9.9327827607e+06
2.4676243528e+02 9.7346299875e+06
2.4488810447e+02 9.5317515820e+06
2.4301377366e+02 9.3246082192e+06
2.4113944285e+02 9.1136697814e+06
2.3926511204e+02 8.8994132019e+06
2.3739078123e+02 8.6823193190e+06
2.3551645042e+02 8.4628690831e+06
2.3364211961e+02 8.2415395526e+06
2.3176778880e+02 8.0188001289e+06
2.2989345799e+02 7.7951093621e+06
2.2801912718e+02 7.5709124796e+06
2.2614479638e+02 7.3466396046e+06
2.2427046557e+02 7.1227045091e+06
2.2239613476e+02 6.8995037029e+06
2.2052180395e+02 6.6774156855e+06
2.1864747314e+02 6.4568002524e+06
2.1677314233e+02 6.2379978199e+06
2.1489881152e+02 6.0213287857e+06
2.1302448071e+02 5.8070929779e+06
2.1115014990e+02 5.5955692480e+06
2.0927581909e+02 5.3870152552e+06
2.0740148828e+02 5.1816674675e+06
2.0552715747e+02 4.9797413835e+06
2.0365282666e+02 4.7814319587e+06
2.0177849585e+02 4.5869142102e+06
1.9990416505e+02 4.3963439644e+06
1.9802983424e+02 4.2098587111e+06
1.9615550343e+02 4.0275785288e+06
1.9428117262e+02 3.8496070478e+06
1.9240684181e+02 3.6760324250e+06
1.9053251100e+02 3.5069283071e+06
1.8865818019e+02 3.3423547661e+06
1.8678384938e+02 3.1823591947e+06
1.8490951857e+02 3.0269771558e+06
1.8303518776e+02 2.8762331799e+06
1.8116085695e+02 2.7301415097e+06
1.7928652614e+02 2.5887067924e+06
1.7741219533e+02 2.4519247195e+06
1.7553786452e+02 2.3197826179e+06
1.7366353372e+02 2.1922599944e+06
1.7178920291e+02 2.0693290369e+06
1.6991487210e+02 1.9509550770e+06
1.6804054129e+02 1.8370970163e+06
1.6616621048e+02 1.7277077201e+06
1.6429187967e+02 1.6227343830e+06
1.6241754886e+02 1.5221188679e+06
1.6054321805e+02 1.4257980223e+06
1.5866888724e+02 1.3337039749e+06
1.5679455643e+02 1.2457644143e+06
1.5492022562e+02 1.1619028527e+06
1.5304589481e+02 1.0820388773e+06
1.5117156400e+02 1.0060883906e+06
1.4929723319e+02 9.3396384258e+05
1.4742290238e+02 8.6557445548e+05
1.4554857158e+02 8.0082644374e+05
1.4367424077e+02 7.3962323020e+05
1.4179990996e+02 6.8186566027e+05
1.3992557915e+02 6.2745221546e+05
1.3805124834e+02 5.7627922771e+05
1.3617691753e+02 5.2824109594e+05
1.3430258672e+02 4.8323050582e+05
1.3242825591e+02 4.4113865411e+05
1.3055392510e+02 4.0185547849e+05
1.2867959429e+02 3.6526989363e+05
1.2680526348e+02 3.3127003448e+05
1.2493093267e+02 2.9974350716e+05
1.2305660186e+02 2.7057764798e+05
1.2118227105e+02 2.4365979086e+05
1.1930794025e+02 2.1887754326e+05
1.1743360944e+02 1.9611907062e+05
1.1555927863e+02 1.7527338893e+05
1.1368494782e+02 1.5623066498e+05
1.1181061701e+02 1.3888252360e+05
1.0993628620e+02 1.2312236045e+05
1.0806195539e+02 1.0884565908e+05
}

T_margin 10.511437446
T_sat_margin 282.191828282
T_hull_margin 292.703265728
P_hull_margin 669431.324535

caseHull
{
3.2085443354e+02 4.1402166307e+05
3.2053524907e+02 4.1617106681e+05
3.2042469706e+02 4.2037561864e+05
3.2010455480e+02 4.2457073987e+05
3.2001569663e+02 4.2739566019e+05
3.1990779344e+02 4.2862788921e+05
3.1980584135e+02 4.3414370970e+05
3.1995308653e+02 4.3608765071e+05
3.1982095361e+02 4.3886918337e+05
3.1990794463e+02 4.4380382296e+05
3.1991647068e+02 4.4678269669e+05
3.1967261167e+02 4.4982407898e+05
3.1982755016e+02 4.5569642246e+05
3.1972315847e+02 4.6010355042e+05
3.1994185136e+02 4.6333149581e+05
3.1947122801e+02 4.6842029550e+05
3.1927770601e+02 4.7209428307e+05
3.1820427301e+02 4.7653567208e+05
3.1749828041e+02 4.8008948589e+05
3.1754036441e+02 4.8211017024e+05
2.9434009413e+02 6.2042958808e+05
2.9299801382e+02 6.2784489402e+05
2.9258096954e+02 6.4188452554e+05
2.9275817749e+02 6.5626532533e+05
2.9283052719e+02 6.6204821910e+05
2.9295859049e+02 6.6340023654e+05
2.9270326573e+02 6.6943132454e+05
2.9297094488e+02 6.7289830251e+05
2.9330564745e+02 6.9067769417e+05
2.9486232563e+02 7.0233246896e+05
2.9523915310e+02 7.0898196442e+05
2.9572202597e+02 7.1178911616e+05
3.1963045303e+02 7.7305304308e+05
3.1965467980e+02 7.7409584483e+05
3.1970265262e+02 7.7759288929e+05
3.1980367463e+02 7.8244951667e+05
3.1984945222e+02 7.8618267394e+05
3.1985706888e+02 7.8887451707e+05
3.1979607001e+02 7.9153580923e+05
3.1985323135e+02 7.9765979518e+05
3.1986883208e+02 8.0233119753e+05
3.1985768350e+02 8.0716751476e+05
3.1981811453e+02 8.0916779182e+05
3.1970945204e+02 8.1879849356e+05
3.1946919779e+02 8.2052846659e+05
3.1914946508e+02 8.2289388482e+05
3.1875685716e+02 8.2837783797e+05
3.1845718652e+02 8.3062941666e+05
3.1808512710e+02 8.3505095548e+05
3.1785851962e+02 8.3903851195e+05
3.1784978331e+02 8.4019045325e+05
3.1845882856e+02 8.4453152062e+05
3.2023116044e+02 8.7062464967e+05
3.2006703427e+02 8.7313861226e+05
3.1984830537e+02 8.7718520674e+05
3.1983369132e+02 8.7787569473e+05
3.2047664273e+02 8.8233346214e+05
3.2191191157e+02 8.9445390701e+05
3.2192755357e+02 8.9665429273e+05
3.2199213351e+02 9.0069032047e+05
3.2205938493e+02 9.0470518984e+05
3.2210041527e+02 9.0657314794e+05
3.2218350221e+02 9.1128939886e+05
3.2223038621e+02 9.1344326203e+05
3.2232122508e+02 9.1866691208e+05
3.2237615729e+02 9.2307593120e+05
3.2240648290e+02 9.2868630609e+05
3.2241538070e+02 9.3195205440e+05
3.2287495269e+02 9.3354004048e+05
3.2243073241e+02 9.3657909201e+05
3.2245677113e+02 9.4305507792e+05
3.2243045122e+02 9.4641962715e+05
3.2242777692e+02 9.5116178653e+05
3.2240970269e+02 9.5592177479e+05
3.2235992173e+02 9.6025832712e+05
3.2232678373e+02 9.6067437807e+05
3.2173208823e+02 9.6668608137e+05
3.2152791115e+02 9.7072466962e+05
3.2136781885e+02 9.7353886545e+05
3.2112647368e+02 9.7746074080e+05
3.2106722697e+02 9.8091174872e+05
3.2083056131e+02 9.8443993617e+05
3.2071568586e+02 9.8737083097e+05
3.2061861049e+02 9.8963091764e+05
3.2120055948e+02 9.9249373220e+05
3.2368842846e+02 9.9809047630e+05
3.2350488038e+02 9.9895237206e+05
3.2348355052e+02 1.0031944343e+06
3.2338938172e+02 1.0082449124e+06
3.2341543720e+02 1.0094585825e+06
3.2307567339e+02 1.0138823278e+06
3.2278557149e+02 1.0162069803e+06
3.2258780519e+02 1.0200067833e+06
3.2231361482e+02 1.0256774139e+06
3.2221843792e+02 1.0280222264e+06
3.2207846079e+02 1.0328287736e+06
3.2194934370e+02 1.0361520261e+06
3.2178921561e+02 1.0397434957e+06
3.2175565065e+02 1.0414885388e+06
3.2391344726e+02 1.0532803493e+06
3.2398771153e+02 1.0572128102e+06
3.2423628832e+02 1.0601366356e+06
3.2407329418e+02 1.0625644913e+06
3.2413608946e+02 1.0672158175e+06
3.2418081143e+02 1.0710050784e+06
3.2421730974e+02 1.0740699542e+06
3.2422083862e+02 1.0754429456e+06
3.2424048595e+02 1.0780937518e+06
3.2427009446e+02 1.0819430558e+06
3.2426697493e+02 1.0852207649e+06
3.2427681683e+02 1.0909242794e+06
3.2443094207e+02 1.0945378246e+06
3.2426981137e+02 1.0955152120e+06
3.2426714064e+02 1.1008331251e+06
3.2424720769e+02 1.1054080293e+06
3.2449210795e+02 1.1068434416e+06
3.2411745977e+02 1.1121816599e+06
3.2420890315e+02 1.1131370157e+06
3.2380389407e+02 1.1171422020e+06
3.2354408134e+02 1.1204660017e+06
3.2335404209e+02 1.1245051100e+06
3.2321076267e+02 1.1276343706e+06
3.2310320370e+02 1.1305219989e+06
3.2302211399e+02 1.1333086959e+06
3.2290432120e+02 1.1389046108e+06
3.2278038475e+02 1.1420504220e+06
3.2263320688e+02 1.1462693890e+06
3.2261123390e+02 1.1472878821e+06
3.2481314630e+02 1.1620481750e+06
3.2482786528e+02 1.1660665009e+06
3.2485486474e+02 1.1703699144e+06
3.2486470002e+02 1.1719002178e+06
3.2456328730e+02 1.1772191574e+06
3.2431819017e+02 1.1811371547e+06
3.2414135406e+02 1.1852862155e+06
3.2391349846e+02 1.1918772446e+06
3.2384297317e+02 1.1950337790e+06
3.2379409011e+02 1.1986712452e+06
3.2373772043e+02 1.2010926741e+06
3.2362595189e+02 1.2046912111e+06
3.2348758493e+02 1.2088231402e+06
3.2347349885e+02 1.2101960263e+06
3.2539528223e+02 1.2239063923e+06
3.2541467702e+02 1.2282373946e+06
3.2544629666e+02 1.2328460048e+06
3.2574227991e+02 1.2360108297e+06
3.2548792328e+02 1.2375503509e+06
3.2554000992e+02 1.2423036846e+06
3.2560352939e+02 1.2472323322e+06
3.2578493943e+02 1.2474516095e+06
3.2567695408e+02 1.2522655686e+06
3.2575999784e+02 1.2574623140e+06
3.2578869542e+02 1.2588239950e+06
3.2577830533e+02 1.2640748988e+06
3.2587452156e+02 1.2676251437e+06
3.2577108738e+02 1.2694204805e+06
3.2551843209e+02 1.2733159168e+06
3.2522954917e+02 1.2787065486e+06
3.2500476690e+02 1.2829366456e+06
3.2484496322e+02 1.2875247196e+06
3.2472928331e+02 1.2912571598e+06
3.2464694960e+02 1.2948336752e+06
3.2458673872e+02 1.2982250602e+06
3.2454083259e+02 1.3018317474e+06
3.2449425533e+02 1.3044712829e+06
3.2439533816e+02 1.3085730799e+06
3.2430295962e+02 1.3118091474e+06
3.2426524856e+02 1.3144763858e+06
3.2444865911e+02 1.3167879673e+06
3.2602642121e+02 1.3260932550e+06
3.2647087793e+02 1.3276828245e+06
3.2607289583e+02 1.3311771581e+06
3.2613001170e+02 1.3363807068e+06
3.2645881277e+02 1.3390105843e+06
3.2619797164e+02 1.3416666955e+06
3.2611911877e+02 1.3442072110e+06
3.2584776217e+02 1.3497655189e+06
3.2564546815e+02 1.3546062229e+06
3.2550343861e+02 1.3594222892e+06
3.2540376255e+02 1.3634703682e+06
3.2533474278e+02 1.3673931464e+06
3.2528530734e+02 1.3710633028e+06
3.2524517853e+02 1.3745912240e+06
3.2520554307e+02 1.3776266411e+06
3.2516239344e+02 1.3800966246e+06
3.2507326910e+02 1.3840363334e+06
3.2500917220e+02 1.3869869322e+06
3.2504335621e+02 1.3894543010e+06
3.2654612889e+02 1.3980567243e+06
3.2705858788e+02 1.4025269991e+06
3.2659648846e+02 1.4035233134e+06
3.2665771230e+02 1.4091064354e+06
3.2673065405e+02 1.4149147101e+06
3.2681288555e+02 1.4208305324e+06
3.2690459718e+02 1.4269335861e+06
3.2700379864e+02 1.4332069312e+06
3.2715197300e+02 1.4344946809e+06
3.2710775394e+02 1.4395919415e+06
3.2703951992e+02 1.4408821554e+06
3.2671726216e+02 1.4470528923e+06
3.2647069719e+02 1.4531100674e+06
3.2629178889e+02 1.4582364843e+06
3.2617053436e+02 1.4634169498e+06
3.2608961436e+02 1.4679071053e+06
3.2603449525e+02 1.4721057459e+06
3.2599500025e+02 1.4759391504e+06
3.2596210584e+02 1.4796742573e+06
3.2589044395e+02 1.4854495832e+06
3.2584981667e+02 1.4876848178e+06
3.2577753033e+02 1.4913819580e+06
3.2576234430e+02 1.4929242018e+06
3.2590238395e+02 1.4962723061e+06
3.2721354440e+02 1.5064507782e+06
3.2728969287e+02 1.5126362781e+06
3.2778382630e+02 1.5143161130e+06
3.2737601710e+02 1.5190525983e+06
3.2754731955e+02 1.5231884952e+06
3.2747176689e+02 1.5256112500e+06
3.2725060353e+02 1.5295390946e+06
3.2757516678e+02 1.5323247043e+06
3.2703158614e+02 1.5358707907e+06
3.2687939962e+02 1.5414810772e+06
3.2678117063e+02 1.5469651927e+06
3.2671878130e+02 1.5517164793e+06
3.2667854717e+02 1.5562654396e+06
3.2664975424e+02 1.5603435824e+06
3.2662297294e+02 1.5640974893e+06
3.2659440376e+02 1.5673956357e+06
3.2656156266e+02 1.5703560197e+06
3.2649098806e+02 1.5749395817e+06
3.2646041172e+02 1.5782775252e+06
3.2648428949e+02 1.5796653280e+06
3.2676861762e+02 1.5825051038e+06
3.2769857798e+02 1.5888255591e+06
3.2777754437e+02 1.5955029398e+06
3.2786715845e+02 1.6023725960e+06
3.2796659375e+02 1.6093931752e+06
3.2844120957e+02 1.6120361476e+06
3.2807423629e+02 1.6165908805e+06
3.2845257905e+02 1.6191713111e+06
3.2841904080e+02 1.6223771460e+06
3.2818785832e+02 1.6239243589e+06
3.2807910154e+02 1.6300894027e+06
3.2817340286e+02 1.6320769152e+06
3.2781563368e+02 1.6368879814e+06
3.2763039146e+02 1.6437220269e+06
3.2803069060e+02 1.6468131504e+06
3.2750849894e+02 1.6497045000e+06
3.2743517747e+02 1.6555303394e+06
3.2739165514e+02 1.6605917282e+06
3.2736534142e+02 1.6654129659e+06
3.2734571934e+02 1.6696417205e+06
3.2732632515e+02 1.6736973145e+06
3.2730159124e+02 1.6770483252e+06
3.2727248437e+02 1.6801559245e+06
3.2721267133e+02 1.6849741857e+06
3.2719749309e+02 1.6868272882e+06
3.2724465255e+02 1.6898714326e+06
3.2772520142e+02 1.6930833621e+06
3.2830290634e+02 1.6981923677e+06
3.2839449415e+02 1.7055451646e+06
3.2849641208e+02 1.7130327044e+06
3.2882295835e+02 1.7159601227e+06
3.2908605473e+02 1.7179867262e+06
3.2860710381e+02 1.7207088122e+06
3.2856340539e+02 1.7252913052e+06
3.2858072904e+02 1.7306607936e+06
3.2834102616e+02 1.7324890098e+06
3.2853631269e+02 1.7360847154e+06
3.2819457710e+02 1.7397557471e+06
3.2851159265e+02 1.7421616798e+06
3.2810574985e+02 1.7460881079e+06
3.2850308821e+02 1.7482673379e+06
3.2805839098e+02 1.7523116198e+06
3.2803451154e+02 1.7576625162e+06
3.2802182972e+02 1.7628116927e+06
3.2801044749e+02 1.7672237745e+06
3.2799564191e+02 1.7714050679e+06
3.2797420942e+02 1.7748950396e+06
3.2794854835e+02 1.7781787426e+06
3.2792159011e+02 1.7808187970e+06
3.2790020145e+02 1.7851656070e+06
3.2792495634e+02 1.7869070561e+06
3.2819081027e+02 1.7905488773e+06
3.2885625439e+02 1.7988061945e+06
3.2895899392e+02 1.8068248464e+06
3.2976054844e+02 1.8102112019e+06
3.2969437297e+02 1.8122418577e+06
3.2907227929e+02 1.8150750435e+06
3.2948003232e+02 1.8187426969e+06
3.2919379084e+02 1.8234713146e+06
3.2926496505e+02 1.8291187400e+06
3.2932156936e+02 1.8320658471e+06
3.2918614452e+02 1.8351429323e+06
3.2907452131e+02 1.8383523861e+06
3.2889995440e+02 1.8460035601e+06
3.2879674287e+02 1.8537860089e+06
3.2874175213e+02 1.8604798773e+06
3.2872022992e+02 1.8670925816e+06
3.2871268933e+02 1.8726428430e+06
3.2871129511e+02 1.8781049153e+06
3.2870580993e+02 1.8826566499e+06
3.2913774793e+02 1.8837371379e+06
3.2869497232e+02 1.8870867031e+06
3.2867570014e+02 1.8906528218e+06
3.2863342776e+02 1.8967037328e+06
3.2862642221e+02 1.8991880973e+06
3.2864123602e+02 1.9011666910e+06
3.2876007694e+02 1.9043983126e+06
3.2915638147e+02 1.9075186469e+06
3.2945397009e+02 1.9166664713e+06
3.2956559536e+02 1.9254006150e+06
3.2968702968e+02 1.9342800299e+06
3.2973259281e+02 1.9402479071e+06
3.2981678219e+02 1.9433635639e+06
3.2966853837e+02 1.9472765503e+06
3.2961060885e+02 1.9501171152e+06
3.2962184920e+02 1.9541807884e+06
3.2949150439e+02 1.9582468693e+06
3.2959739675e+02 1.9617895511e+06
3.2943437988e+02 1.9665770147e+06
3.2959068158e+02 1.9693648940e+06
3.2941346091e+02 1.9736133515e+06
3.2960436651e+02 1.9774670849e+06
3.2941564582e+02 1.9806936451e+06
3.2942279518e+02 1.9865389636e+06
3.2942945190e+02 1.9923360645e+06
3.2967811494e+02 1.9941628592e+06
3.2942689352e+02 1.9970084556e+06
3.2941730732e+02 2.0016020186e+06
3.2939979726e+02 2.0052104136e+06
3.2938345548e+02 2.0087088711e+06
3.2937464434e+02 2.0114212036e+06
3.2941955141e+02 2.0159731233e+06
3.2948312903e+02 2.0178151658e+06
3.2984953682e+02 2.0215956728e+06
3.3001232273e+02 2.0303782652e+06
3.3013092158e+02 2.0399847564e+06
3.3057028910e+02 2.0443919064e+06
3.3026089895e+02 2.0498680876e+06
3.3026422091e+02 2.0586524385e+06
3.3039968485e+02 2.0599471601e+06
3.3013978720e+02 2.0688454070e+06
3.3054520905e+02 2.0702949769e+06
3.3024761055e+02 2.0748658420e+06
3.3007696580e+02 2.0774401477e+06
3.3021369077e+02 2.0829972658e+06
3.3006315440e+02 2.0863710839e+06
3.3007100751e+02 2.0937214680e+06
3.3020731093e+02 2.1003653171e+06
3.3009150546e+02 2.1012567237e+06
3.3010696902e+02 2.1072601650e+06
3.3023362813e+02 2.1094527341e+06
3.3011740447e+02 2.1133698011e+06
3.3011487419e+02 2.1181225864e+06
3.3010622202e+02 2.1228923471e+06
3.3009254865e+02 2.1265082692e+06
3.3008621854e+02 2.1300455145e+06
3.3009430923e+02 2.1327067198e+06
3.3012791013e+02 2.1352466702e+06
3.3027643524e+02 2.1390115395e+06
3.3067797651e+02 2.1427688097e+06
3.3049380164e+02 2.1475273254e+06
3.3059844932e+02 2.1575569479e+06
3.3071721794e+02 2.1678541808e+06
3.3123911985e+02 2.1717430174e+06
3.3084769819e+02 2.1783179523e+06
3.3098165736e+02 2.1856241038e+06
3.3098847221e+02 2.1890311347e+06
3.3090043223e+02 2.1942594364e+06
3.3113680150e+02 2.1999165464e+06
3.3086936934e+02 2.2034748166e+06
3.3084969709e+02 2.2052939309e+06
3.3129029651e+02 2.2110383604e+06
3.3084180316e+02 2.2126735210e+06
3.3083589307e+02 2.2224034465e+06
3.3089579982e+02 2.2316561172e+06
3.3084878062e+02 2.2321726004e+06
3.3092719073e+02 2.2397230316e+06
3.3088256247e+02 2.2423707820e+06
3.3094435783e+02 2.2458968392e+06
3.3095390534e+02 2.2523642774e+06
3.3093266403e+02 2.2527035770e+06
3.3094932065e+02 2.2571099930e+06
3.3094355712e+02 2.2620225199e+06
3.3093904784e+02 2.2655104581e+06
3.3095138841e+02 2.2690679583e+06
3.3098049782e+02 2.2715806518e+06
3.3103869530e+02 2.2740734944e+06
3.3124097266e+02 2.2776801715e+06
3.3151287468e+02 2.2804115439e+06
3.3118170431e+02 2.2856623146e+06
3.3155527305e+02 2.2882234210e+06
3.3129824109e+02 2.2972409745e+06
3.3144749159e+02 2.3013932508e+06
3.3187315330e+02 2.3052631350e+06
3.3143003869e+02 2.3092249662e+06
3.3140454685e+02 2.3122521019e+06
3.3157477532e+02 2.3215269776e+06
3.3141786642e+02 2.3241206372e+06
3.3145071814e+02 2.3336205363e+06
3.3149927675e+02 2.3439205117e+06
3.3189598156e+02 2.3473521690e+06
3.3153708591e+02 2.3518301502e+06
3.3156223761e+02 2.3549461866e+06
3.3156987295e+02 2.3603992667e+06
3.3155456399e+02 2.3655873429e+06
3.3159029923e+02 2.3734183811e+06
3.3156545734e+02 2.3762703903e+06
3.3158683745e+02 2.3780902679e+06
3.3159132463e+02 2.3830978341e+06
3.3159662677e+02 2.3873076881e+06
3.3164619074e+02 2.3898924822e+06
3.3170735484e+02 2.3921748029e+06
3.3179932300e+02 2.3945205644e+06
3.3164614835e+02 2.3984765309e+06
3.3170907371e+02 2.4099803141e+06
3.3178851007e+02 2.4216718361e+06
3.3188542084e+02 2.4336933312e+06
3.3199811651e+02 2.4459293884e+06
3.3247331416e+02 2.4530793641e+06
3.3212595668e+02 2.4585002102e+06
3.3238882137e+02 2.4658580278e+06
3.3251152297e+02 2.4680759238e+06
3.3226669551e+02 2.4712814741e+06
3.3238568495e+02 2.4804782315e+06
3.3241893055e+02 2.4844034068e+06
3.3239784701e+02 2.4902460719e+06
3.3241606329e+02 2.4919567465e+06
3.3257981055e+02 2.4976752685e+06
3.3236535306e+02 2.5016630673e+06
3.3247822212e+02 2.5049620163e+06
3.3274732250e+02 2.5113158777e+06
3.3235203806e+02 2.5135481941e+06
3.3265907188e+02 2.5218486191e+06
3.3232557493e+02 2.5260304736e+06
3.3262132235e+02 2.5339398016e+06
3.3232830150e+02 2.5364113452e+06
3.3264758301e+02 2.5430992066e+06
3.3241875688e+02 2.5476371114e+06
3.3242624931e+02 2.5511738967e+06
3.3248958041e+02 2.5540801321e+06
3.3255427752e+02 2.5603797868e+06
3.3249052299e+02 2.5646759519e+06
3.3264901614e+02 2.5703936502e+06
3.3281047882e+02 2.5712909981e+06
3.3271113793e+02 2.5743202461e+06
3.3256832370e+02 2.5786126251e+06
3.3290975168e+02 2.5826053048e+06
3.3283199840e+02 2.5885595273e+06
3.3266509553e+02 2.5932617383e+06
3.3288546901e+02 2.5950162045e+06
3.3277282586e+02 2.6000900823e+06
3.3299741425e+02 2.6040517328e+06
3.3278064754e+02 2.6084404902e+06
3.3283871338e+02 2.6110849015e+06
3.3269871175e+02 2.6125613552e+06
3.3299389814e+02 2.6177019170e+06
3.3268714082e+02 2.6222741835e+06
3.3289818392e+02 2.6231600897e+06
3.3270085030e+02 2.6285734785e+06
3.3285422320e+02 2.6316084924e+06
3.3281877923e+02 2.6355462326e+06
3.3304314665e+02 2.6361536727e+06
3.3275684629e+02 2.6418412572e+06
3.3295569231e+02 2.6498248344e+06
3.3274325614e+02 2.6526367253e+06
3.3269895001e+02 2.6560818989e+06
3.3284849923e+02 2.6569564506e+06
3.3326079404e+02 2.6637374197e+06
3.3300516779e+02 2.6655878886e+06
3.3274334036e+02 2.6704976158e+06
3.3295047862e+02 2.6712580413e+06
3.3279129070e+02 2.6769890612e+06
3.3322541701e+02 2.6808475049e+06
3.3300861545e+02 2.6823278558e+06
3.3305133951e+02 2.6859115336e+06
3.3286929436e+02 2.6893259910e+06
3.3304088103e+02 2.6940224120e+06
3.3295697987e+02 2.6983050858e+06
3.3315250679e+02 2.7014420488e+06
3.3322905781e+02 2.7026595326e+06
3.3292072086e+02 2.7081534725e+06
3.3304382604e+02 2.7088227289e+06
3.3308350542e+02 2.7140058826e+06
3.3286499346e+02 2.7179253720e+06
3.3315279154e+02 2.7201879889e+06
3.3312959400e+02 2.7242120836e+06
3.3321911907e+02 2.7286923840e+06
3.3318518481e+02 2.7323703597e+06
3.3333579074e+02 2.7357383112e+06
3.3329639166e+02 2.7367391291e+06
3.3331495206e+02 2.7428138443e+06
3.3308545774e+02 2.7445070456e+06
3.3311499859e+02 2.7488704092e+06
3.3326208115e+02 2.7510497966e+06
3.3352291098e+02 2.7563563250e+06
3.3307447671e+02 2.7595914764e+06
3.3319182250e+02 2.7632539425e+06
3.3321231149e+02 2.7672279976e+06
3.3318740960e+02 2.7701736321e+06
3.3307074978e+02 2.7738361635e+06
3.3331289349e+02 2.7768047770e+06
3.3314935960e+02 2.7806463626e+06
3.3314678110e+02 2.7833323991e+06
3.3321450693e+02 2.7848514209e+06
3.3332596636e+02 2.7908489238e+06
3.3301182131e+02 2.7937852355e+06
3.3310592057e+02 2.7980811950e+06
3.3336512793e+02 2.7995624541e+06
3.3333313620e+02 2.8034136505e+06
3.3329387958e+02 2.8062888453e+06
3.3341577530e+02 2.8119084839e+06
3.3344989818e+02 2.8150376345e+06
3.3361482385e+02 2.8170733603e+06
3.3328958173e+02 2.8199271081e+06
3.3351751398e+02 2.8232023559e+06
3.3352170771e+02 2.8278695273e+06
3.3356315255e+02 2.8316622561e+06
3.3338807982e+02 2.8362029914e+06
3.3357025026e+02 2.8384460330e+06
3.3365126635e+02 2.8420439342e+06
3.3366267165e+02 2.8444363891e+06
3.3348098052e+02 2.8500503471e+06
3.3368728638e+02 2.8533063703e+06
3.3374263624e+02 2.8562879371e+06
3.3367346509e+02 2.8599241655e+06
3.3378238503e+02 2.8635902536e+06
3.3373812503e+02 2.8651060443e+06
3.3358825019e+02 2.8698423412e+06
3.3372310391e+02 2.8717495406e+06
3.3378914026e+02 2.8777100698e+06
3.3363575709e+02 2.8808990910e+06
3.3392278967e+02 2.8820658901e+06
3.3384706613e+02 2.8874849365e+06
3.3385933881e+02 2.8914437061e+06
3.3383415798e+02 2.8939835598e+06
3.3373864558e+02 2.8957953023e+06
3.3376792587e+02 2.9004778595e+06
3.3398650515e+02 2.9024044078e+06
3.3388281616e+02 2.9061345651e+06
3.3399682027e+02 2.9094257333e+06
3.3395139065e+02 2.9135082765e+06
3.3401706999e+02 2.9174330163e+06
3.3387719834e+02 2.9201889553e+06
3.3401571947e+02 2.9242397825e+06
3.3409004326e+02 2.9277875225e+06
3.3392712185e+02 2.9300173886e+06
3.3405520079e+02 2.9361300340e+06
3.3406606970e+02 2.9386054839e+06
3.3405483267e+02 2.9425748700e+06
3.3413849616e+02 2.9437045723e+06
3.3403258488e+02 2.9490952159e+06
3.3413454891e+02 2.9520985087e+06
3.3419465210e+02 2.9544077565e+06
3.3409089801e+02 2.9600833830e+06
3.3417176084e+02 2.9635479503e+06
3.3420828406e+02 2.9650252127e+06
3.3427305304e+02 2.9679167234e+06
3.3421424118e+02 2.9715070028e+06
3.3423583865e+02 2.9759740502e+06
3.3420578473e+02 2.9802372652e+06
3.3423969727e+02 2.9822794059e+06
3.3429409066e+02 2.9854614846e+06
3.3426786556e+02 2.9914725387e+06
3.3438442895e+02 2.9930183550e+06
3.3440323418e+02 2.9959772350e+06
3.3434366691e+02 2.9992791065e+06
3.3440542282e+02 3.0045223884e+06
3.3443001040e+02 3.0072760466e+06
3.3439204120e+02 3.0101685126e+06
3.3439825014e+02 3.0138633621e+06
3.3443949216e+02 3.0193980142e+06
3.3444069061e+02 3.0222171921e+06
3.3445414114e+02 3.0241368252e+06
3.3444514707e+02 3.0285238769e+06
3.3450619286e+02 3.0317813233e+06
3.3457390713e+02 3.0356906512e+06
3.3453834663e+02 3.0398642275e+06
3.3455660804e+02 3.0438199867e+06
3.3466366792e+02 3.0443381606e+06
3.3466541595e+02 3.0506085402e+06
3.3460891414e+02 3.0508238737e+06
3.3461181757e+02 3.0543122946e+06
3.3472298471e+02 3.0593854003e+06
3.3473233377e+02 3.0640991755e+06
3.3468264048e+02 3.0651482424e+06
3.3469168679e+02 3.0707451132e+06
3.3476860788e+02 3.0745950120e+06
3.3472081916e+02 3.0754891229e+06
3.3467204586e+02 3.0802014233e+06
3.3469018869e+02 3.0833068670e+06
3.3472016839e+02 3.0876101590e+06
3.3482941467e+02 3.0918491799e+06
3.3469820236e+02 3.0937309407e+06
3.3483470153e+02 3.0966932802e+06
3.3492505144e+02 3.0999949335e+06
3.3493962059e+02 3.1034004154e+06
3.3489503256e+02 3.1072851244e+06
3.3490752103e+02 3.1107297429e+06
3.3502316751e+02 3.1154182900e+06
3.3493834649e+02 3.1173429934e+06
3.3501172153e+02 3.1211850955e+06
3.3506566988e+02 3.1242072152e+06
3.3499337609e+02 3.1277893650e+06
3.3515156775e+02 3.1307701758e+06
3.3513386516e+02 3.1355808320e+06
3.3501675923e+02 3.1385154690e+06
3.3517526411e+02 3.1425366188e+06
3.3500855892e+02 3.1464172219e+06
3.3511098386e+02 3.1480475406e+06
3.3518878049e+02 3.1512162223e+06
3.3511137661e+02 3.1568441740e+06
3.3510352877e+02 3.1595222673e+06
3.3522901943e+02 3.1641374154e+06
3.3518414285e+02 3.1664484784e+06
3.3521339186e+02 3.1682486282e+06
3.3533555186e+02 3.1736120086e+06
3.3528314422e+02 3.1784691544e+06
3.3531474865e+02 3.1789955494e+06
3.3537953522e+02 3.1824394740e+06
3.3532856495e+02 3.1878663682e+06
3.3538239931e+02 3.1890687503e+06
3.3537746392e+02 3.1932302246e+06
3.3537637926e+02 3.1978498730e+06
3.3546648200e+02 3.2008857467e+06
3.3551054975e+02 3.2047243819e+06
3.3535530596e+02 3.2076376951e+06
3.3550659595e+02 3.2111879269e+06
3.3552509933e+02 3.2134612787e+06
3.3531408873e+02 3.2171559002e+06
3.3554243688e+02 3.2201164255e+06
3.3554538402e+02 3.2246847116e+06
3.3554703454e+02 3.2271052498e+06
3.3562635449e+02 3.2328758366e+06
3.3532513773e+02 3.2364706156e+06
3.3562622968e+02 3.2382398380e+06
3.3566021451e+02 3.2415400196e+06
3.3566202054e+02 3.2455086204e+06
3.3535036516e+02 3.2487406711e+06
3.3574794479e+02 3.2544332528e+06
3.3571499086e+02 3.2547258913e+06
3.3572157756e+02 3.2587702211e+06
3.3564976687e+02 3.2618060258e+06
3.3539793606e+02 3.2678663564e+06
3.3581615367e+02 3.2716240673e+06
3.3581589786e+02 3.2739527543e+06
3.3570600501e+02 3.2753323254e+06
3.3584450491e+02 3.2792410041e+06
3.3544561019e+02 3.2822685623e+06
3.3587185705e+02 3.2875654300e+06
3.3577135246e+02 3.2898054611e+06
3.3588293010e+02 3.2935726285e+06
3.3591714488e+02 3.2988716581e+06
3.3551426844e+02 3.3013622378e+06
3.3584587997e+02 3.3048101073e+06
3.3584169047e+02 3.3078986740e+06
3.3588073654e+02 3.3125521497e+06
3.3579904558e+02 3.3162768077e+06
3.3558240039e+02 3.3174741691e+06
3.3581195053e+02 3.3230610394e+06
3.3581436490e+02 3.3238156050e+06
3.3580476829e+02 3.3287143574e+06
3.3578999824e+02 3.3316296674e+06
3.3566796558e+02 3.3367500380e+06
3.3582779925e+02 3.3399256048e+06
3.3595028447e+02 3.3418481349e+06
3.3581204293e+02 3.3461693431e+06
3.3582283318e+02 3.3502005489e+06
3.3575833226e+02 3.3543253476e+06
3.3584526388e+02 3.3552104177e+06
3.3616113460e+02 3.3597890374e+06
3.3592584480e+02 3.3626074168e+06
3.3585679595e+02 3.3658089875e+06
3.3574788698e+02 3.3705509417e+06
3.3586297446e+02 3.3739609081e+06
3.3587011127e+02 3.3770509461e+06
3.3592049057e+02 3.3823810800e+06
3.3575214088e+02 3.3854507789e+06
3.3573607636e+02 3.3890201261e+06
3.3607454838e+02 3.3894047925e+06
3.3597245013e+02 3.3928366414e+06
3.3611538867e+02 3.3965075252e+06
3.3577101540e+02 3.4010634098e+06
3.3580969262e+02 3.4057502395e+06
3.3620410240e+02 3.4077917426e+06
3.3608159153e+02 3.4129373137e+06
3.3587783134e+02 3.4154478469e+06
3.3631594688e+02 3.4174635642e+06
3.3595921755e+02 3.4208537378e+06
3.3634715441e+02 3.4247360377e+06
3.3603266905e+02 3.4283906708e+06
3.3617703569e+02 3.4316881934e+06
3.3611983512e+02 3.4342992180e+06
3.3615895466e+02 3.4397666895e+06
3.3634884964e+02 3.4413387151e+06
3.3623159481e+02 3.4460168352e+06
3.3621067069e+02 3.4497570234e+06
3.3620746363e+02 3.4519803377e+06
3.3631734149e+02 3.4561364216e+06
3.3623110440e+02 3.4602585406e+06
3.3625701607e+02 3.4651788573e+06
3.3623370319e+02 3.4659625409e+06
3.3629183342e+02 3.4711700894e+06
3.3621258252e+02 3.4747871523e+06
3.3629991594e+02 3.4758584472e+06
3.3625660256e+02 3.4800499014e+06
3.3623231243e+02 3.4833484366e+06
3.3628125644e+02 3.4863543889e+06
3.3635449540e+02 3.4925747070e+06
3.3621503596e+02 3.4964297742e+06
3.3634263360e+02 3.4966671105e+06
3.3625627049e+02 3.5012289445e+06
3.3630643200e+02 3.5043327370e+06
3.3646000443e+02 3.5080952001e+06
3.3634136234e+02 3.5103279400e+06
3.3651868918e+02 3.5140762457e+06
3.3631022191e+02 3.5192999559e+06
3.3626264667e+02 3.5217289391e+06
3.3641348560e+02 3.5257698172e+06
3.3656659743e+02 3.5304350176e+06
3.3640778820e+02 3.5330202503e+06
3.3665920544e+02 3.5353712348e+06
3.3634463929e+02 3.5403114676e+06
3.3632454196e+02 3.5441939018e+06
3.3659291222e+02 3.5454115988e+06
3.3649333666e+02 3.5489788576e+06
3.3674141053e+02 3.5536721582e+06
3.3640571496e+02 3.5580461855e+06
3.3647529181e+02 3.5609515351e+06
3.3660739991e+02 3.5650419202e+06
3.3651947416e+02 3.5672763214e+06
3.3680489340e+02 3.5719883229e+06
3.3646686994e+02 3.5725232173e+06
3.3651694690e+02 3.5768125885e+06
3.3645910543e+02 3.5802562659e+06
3.3677518739e+02 3.5828247362e+06
3.3623316441e+02 3.5897124512e+06
3.3617577818e+02 3.5899051045e+06
3.3657647141e+02 3.5951242975e+06
3.3690374505e+02 3.5977256750e+06
3.3649908119e+02 3.6025451281e+06
3.3708726923e+02 3.6045961287e+06
3.3724416856e+02 3.6086766084e+06
3.3677753311e+02 3.6135350669e+06
3.3696970428e+02 3.6143467053e+06
3.3652449776e+02 3.6188243231e+06
3.3702981353e+02 3.6232877779e+06
3.3675575869e+02 3.6265949910e+06
3.3694702814e+02 3.6304716980e+06
3.3715272243e+02 3.6335905411e+06
3.3661335921e+02 3.6390645757e+06
3.3657634710e+02 3.6492461770e+06
3.3644404765e+02 3.6536558624e+06
3.3726952646e+02 3.6621628282e+06
3.3750931479e+02 3.6641703342e+06
3.3694587702e+02 3.6674035323e+06
3.3733759854e+02 3.6703779341e+06
3.3711505523e+02 3.6730921489e+06
3.3767279400e+02 3.6764043195e+06
3.3731542002e+02 3.6810905673e+06
3.3741550763e+02 3.6830305628e+06
3.3748044487e+02 3.6892223271e+06
3.3758040398e+02 3.6902291613e+06
3.3757632336e+02 3.6938275161e+06
3.3772637598e+02 3.6978790477e+06
3.3755829478e+02 3.7008831448e+06
3.3762260746e+02 3.7045497559e+06
3.3768826454e+02 3.7092621521e+06
3.3770200675e+02 3.7153134471e+06
3.3800784873e+02 3.7181873807e+06
3.3792264772e+02 3.7226750271e+06
3.3784488024e+02 3.7256591066e+06
3.3810875065e+02 3.7284670487e+06
3.3799773102e+02 3.7318833741e+06
3.3817405965e+02 3.7369995600e+06
3.3783968474e+02 3.7384643213e+06
3.3825700216e+02 3.7418073472e+06
3.3792996255e+02 3.7520074676e+06
3.3805398362e+02 3.7754414800e+06
3.3812635963e+02 3.7865638122e+06
3.3848013949e+02 3.8027398631e+06
3.3823264429e+02 3.8060192457e+06
3.3828770144e+02 3.8140664719e+06
3.3838183531e+02 3.8306692290e+06
3.3841739965e+02 3.8348240910e+06
3.3857291346e+02 3.8359541052e+06
3.3861526811e+02 3.8440434364e+06
3.3851485471e+02 3.8485532993e+06
3.3850226974e+02 3.8493256460e+06
3.3857824964e+02 3.8546374247e+06
3.3859098495e+02 3.8614875173e+06
3.3864304782e+02 3.8660514173e+06
}