Pressao_entrada 3776320
Pressao_saida 101300.0
Velocidade_angular 1083.84946425
Temperatura 339.964066258


Ri 0.0875
Rg 0.0979
Rm 0.1035
Ro 0.1095
h 7e-06
hg 5e-06
beta1 2.29
beta2 1
N 10

n_r_1 25
n_r_2 25
n_r_3 25
n_t_1 20
n_t_2 20
n_t_3 20
n_t_4 20
n_t_5 20
n_z_h 10
n_z_hg 10

nCells 9.5000000000e+04
minVol 2.7458013305e-03
maxVol 5.4518696606e-02
totVol 1.1229770950e+03

min_U 0.0000000000e+00
max_U 3.6957490237e+02
min_Rho 9.6456419361e-01
max_Rho 3.5104373190e+01
min_P 1.0130000000e+05
max_P 3.8307977751e+06
min_T 2.8732012025e+02
max_T 3.3985382445e+02
Force 3.6537803755e+03
Shear 7.6622045966e+03
Inlet_Flow -3.6243887462e-04
Outlet_Flow 3.6127766669e-04
Sum_Flow -1.1612079314e-06
Perc_flow 1.8009710540e+00

T_crit 268.689772837
P_crit 11643294.8516
satSize 197
composition methane_0.723481/ethane_0.113896/n-propane_0.088029/isobutane_0.014036/n-butane_0.029276/isopentane_0.006316/n-pentane_0.007820/n-hexane_0.003409/n-heptane_0.001303/n-octane_0.000201/n-nonane_0.000000/n-decane_0.000000/nitrogen_0.009625/co2_0.002607


SaturationCurve
{
2.5144509337e+02 1.0130000000e+05
2.6367745925e+02 2.2954438724e+05
2.7100631821e+02 3.5778877448e+05
2.7637323903e+02 4.8603316172e+05
2.8065279855e+02 6.1427754896e+05
2.8423137360e+02 7.4252193620e+05
2.8731524077e+02 8.7076632344e+05
2.9002813149e+02 9.9901071068e+05
2.9245051598e+02 1.1272550979e+06
2.9463794198e+02 1.2554994852e+06
2.9663053466e+02 1.3837438724e+06
2.9845832663e+02 1.5119882596e+06
3.0014444480e+02 1.6402326469e+06
3.0170711682e+02 1.7684770341e+06
3.0316098906e+02 1.8967214214e+06
3.0451802365e+02 2.0249658086e+06
3.0578812747e+02 2.1532101958e+06
3.0697960450e+02 2.2814545831e+06
3.0809948856e+02 2.4096989703e+06
3.0915379258e+02 2.5379433576e+06
3.1014769876e+02 2.6661877448e+06
3.1108570563e+02 2.7944321320e+06
3.1197174339e+02 2.9226765193e+06
3.1280926549e+02 3.0509209065e+06
3.1360132207e+02 3.1791652938e+06
3.1435061946e+02 3.3074096810e+06
3.1505956885e+02 3.4356540682e+06
3.1573032634e+02 3.5638984555e+06
3.1636482628e+02 3.6921428427e+06
3.1696480905e+02 3.8203872299e+06
3.1753184447e+02 3.9486316172e+06
3.1806735159e+02 4.0768760044e+06
3.1857261552e+02 4.2051203917e+06
3.1904880181e+02 4.3333647789e+06
3.1949696878e+02 4.4616091661e+06
3.1991807811e+02 4.5898535534e+06
3.2031300405e+02 4.7180979406e+06
3.2068254135e+02 4.8463423279e+06
3.2102741215e+02 4.9745867151e+06
3.2134827198e+02 5.1028311023e+06
3.2164571499e+02 5.2310754896e+06
3.2192027850e+02 5.3593198768e+06
3.2217244695e+02 5.4875642641e+06
3.2240265534e+02 5.6158086513e+06
3.2261129223e+02 5.7440530385e+06
3.2279870227e+02 5.8722974258e+06
3.2296518842e+02 6.0005418130e+06
3.2311101382e+02 6.1287862003e+06
3.2323640330e+02 6.2570305875e+06
3.2334154470e+02 6.3852749747e+06
3.2342658979e+02 6.5135193620e+06
3.2349165507e+02 6.6417637492e+06
3.2353682219e+02 6.7700081365e+06
3.2356213821e+02 6.8982525237e+06
3.2356761558e+02 7.0264969109e+06
3.2355323186e+02 7.1547412982e+06
3.2351892923e+02 7.2829856854e+06
3.2346461362e+02 7.4112300727e+06
3.2339015370e+02 7.5394744599e+06
3.2329537943e+02 7.6677188471e+06
3.2318008032e+02 7.7959632344e+06
3.2304400330e+02 7.9242076216e+06
3.2288685019e+02 8.0524520089e+06
3.2270827462e+02 8.1806963961e+06
3.2250787847e+02 8.3089407833e+06
3.2228520763e+02 8.4371851706e+06
3.2203974703e+02 8.5654295578e+06
3.2177091473e+02 8.6936739451e+06
3.2147805508e+02 8.8219183323e+06
3.2116043055e+02 8.9501627195e+06
3.2081721208e+02 9.0784071068e+06
3.2044746764e+02 9.2066514940e+06
3.2005014849e+02 9.3348958813e+06
3.1962407278e+02 9.4631402685e+06
3.1916790558e+02 9.5913846557e+06
3.1868013469e+02 9.7196290430e+06
3.1815904078e+02 9.8478734302e+06
3.1760266048e+02 9.9761178174e+06
3.1700873999e+02 1.0104362205e+07
3.1637467633e+02 1.0232606592e+07
3.1569744174e+02 1.0360850979e+07
3.1497348512e+02 1.0489095366e+07
3.1419860102e+02 1.0617339754e+07
3.1336775242e+02 1.0745584141e+07
3.1247482519e+02 1.0873828528e+07
3.1151227905e+02 1.1002072915e+07
3.1047063552e+02 1.1130317303e+07
3.0933769871e+02 1.1258561690e+07
3.0809731433e+02 1.1386806077e+07
3.0672727917e+02 1.1515050464e+07
3.0519555598e+02 1.1643294852e+07
3.0345272674e+02 1.1771539239e+07
3.0141474700e+02 1.1899783626e+07
2.9891421744e+02 1.2028028013e+07
2.9549503632e+02 1.2156272401e+07
2.9549503632e+02 1.2156272399e+07
2.9362070551e+02 1.2205181845e+07
2.9174637470e+02 1.2239775177e+07
2.8987204389e+02 1.2260560864e+07
2.8799771308e+02 1.2267963473e+07
2.8612338227e+02 1.2262348965e+07
2.8424905146e+02 1.2244045819e+07
2.8237472065e+02 1.2213362343e+07
2.8050038985e+02 1.2170600382e+07
2.7862605904e+02 1.2116065763e+07
2.7675172823e+02 1.2050076133e+07
2.7487739742e+02 1.1972968037e+07
2.7300306661e+02 1.1885109897e+07
2.7112873580e+02 1.1786961193e+07
2.6925440499e+02 1.1673413059e+07
2.6738007418e+02 1.1558693842e+07
2.6550574337e+02 1.1431825137e+07
2.6363141256e+02 1.1295623168e+07
2.6175708175e+02 1.1150823418e+07
2.5988275094e+02 1.0997885727e+07
2.5800842013e+02 1.0837232012e+07
2.5613408932e+02 1.0669276521e+07
2.5425975852e+02 1.0494433370e+07
2.5238542771e+02 1.0313119981e+07
2.5051109690e+02 1.0125759488e+07
2.4863676609e+02 9.9327827607e+06
2.4676243528e+02 9.7346299875e+06
2.4488810447e+02 9.5317515820e+06
2.4301377366e+02 9.3246082192e+06
2.4113944285e+02 9.1136697814e+06
2.3926511204e+02 8.8994132019e+06
2.3739078123e+02 8.6823193190e+06
2.3551645042e+02 8.4628690831e+06
2.3364211961e+02 8.2415395526e+06
2.3176778880e+02 8.0188001289e+06
2.2989345799e+02 7.7951093621e+06
2.2801912718e+02 7.5709124796e+06
2.2614479638e+02 7.3466396046e+06
2.2427046557e+02 7.1227045091e+06
2.2239613476e+02 6.8995037029e+06
2.2052180395e+02 6.6774156855e+06
2.1864747314e+02 6.4568002524e+06
2.1677314233e+02 6.2379978199e+06
2.1489881152e+02 6.0213287857e+06
2.1302448071e+02 5.8070929779e+06
2.1115014990e+02 5.5955692480e+06
2.0927581909e+02 5.3870152552e+06
2.0740148828e+02 5.1816674675e+06
2.0552715747e+02 4.9797413835e+06
2.0365282666e+02 4.7814319587e+06
2.0177849585e+02 4.5869142102e+06
1.9990416505e+02 4.3963439644e+06
1.9802983424e+02 4.2098587111e+06
1.9615550343e+02 4.0275785288e+06
1.9428117262e+02 3.8496070478e+06
1.9240684181e+02 3.6760324250e+06
1.9053251100e+02 3.5069283071e+06
1.8865818019e+02 3.3423547661e+06
1.8678384938e+02 3.1823591947e+06
1.8490951857e+02 3.0269771558e+06
1.8303518776e+02 2.8762331799e+06
1.8116085695e+02 2.7301415097e+06
1.7928652614e+02 2.5887067924e+06
1.7741219533e+02 2.4519247195e+06
1.7553786452e+02 2.3197826179e+06
1.7366353372e+02 2.1922599944e+06
1.7178920291e+02 2.0693290369e+06
1.6991487210e+02 1.9509550770e+06
1.6804054129e+02 1.8370970163e+06
1.6616621048e+02 1.7277077201e+06
1.6429187967e+02 1.6227343830e+06
1.6241754886e+02 1.5221188679e+06
1.6054321805e+02 1.4257980223e+06
1.5866888724e+02 1.3337039749e+06
1.5679455643e+02 1.2457644143e+06
1.5492022562e+02 1.1619028527e+06
1.5304589481e+02 1.0820388773e+06
1.5117156400e+02 1.0060883906e+06
1.4929723319e+02 9.3396384258e+05
1.4742290238e+02 8.6557445548e+05
1.4554857158e+02 8.0082644374e+05
1.4367424077e+02 7.3962323020e+05
1.4179990996e+02 6.8186566027e+05
1.3992557915e+02 6.2745221546e+05
1.3805124834e+02 5.7627922771e+05
1.3617691753e+02 5.2824109594e+05
1.3430258672e+02 4.8323050582e+05
1.3242825591e+02 4.4113865411e+05
1.3055392510e+02 4.0185547849e+05
1.2867959429e+02 3.6526989363e+05
1.2680526348e+02 3.3127003448e+05
1.2493093267e+02 2.9974350716e+05
1.2305660186e+02 2.7057764798e+05
1.2118227105e+02 2.4365979086e+05
1.1930794025e+02 2.1887754326e+05
1.1743360944e+02 1.9611907062e+05
1.1555927863e+02 1.7527338893e+05
1.1368494782e+02 1.5623066498e+05
1.1181061701e+02 1.3888252360e+05
1.0993628620e+02 1.2312236045e+05
1.0806195539e+02 1.0884565908e+05
}

T_margin 7.06597970978
T_sat_margin 285.726954884
T_hull_margin 292.792934594
P_hull_margin 804716.542773

caseHull
{
3.2126608584e+02 4.4525808598e+05
3.1944185425e+02 4.5673986982e+05
3.1930389770e+02 4.6047222029e+05
3.1891501072e+02 4.6689738162e+05
3.1871409691e+02 4.7062199533e+05
3.1799845493e+02 4.8234627784e+05
3.1752104509e+02 4.8271033852e+05
3.1770696022e+02 4.9126466412e+05
3.1778074116e+02 4.9349353869e+05
3.1793353738e+02 4.9932491399e+05
3.1815848576e+02 5.0082136002e+05
3.1775001844e+02 5.0782961803e+05
3.1803463810e+02 5.1061957300e+05
3.1740168783e+02 5.1543345085e+05
3.1752430418e+02 5.1948960663e+05
3.1794042092e+02 5.2609997461e+05
3.1775738957e+02 5.2687167931e+05
2.9652861890e+02 6.0399310446e+05
2.9506306910e+02 6.2781444176e+05
2.9483827660e+02 6.2814348964e+05
2.9501506844e+02 6.4158389942e+05
2.9505938165e+02 6.4163713072e+05
2.9280478932e+02 6.4616231427e+05
2.9227715453e+02 6.5042190664e+05
2.9305131936e+02 6.6577397094e+05
2.9352088860e+02 6.8454869921e+05
2.9332607879e+02 6.8573579142e+05
2.9257620386e+02 6.9661977192e+05
2.9349244853e+02 6.9978729757e+05
2.9377864449e+02 7.0441864927e+05
2.9348352119e+02 7.0754042673e+05
2.9327922765e+02 7.0979522965e+05
2.9341492209e+02 7.1298549721e+05
2.9363455846e+02 7.2035203389e+05
2.9326137985e+02 7.2621027499e+05
2.9249138938e+02 7.3472031041e+05
2.9293194872e+02 7.3743600817e+05
2.9291828968e+02 7.4041483016e+05
2.9248546069e+02 7.4411911854e+05
2.9230002826e+02 7.4805878725e+05
2.9248854514e+02 7.5405729139e+05
2.9308786035e+02 7.6021682677e+05
2.9287134419e+02 7.6548824636e+05
2.9349857152e+02 7.7723491279e+05
2.9334631700e+02 7.8315123141e+05
2.9295199117e+02 7.9731497675e+05
2.9279293459e+02 8.0471654277e+05
2.9347234584e+02 8.3118169261e+05
2.9425389466e+02 8.4391246065e+05
2.9432696944e+02 8.4930737026e+05
3.2041762462e+02 9.7234562072e+05
3.2121608101e+02 9.7507393981e+05
3.2112716134e+02 9.7744583861e+05
3.2026103584e+02 9.8330791647e+05
3.2031576946e+02 9.9168103323e+05
3.2033511577e+02 9.9660967042e+05
3.2033972137e+02 1.0013466475e+06
3.2029336708e+02 1.0046230468e+06
3.2033410535e+02 1.0134841626e+06
3.2030086276e+02 1.0168085661e+06
3.2037076077e+02 1.0177003291e+06
3.2048307020e+02 1.0232753262e+06
3.2039878466e+02 1.0255019396e+06
3.2050492049e+02 1.0295133111e+06
3.2143228068e+02 1.0363950832e+06
3.2144134940e+02 1.0444161147e+06
3.2149684474e+02 1.0492013183e+06
3.2143912181e+02 1.0523741147e+06
3.2148568546e+02 1.0570494941e+06
3.2144905328e+02 1.0586627543e+06
3.2142745068e+02 1.0638709189e+06
3.2171645528e+02 1.0676562410e+06
3.2149068082e+02 1.0692136482e+06
3.2158955786e+02 1.0735447747e+06
3.2190033177e+02 1.0791291742e+06
3.2197274277e+02 1.0833680915e+06
3.2210111209e+02 1.0881348543e+06
3.2227850029e+02 1.0942402614e+06
3.2243865686e+02 1.0981391297e+06
3.2243655041e+02 1.1044062570e+06
3.2284523593e+02 1.1073734366e+06
3.2239859627e+02 1.1094690087e+06
3.2236783153e+02 1.1155910599e+06
3.2233918784e+02 1.1221342755e+06
3.2228839650e+02 1.1249972944e+06
3.2225299897e+02 1.1285203203e+06
3.2226643622e+02 1.1345849452e+06
3.2277398269e+02 1.1374957859e+06
3.2229056455e+02 1.1401104309e+06
3.2229650249e+02 1.1439271612e+06
3.2234813175e+02 1.1492962873e+06
3.2234654503e+02 1.1519373717e+06
3.2232431587e+02 1.1528494140e+06
3.2230789289e+02 1.1589268772e+06
3.2229083655e+02 1.1642264318e+06
3.2231507444e+02 1.1683275552e+06
3.2239164501e+02 1.1716379888e+06
3.2318389743e+02 1.1780327929e+06
3.2314564719e+02 1.1823879087e+06
3.2312899836e+02 1.1871167321e+06
3.2313831877e+02 1.1921242481e+06
3.2316060167e+02 1.1976136730e+06
3.2316814861e+02 1.2012937580e+06
3.2321617434e+02 1.2096962236e+06
3.2320587316e+02 1.2122308081e+06
3.2320650466e+02 1.2151396926e+06
3.2317939396e+02 1.2172003661e+06
3.2316580416e+02 1.2231834952e+06
3.2318217474e+02 1.2252280119e+06
3.2325327706e+02 1.2275816950e+06
3.2400400101e+02 1.2330221176e+06
3.2358642527e+02 1.2342946188e+06
3.2374226289e+02 1.2402200283e+06
3.2391591979e+02 1.2450926372e+06
3.2402641913e+02 1.2541676335e+06
3.2431920714e+02 1.2553303489e+06
3.2399525229e+02 1.2601227071e+06
3.2448164580e+02 1.2614172767e+06
3.2397100309e+02 1.2668430158e+06
3.2393846735e+02 1.2726817179e+06
3.2392063756e+02 1.2778823639e+06
3.2391566235e+02 1.2833241924e+06
3.2407720120e+02 1.2877847859e+06
3.2392961629e+02 1.2890923454e+06
3.2395775604e+02 1.2949906700e+06
3.2397377455e+02 1.2992365236e+06
3.2401355629e+02 1.3049736429e+06
3.2401738386e+02 1.3077720471e+06
3.2401342590e+02 1.3104149355e+06
3.2400664728e+02 1.3134857939e+06
3.2398787432e+02 1.3161987844e+06
3.2396804511e+02 1.3216894328e+06
3.2398447226e+02 1.3237632754e+06
3.2405211815e+02 1.3256432799e+06
3.2469309366e+02 1.3343594668e+06
3.2466301140e+02 1.3399468179e+06
3.2465680022e+02 1.3463008427e+06
3.2466216059e+02 1.3524122364e+06
3.2467924701e+02 1.3580065633e+06
3.2489069173e+02 1.3626268828e+06
3.2470726166e+02 1.3639138051e+06
3.2472690149e+02 1.3684322145e+06
3.2474404059e+02 1.3740812974e+06
3.2476669181e+02 1.3770306141e+06
3.2473933071e+02 1.3798066624e+06
3.2473777309e+02 1.3862192113e+06
3.2472866215e+02 1.3894428882e+06
3.2472215071e+02 1.3916102553e+06
3.2481973682e+02 1.3941805403e+06
3.2501234359e+02 1.3976995314e+06
3.2544284322e+02 1.4007936170e+06
3.2517924711e+02 1.4033939320e+06
3.2537491248e+02 1.4095446267e+06
3.2544716111e+02 1.4162607166e+06
3.2542397007e+02 1.4231270032e+06
3.2540655132e+02 1.4302783467e+06
3.2539023685e+02 1.4368456611e+06
3.2539301098e+02 1.4435103269e+06
3.2537332567e+02 1.4475542868e+06
3.2535362526e+02 1.4535838809e+06
3.2543116359e+02 1.4563486475e+06
3.2538333457e+02 1.4598085918e+06
3.2546252942e+02 1.4625201271e+06
3.2546055762e+02 1.4660405327e+06
3.2551524903e+02 1.4727807312e+06
3.2552444072e+02 1.4763220529e+06
3.2552427668e+02 1.4799068877e+06
3.2551512413e+02 1.4833163614e+06
3.2549665343e+02 1.4863201897e+06
3.2548542759e+02 1.4895018292e+06
3.2548703502e+02 1.4916144823e+06
3.2576406236e+02 1.4955148311e+06
3.2609041344e+02 1.5016203999e+06
3.2607866103e+02 1.5090048581e+06
3.2606981187e+02 1.5158263263e+06
3.2608281866e+02 1.5231706163e+06
3.2610442183e+02 1.5302284352e+06
3.2610530712e+02 1.5359115873e+06
3.2603650665e+02 1.5424456391e+06
3.2619189708e+02 1.5480069098e+06
3.2600181976e+02 1.5489538240e+06
3.2601367042e+02 1.5555991636e+06
3.2622716220e+02 1.5572896747e+06
3.2607199158e+02 1.5622030668e+06
3.2621505517e+02 1.5647150247e+06
3.2617669445e+02 1.5689582842e+06
3.2618857829e+02 1.5707277600e+06
3.2620130284e+02 1.5730814693e+06
3.2652277671e+02 1.5769695325e+06
3.2650254873e+02 1.5823747145e+06
3.2679324909e+02 1.5856485026e+06
3.2670634630e+02 1.5889081334e+06
3.2679022006e+02 1.5938963959e+06
3.2719118550e+02 1.5985923681e+06
3.2678035619e+02 1.6019487844e+06
3.2701765320e+02 1.6051999082e+06
3.2677642401e+02 1.6097453215e+06
3.2686640126e+02 1.6119192498e+06
3.2674460372e+02 1.6187784839e+06
3.2665879388e+02 1.6257191948e+06
3.2661524591e+02 1.6326832759e+06
3.2660844468e+02 1.6397636766e+06
3.2664444723e+02 1.6468446129e+06
3.2692583925e+02 1.6509631358e+06
3.2672713334e+02 1.6540041671e+06
3.2685396680e+02 1.6611748218e+06
3.2695603599e+02 1.6650404790e+06
3.2694371590e+02 1.6687460457e+06
3.2692843112e+02 1.6720219814e+06
3.2692640119e+02 1.6748899741e+06
3.2702584698e+02 1.6790514827e+06
3.2733211430e+02 1.6816983358e+06
3.2765635789e+02 1.6900250120e+06
3.2744472998e+02 1.6930036078e+06
3.2788443208e+02 1.6972778343e+06
3.2745067138e+02 1.7012101734e+06
3.2774429353e+02 1.7041818074e+06
3.2746636146e+02 1.7093695837e+06
3.2749553923e+02 1.7173098477e+06
3.2744919623e+02 1.7185474482e+06
3.2734525845e+02 1.7258997588e+06
3.2727907354e+02 1.7332999092e+06
3.2725606041e+02 1.7408239130e+06
3.2763316011e+02 1.7446049670e+06
3.2726665821e+02 1.7483677691e+06
3.2765465374e+02 1.7502634899e+06
3.2766000146e+02 1.7548373945e+06
3.2732161092e+02 1.7560340658e+06
3.2765469791e+02 1.7593200878e+06
3.2742175626e+02 1.7636715101e+06
3.2763106770e+02 1.7664350890e+06
3.2756434507e+02 1.7714627363e+06
3.2777795277e+02 1.7733812633e+06
3.2774244915e+02 1.7791293810e+06
3.2811164392e+02 1.7811652950e+06
3.2794831704e+02 1.7869490687e+06
3.2811751473e+02 1.7903108171e+06
3.2816984738e+02 1.7945231334e+06
3.2846610608e+02 1.7964046140e+06
3.2812730929e+02 1.7996908430e+06
3.2829871295e+02 1.8039955897e+06
3.2814456932e+02 1.8083903038e+06
3.2815210894e+02 1.8117331874e+06
3.2803171697e+02 1.8196196303e+06
3.2820925407e+02 1.8254149445e+06
3.2794369086e+02 1.8276133065e+06
3.2789410536e+02 1.8357511146e+06
3.2829051432e+02 1.8408012680e+06
3.2788719094e+02 1.8439687183e+06
3.2832827450e+02 1.8479999157e+06
3.2791415444e+02 1.8523228713e+06
3.2835505174e+02 1.8539469140e+06
3.2837326776e+02 1.8599586413e+06
3.2798317814e+02 1.8607414183e+06
3.2837558432e+02 1.8647644352e+06
3.2809621407e+02 1.8692842323e+06
3.2835625944e+02 1.8732076492e+06
3.2835664743e+02 1.8767504104e+06
3.2824992125e+02 1.8778298578e+06
3.2845508275e+02 1.8820297562e+06
3.2843805421e+02 1.8864976173e+06
3.2865091333e+02 1.8950253266e+06
3.2887959187e+02 1.9037182816e+06
3.2884020632e+02 1.9065717871e+06
3.2908819170e+02 1.9098688916e+06
3.2911246262e+02 1.9119841273e+06
3.2886988932e+02 1.9157356308e+06
3.2893017081e+02 1.9179893064e+06
3.2879311662e+02 1.9262753656e+06
3.2921927712e+02 1.9314707597e+06
3.2868240303e+02 1.9346737879e+06
3.2860359772e+02 1.9432326523e+06
3.2904247264e+02 1.9500717946e+06
3.2856157666e+02 1.9518763701e+06
3.2856129932e+02 1.9606716848e+06
3.2859297113e+02 1.9695118439e+06
3.2911365006e+02 1.9749905964e+06
3.2866503661e+02 1.9785114516e+06
3.2910616643e+02 1.9798787313e+06
3.2910152335e+02 1.9836628906e+06
3.2877939003e+02 1.9874608449e+06
3.2916900979e+02 1.9899688430e+06
3.2926338417e+02 1.9925084202e+06
3.2893352546e+02 1.9965864587e+06
3.2912042312e+02 2.0055001961e+06
3.2947982551e+02 2.0084037585e+06
3.2933279780e+02 2.0146873753e+06
3.2951817741e+02 2.0193471697e+06
3.2974606028e+02 2.0221033005e+06
3.2955875428e+02 2.0233558587e+06
3.2956067515e+02 2.0290722319e+06
3.2959797427e+02 2.0311529738e+06
3.2961187672e+02 2.0392866067e+06
3.2947089106e+02 2.0403964448e+06
3.2936971281e+02 2.0498852754e+06
3.2929886102e+02 2.0595568432e+06
3.2975122674e+02 2.0652289512e+06
3.2926370719e+02 2.0694851686e+06
3.2926835762e+02 2.0795619013e+06
3.2930937246e+02 2.0899130304e+06
3.2980796433e+02 2.0912943353e+06
3.2980602396e+02 2.0963841397e+06
3.2938329755e+02 2.1003141000e+06
3.2986070003e+02 2.1038462523e+06
3.2994024813e+02 2.1064209779e+06
3.3007169046e+02 2.1088992881e+06
3.2949894332e+02 2.1110280640e+06
3.2965284188e+02 2.1215575452e+06
3.2984213635e+02 2.1325269885e+06
3.3029415070e+02 2.1374710918e+06
3.3005562264e+02 2.1428395178e+06
3.3044320855e+02 2.1470211584e+06
3.3034937773e+02 2.1494437004e+06
3.3028775279e+02 2.1538963054e+06
3.3040352437e+02 2.1597597606e+06
3.3020928538e+02 2.1640089884e+06
3.3046385367e+02 2.1708731415e+06
3.3010647885e+02 2.1738897113e+06
3.3051599168e+02 2.1802477931e+06
3.3003124558e+02 2.1839987255e+06
3.3065102671e+02 2.1867091318e+06
3.3056740858e+02 2.1901970309e+06
3.2998753114e+02 2.1942044484e+06
3.2997987536e+02 2.2046552519e+06
3.3000811954e+02 2.2150979521e+06
3.3006366845e+02 2.2258537407e+06
3.3066400954e+02 2.2307256991e+06
3.3069870121e+02 2.2343959794e+06
3.3015655750e+02 2.2363810284e+06
3.3028894287e+02 2.2474231578e+06
3.3045495247e+02 2.2577638785e+06
3.3099134003e+02 2.2631348219e+06
3.3065251609e+02 2.2691723160e+06
3.3130159742e+02 2.2722812075e+06
3.3105305570e+02 2.2740238801e+06
3.3086664501e+02 2.2787849925e+06
3.3116750621e+02 2.2834228547e+06
3.3111773133e+02 2.2859240297e+06
3.3109526049e+02 2.2904017632e+06
3.3105091249e+02 2.2948900151e+06
3.3131544609e+02 2.2985968102e+06
3.3095644192e+02 2.3068541434e+06
3.3158809840e+02 2.3129351755e+06
3.3125086349e+02 2.3147048701e+06
3.3088717028e+02 2.3191347307e+06
3.3127524948e+02 2.3237150776e+06
3.3128193361e+02 2.3304774301e+06
3.3084805562e+02 2.3320313767e+06
3.3129002015e+02 2.3377294417e+06
3.3130329822e+02 2.3428017941e+06
3.3084049530e+02 2.3451281675e+06
3.3134734236e+02 2.3482439021e+06
3.3141944475e+02 2.3517132793e+06
3.3153461987e+02 2.3565192768e+06
3.3087022416e+02 2.3590423255e+06
3.3093231363e+02 2.3727852109e+06
3.3176459694e+02 2.3798604758e+06
3.3170746518e+02 2.3851085763e+06
3.3102307368e+02 2.3877364832e+06
3.3114521144e+02 2.4015957784e+06
3.3170668517e+02 2.4072792040e+06
3.3186513544e+02 2.4151360764e+06
3.3130989714e+02 2.4174825057e+06
3.3174457624e+02 2.4210221446e+06
3.3191470423e+02 2.4261471147e+06
3.3149796970e+02 2.4305440047e+06
3.3206817226e+02 2.4353611578e+06
3.3180789073e+02 2.4377877212e+06
3.3162944882e+02 2.4456859559e+06
3.3172192773e+02 2.4472801100e+06
3.3172118038e+02 2.4498219302e+06
3.3167820139e+02 2.4560729341e+06
3.3194495265e+02 2.4582843839e+06
3.3165570155e+02 2.4618526146e+06
3.3211927529e+02 2.4634590545e+06
3.3177508805e+02 2.4720161870e+06
3.3161605631e+02 2.4744312189e+06
3.3185232831e+02 2.4829267722e+06
3.3160149972e+02 2.4867030141e+06
3.3231941471e+02 2.4907276316e+06
3.3230225973e+02 2.4939461384e+06
3.3161892787e+02 2.4998471701e+06
3.3205343811e+02 2.5096235712e+06
3.3165923811e+02 2.5120962616e+06
3.3211572852e+02 2.5146764921e+06
3.3241716966e+02 2.5196294769e+06
3.3211376166e+02 2.5226342446e+06
3.3172785563e+02 2.5267198629e+06
3.3209187271e+02 2.5294961677e+06
3.3222070443e+02 2.5341738961e+06
3.3181960196e+02 2.5382344225e+06
3.3216686701e+02 2.5418267437e+06
3.3192176883e+02 2.5443335495e+06
3.3234053432e+02 2.5489021353e+06
3.3195119556e+02 2.5538039751e+06
3.3227716300e+02 2.5609467284e+06
3.3210183711e+02 2.5631698119e+06
3.3246301593e+02 2.5669708681e+06
3.3286097115e+02 2.5702379323e+06
3.3237898802e+02 2.5741955027e+06
3.3246076921e+02 2.5754666213e+06
3.3233213069e+02 2.5841376989e+06
3.3261859328e+02 2.5885235998e+06
3.3250481538e+02 2.5940275039e+06
3.3255379402e+02 2.5974235570e+06
3.3274329593e+02 2.6007354284e+06
3.3294388865e+02 2.6051248958e+06
3.3261157978e+02 2.6081509085e+06
3.3264994238e+02 2.6113736575e+06
3.3293480079e+02 2.6121411765e+06
3.3274475793e+02 2.6176342989e+06
3.3268697647e+02 2.6204702088e+06
3.3313435755e+02 2.6248323007e+06
3.3272442883e+02 2.6281161717e+06
3.3295813888e+02 2.6300090944e+06
3.3274789602e+02 2.6348485612e+06
3.3295487207e+02 2.6384075720e+06
3.3278944602e+02 2.6413935840e+06
3.3281138647e+02 2.6425980969e+06
3.3278987883e+02 2.6467491961e+06
3.3293181833e+02 2.6539161036e+06
3.3287893337e+02 2.6573568419e+06
3.3290238514e+02 2.6619676844e+06
3.3288893814e+02 2.6643299178e+06
3.3281431263e+02 2.6691323170e+06
3.3303538577e+02 2.6724614451e+06
3.3297148066e+02 2.6761790611e+06
3.3293599406e+02 2.6793359292e+06
3.3306117425e+02 2.6801893131e+06
3.3307938468e+02 2.6856771301e+06
3.3285292412e+02 2.6895547153e+06
3.3304633471e+02 2.6942940988e+06
3.3296556543e+02 2.6972097615e+06
3.3307141378e+02 2.7007786891e+06
3.3297908700e+02 2.7052432272e+06
3.3309941049e+02 2.7075763445e+06
3.3316320090e+02 2.7115871762e+06
3.3294714382e+02 2.7165551326e+06
3.3319119613e+02 2.7181061152e+06
3.3303505970e+02 2.7224730173e+06
3.3312009115e+02 2.7261608963e+06
3.3307826751e+02 2.7279520946e+06
3.3310917984e+02 2.7317014061e+06
3.3310859328e+02 2.7345870828e+06
3.3300766778e+02 2.7401922045e+06
3.3309041693e+02 2.7407578184e+06
3.3323010621e+02 2.7455769799e+06
3.3313799110e+02 2.7491891766e+06
3.3298909665e+02 2.7521088178e+06
3.3313948411e+02 2.7566624165e+06
3.3312862584e+02 2.7596614173e+06
3.3298568079e+02 2.7624998421e+06
3.3314211087e+02 2.7677282049e+06
3.3323535935e+02 2.7695875562e+06
3.3314255467e+02 2.7718202187e+06
3.3304628450e+02 2.7767843259e+06
3.3317783696e+02 2.7788908241e+06
3.3243959057e+02 2.7819285752e+06
3.3227567619e+02 2.7892331442e+06
3.3288392755e+02 2.7940188172e+06
3.3271362675e+02 2.7971390330e+06
3.3317790847e+02 2.7987675843e+06
3.3315320654e+02 2.8041775206e+06
3.3317109774e+02 2.8052931473e+06
3.3325344449e+02 2.8108177174e+06
3.3334399254e+02 2.8146379817e+06
3.3333699219e+02 2.8161653855e+06
3.3330947857e+02 2.8199522472e+06
3.3320547529e+02 2.8229649104e+06
3.3343827404e+02 2.8279926406e+06
3.3330584394e+02 2.8295096264e+06
3.3320792823e+02 2.8339437473e+06
3.3330641081e+02 2.8386563869e+06
3.3353414773e+02 2.8415428797e+06
3.3352052951e+02 2.8434839316e+06
3.3359284767e+02 2.8488935755e+06
3.3364522844e+02 2.8497461912e+06
3.3362206731e+02 2.8533182200e+06
3.3342108640e+02 2.8591737207e+06
3.3342130079e+02 2.8591737808e+06
3.3370333306e+02 2.8644725264e+06
3.3371550983e+02 2.8676253921e+06
3.3375434122e+02 2.8694979529e+06
3.3358079536e+02 2.8751768428e+06
3.3378949439e+02 2.8775793575e+06
3.3380805960e+02 2.8800156196e+06
3.3384007154e+02 2.8860172155e+06
3.3381342500e+02 2.8862871891e+06
3.3371699485e+02 2.8919773504e+06
3.3388720074e+02 2.8938285303e+06
3.3386403072e+02 2.8967636423e+06
3.3390500831e+02 2.9025880521e+06
3.3374367577e+02 2.9043794403e+06
3.3394737172e+02 2.9066715833e+06
3.3394093706e+02 2.9113663015e+06
3.3378928224e+02 2.9145768172e+06
3.3399530420e+02 2.9199407763e+06
3.3401314245e+02 2.9230978576e+06
3.3405197114e+02 2.9257979381e+06
3.3387829099e+02 2.9270138375e+06
3.3391130515e+02 2.9310280355e+06
3.3409290464e+02 2.9338448722e+06
3.3411365396e+02 2.9388878133e+06
3.3410138673e+02 2.9428220854e+06
3.3412775090e+02 2.9444954824e+06
3.3401536911e+02 2.9481451643e+06
3.3412522619e+02 2.9521442174e+06
3.3406659678e+02 2.9568407669e+06
3.3415190033e+02 2.9596551657e+06
3.3421256059e+02 2.9610913263e+06
3.3420955054e+02 2.9651114394e+06
3.3420098357e+02 2.9691994133e+06
3.3416310928e+02 2.9735192038e+06
3.3424133617e+02 2.9773287745e+06
3.3425296155e+02 2.9790701283e+06
3.3421404242e+02 2.9832755606e+06
3.3428791562e+02 2.9859190282e+06
3.3428650891e+02 2.9885036360e+06
3.3432745737e+02 2.9914855365e+06
3.3429763818e+02 2.9955973215e+06
3.3431208520e+02 3.0010854060e+06
3.3440125308e+02 3.0043610579e+06
3.3438102247e+02 3.0064708147e+06
3.3436036111e+02 3.0111126318e+06
3.3441666562e+02 3.0116203973e+06
3.3472651291e+02 3.0170557298e+06
3.3441370202e+02 3.0216081698e+06
3.3445468966e+02 3.0220444378e+06
3.3449357735e+02 3.0264527116e+06
3.3444336968e+02 3.0312269411e+06
3.3450996782e+02 3.0345262784e+06
3.3446787753e+02 3.0385668221e+06
3.3451326234e+02 3.0405933311e+06
3.3455682217e+02 3.0437600193e+06
3.3455581852e+02 3.0479400616e+06
3.3456092087e+02 3.0493703185e+06
3.3458044747e+02 3.0543622377e+06
3.3467186551e+02 3.0587784753e+06
3.3459150599e+02 3.0622312580e+06
3.3461063108e+02 3.0636284035e+06
3.3466437733e+02 3.0670662378e+06
3.3461937458e+02 3.0693648435e+06
3.3475370723e+02 3.0730303369e+06
3.3460892539e+02 3.0761864937e+06
3.3471816595e+02 3.0797549816e+06
3.3464014318e+02 3.0835109433e+06
3.3462779643e+02 3.0872105069e+06
3.3461561738e+02 3.0897413104e+06
3.3469571772e+02 3.0961659260e+06
3.3469711114e+02 3.0961661166e+06
3.3472393093e+02 3.1029046130e+06
3.3487298208e+02 3.1054315745e+06
3.3476347542e+02 3.1078847356e+06
3.3481603947e+02 3.1099151385e+06
3.3495789437e+02 3.1131232275e+06
3.3479434411e+02 3.1176106949e+06
3.3484907576e+02 3.1202187808e+06
3.3500627421e+02 3.1256590599e+06
3.3481739108e+02 3.1272331370e+06
3.3506711728e+02 3.1332451198e+06
3.3504499116e+02 3.1360144478e+06
3.3488458602e+02 3.1388248708e+06
3.3508097038e+02 3.1416686770e+06
3.3517717826e+02 3.1464915645e+06
3.3493751371e+02 3.1475577025e+06
3.3514360091e+02 3.1504685630e+06
3.3517750628e+02 3.1549839063e+06
3.3508624692e+02 3.1585094732e+06
3.3471168541e+02 3.1615634413e+06
3.3526896793e+02 3.1659364509e+06
3.3518379104e+02 3.1692069115e+06
3.3529642663e+02 3.1726649877e+06
3.3528091504e+02 3.1749712525e+06
3.3534970689e+02 3.1790849871e+06
3.3505413264e+02 3.1834873906e+06
3.3536338659e+02 3.1860879153e+06
3.3477993852e+02 3.1902219921e+06
3.3526354295e+02 3.1911212131e+06
3.3490546049e+02 3.1972044168e+06
3.3535962554e+02 3.2008811435e+06
3.3516445448e+02 3.2037336568e+06
3.3483172790e+02 3.2068295494e+06
3.3525792457e+02 3.2091199792e+06
3.3513775588e+02 3.2144633664e+06
3.3490641007e+02 3.2163436068e+06
3.3489854563e+02 3.2217265463e+06
3.3517696580e+02 3.2250828211e+06
3.3543044164e+02 3.2301449051e+06
3.3545178527e+02 3.2325058711e+06
3.3534476863e+02 3.2373203073e+06
3.3502583254e+02 3.2394451339e+06
3.3527685998e+02 3.2433370051e+06
3.3549134916e+02 3.2463518603e+06
3.3543405451e+02 3.2496081329e+06
3.3550188896e+02 3.2551763986e+06
3.3518222272e+02 3.2581476573e+06
3.3544248678e+02 3.2600675446e+06
3.3524887044e+02 3.2622691706e+06
3.3572414385e+02 3.2664441387e+06
3.3552995006e+02 3.2697828339e+06
3.3557269674e+02 3.2739725263e+06
3.3535684217e+02 3.2767216480e+06
3.3581698918e+02 3.2803099835e+06
3.3543349822e+02 3.2827389929e+06
3.3564363381e+02 3.2887638430e+06
3.3544054435e+02 3.2910793077e+06
3.3552100433e+02 3.2945020691e+06
3.3577694459e+02 3.2987474621e+06
3.3558987058e+02 3.3017807899e+06
3.3575102938e+02 3.3042210635e+06
3.3584241128e+02 3.3081342869e+06
3.3552257514e+02 3.3107554129e+06
3.3586357445e+02 3.3142485734e+06
3.3570069791e+02 3.3194623482e+06
3.3600775304e+02 3.3219552189e+06
3.3591375856e+02 3.3236527051e+06
3.3559912505e+02 3.3272124078e+06
3.3595516075e+02 3.3301519238e+06
3.3578621249e+02 3.3357922332e+06
3.3598701572e+02 3.3387062430e+06
3.3579421998e+02 3.3404940713e+06
3.3607447631e+02 3.3460072177e+06
3.3569368827e+02 3.3469023175e+06
3.3586595260e+02 3.3526323860e+06
3.3607155173e+02 3.3547509656e+06
3.3603368029e+02 3.3578493912e+06
3.3595250683e+02 3.3624650986e+06
3.3578900287e+02 3.3646097919e+06
3.3601183797e+02 3.3676721317e+06
3.3615533465e+02 3.3704259671e+06
3.3610100457e+02 3.3759842124e+06
3.3613668129e+02 3.3786067759e+06
3.3602906401e+02 3.3820293412e+06
3.3590138668e+02 3.3844707462e+06
3.3613796024e+02 3.3902051913e+06
3.3604422102e+02 3.3920965486e+06
3.3638406743e+02 3.3943718393e+06
3.3627967149e+02 3.4006345709e+06
3.3602025829e+02 3.4032472807e+06
3.3623676992e+02 3.4045279083e+06
3.3611360697e+02 3.4103024587e+06
3.3633360014e+02 3.4122289521e+06
3.3612345954e+02 3.4150347149e+06
3.3615539599e+02 3.4208720839e+06
3.3614750952e+02 3.4233579180e+06
3.3616082290e+02 3.4270967740e+06
3.3619846809e+02 3.4282708049e+06
3.3631235471e+02 3.4318655334e+06
3.3623916679e+02 3.4348525235e+06
3.3621495193e+02 3.4412035683e+06
3.3626948443e+02 3.4430369592e+06
3.3621608345e+02 3.4451819250e+06
3.3626424557e+02 3.4504571546e+06
3.3627611102e+02 3.4534287235e+06
3.3629730267e+02 3.4558669332e+06
3.3627539623e+02 3.4615362207e+06
3.3627983389e+02 3.4642477751e+06
3.3628771474e+02 3.4673362501e+06
3.3630396090e+02 3.4692197588e+06
3.3635819700e+02 3.4722006798e+06
3.3628712400e+02 3.4766264243e+06
3.3631007349e+02 3.4820382226e+06
3.3629398623e+02 3.4847378003e+06
3.3638122610e+02 3.4888438239e+06
3.3632775634e+02 3.4919541518e+06
3.3642637100e+02 3.4951612540e+06
3.3638266485e+02 3.4974493535e+06
3.3632568253e+02 3.5023976522e+06
3.3631831278e+02 3.5032860773e+06
3.3637813905e+02 3.5063902168e+06
3.3645198477e+02 3.5117830029e+06
3.3639331902e+02 3.5155473909e+06
3.3667515897e+02 3.5179734079e+06
3.3638787142e+02 3.5204159894e+06
3.3638953135e+02 3.5239732791e+06
3.3636593392e+02 3.5273301180e+06
3.3647312891e+02 3.5312986033e+06
3.3667384392e+02 3.5338783125e+06
3.3646537123e+02 3.5387093923e+06
3.3642813257e+02 3.5417934110e+06
3.3656169063e+02 3.5450919628e+06
3.3642966293e+02 3.5493148244e+06
3.3698941775e+02 3.5529717148e+06
3.3670698062e+02 3.5546335887e+06
3.3649447686e+02 3.5594159868e+06
3.3693182910e+02 3.5621770714e+06
3.3657818024e+02 3.5663302637e+06
3.3691577066e+02 3.5699577659e+06
3.3684615053e+02 3.5703703401e+06
3.3656055331e+02 3.5758581096e+06
3.3660300339e+02 3.5775828865e+06
3.3656618288e+02 3.5847711372e+06
3.3698986587e+02 3.5888575576e+06
3.3718406113e+02 3.5906311000e+06
3.3670756982e+02 3.5950905605e+06
3.3630636071e+02 3.5980112590e+06
3.3659716891e+02 3.6054484254e+06
3.3684998909e+02 3.6134860465e+06
3.3715693915e+02 3.6160444882e+06
3.3727773245e+02 3.6190760134e+06
3.3661286105e+02 3.6209591305e+06
3.3679812020e+02 3.6274285004e+06
3.3701825099e+02 3.6305974968e+06
3.3720663077e+02 3.6330694391e+06
3.3740490916e+02 3.6344979001e+06
3.3667575399e+02 3.6396092871e+06
3.3753982837e+02 3.6432301419e+06
3.3741694743e+02 3.6462892251e+06
3.3661942358e+02 3.6499007330e+06
3.3650071691e+02 3.6536857033e+06
3.3696051742e+02 3.6667652311e+06
3.3711850631e+02 3.6720940718e+06
3.3755805218e+02 3.6751277583e+06
3.3730962232e+02 3.6798370145e+06
3.3743504287e+02 3.6841839606e+06
3.3778835342e+02 3.6862981300e+06
3.3756538814e+02 3.6888504298e+06
3.3771499787e+02 3.6930417423e+06
3.3773549103e+02 3.6958915665e+06
3.3784308015e+02 3.7007237803e+06
3.3794749175e+02 3.7055720488e+06
3.3787560805e+02 3.7074907790e+06
3.3815405496e+02 3.7102698610e+06
3.3815978950e+02 3.7151210612e+06
3.3805893555e+02 3.7178415668e+06
3.3788698507e+02 3.7194813858e+06
3.3826911367e+02 3.7242083590e+06
3.3838893585e+02 3.7291156625e+06
3.3796685927e+02 3.7317791038e+06
3.3807647565e+02 3.7513684142e+06
3.3814155026e+02 3.7611188496e+06
3.3824094159e+02 3.7782728593e+06
3.3828813863e+02 3.7847394489e+06
3.3853973324e+02 3.7924103348e+06
3.3837985574e+02 3.8002172738e+06
3.3840588985e+02 3.8025160603e+06
3.3853276472e+02 3.8139138447e+06
3.3849287478e+02 3.8169761324e+06
3.3854715392e+02 3.8178337363e+06
3.3863472050e+02 3.8236755106e+06
3.3857605403e+02 3.8277196960e+06
}