Pressao_entrada 4274320
Pressao_saida 101300.0
Velocidade_angular 1083.84946425
Temperatura 338.590427885


Ri 0.0875
Rg 0.0979
Rm 0.1035
Ro 0.1095
h 2e-06
hg 5e-06
beta1 2.29
beta2 1
N 10

n_r_1 25
n_r_2 25
n_r_3 25
n_t_1 20
n_t_2 20
n_t_3 20
n_t_4 20
n_t_5 20
n_z_h 10
n_z_hg 10

nCells 9.5000000000e+04
minVol 7.8451466584e-04
maxVol 1.5576770459e-02
totVol 4.4219894904e+02

min_U 0.0000000000e+00
max_U 3.3795547191e+02
min_Rho 8.6760704674e-01
max_Rho 6.5452922592e+01
min_P 1.0130000000e+05
max_P 7.1969347535e+06
min_T 3.1056626513e+02
max_T 3.5577355893e+02
Force 5.2278689185e+03
Shear 2.2294282155e+04
Inlet_Flow -2.3375080328e-05
Outlet_Flow 2.3286621953e-05
Sum_Flow -8.8458375642e-08
Perc_flow 4.0345683216e-01

T_crit 262.541844473
P_crit 11013078.7121
satSize 199
composition methane_0.734168/ethane_0.124349/n-propane_0.077956/isobutane_0.004409/n-butane_0.030661/isopentane_0.002004/n-pentane_0.009218/n-hexane_0.003707/n-heptane_0.001202/n-octane_0.000100/n-nonane_0.000000/n-decane_0.000000/nitrogen_0.006012/co2_0.006212


SaturationCurve
{
2.4915930383e+02 1.0130000000e+05
2.6088780147e+02 2.2254198569e+05
2.6799039283e+02 3.4378397138e+05
2.7319753542e+02 4.6502595707e+05
2.7734392688e+02 5.8626794276e+05
2.8080323494e+02 7.0750992845e+05
2.8377694501e+02 8.2875191414e+05
2.8638680155e+02 9.4999389983e+05
2.8871232441e+02 1.0712358855e+06
2.9080849725e+02 1.1924778712e+06
2.9271503018e+02 1.3137198569e+06
2.9446160566e+02 1.4349618426e+06
2.9607103674e+02 1.5562038283e+06
2.9756126412e+02 1.6774458140e+06
2.9894667105e+02 1.7986877997e+06
3.0023897890e+02 1.9199297854e+06
3.0144787496e+02 2.0411717710e+06
3.0258146353e+02 2.1624137567e+06
3.0364659717e+02 2.2836557424e+06
3.0464912454e+02 2.4048977281e+06
3.0559407906e+02 2.5261397138e+06
3.0648582452e+02 2.6473816995e+06
3.0732816918e+02 2.7686236852e+06
3.0812445608e+02 2.8898656709e+06
3.0887763542e+02 3.0111076566e+06
3.0959032308e+02 3.1323496423e+06
3.1026484840e+02 3.2535916279e+06
3.1090329353e+02 3.3748336136e+06
3.1150752598e+02 3.4960755993e+06
3.1207922588e+02 3.6173175850e+06
3.1261990886e+02 3.7385595707e+06
3.1313094535e+02 3.8598015564e+06
3.1361357701e+02 3.9810435421e+06
3.1406893079e+02 4.1022855278e+06
3.1449803090e+02 4.2235275135e+06
3.1490180923e+02 4.3447694992e+06
3.1528111422e+02 4.4660114848e+06
3.1563671868e+02 4.5872534705e+06
3.1596932650e+02 4.7084954562e+06
3.1627957850e+02 4.8297374419e+06
3.1656805760e+02 4.9509794276e+06
3.1683529324e+02 5.0722214133e+06
3.1708176530e+02 5.1934633990e+06
3.1730790752e+02 5.3147053847e+06
3.1751411047e+02 5.4359473704e+06
3.1770072409e+02 5.5571893561e+06
3.1786805999e+02 5.6784313417e+06
3.1801639331e+02 5.7996733274e+06
3.1814596437e+02 5.9209153131e+06
3.1825698007e+02 6.0421572988e+06
3.1834961495e+02 6.1633992845e+06
3.1842401216e+02 6.2846412702e+06
3.1848028408e+02 6.4058832559e+06
3.1851851278e+02 6.5271252416e+06
3.1853875031e+02 6.6483672273e+06
3.1854101872e+02 6.7696092130e+06
3.1852530990e+02 6.8908511986e+06
3.1849158520e+02 7.0120931843e+06
3.1843977481e+02 7.1333351700e+06
3.1836977694e+02 7.2545771557e+06
3.1828145667e+02 7.3758191414e+06
3.1817464460e+02 7.4970611271e+06
3.1804913513e+02 7.6183031128e+06
3.1790468443e+02 7.7395450985e+06
3.1774100797e+02 7.8607870842e+06
3.1755777768e+02 7.9820290699e+06
3.1735461852e+02 8.1032710555e+06
3.1713110447e+02 8.2245130412e+06
3.1688675388e+02 8.3457550269e+06
3.1662102395e+02 8.4669970126e+06
3.1633330419e+02 8.5882389983e+06
3.1602290884e+02 8.7094809840e+06
3.1568906771e+02 8.8307229697e+06
3.1533091547e+02 8.9519649554e+06
3.1494747870e+02 9.0732069411e+06
3.1453766036e+02 9.1944489268e+06
3.1410022107e+02 9.3156909124e+06
3.1363375614e+02 9.4369328981e+06
3.1313666738e+02 9.5581748838e+06
3.1260712814e+02 9.6794168695e+06
3.1204303932e+02 9.8006588552e+06
3.1144197362e+02 9.9219008409e+06
3.1080110368e+02 1.0043142827e+07
3.1011710831e+02 1.0164384812e+07
3.0938604774e+02 1.0285626798e+07
3.0860319469e+02 1.0406868784e+07
3.0776280016e+02 1.0528110769e+07
3.0685776031e+02 1.0649352755e+07
3.0587912765e+02 1.0770594741e+07
3.0481536696e+02 1.0891836726e+07
3.0365117063e+02 1.1013078712e+07
3.0236546395e+02 1.1134320698e+07
3.0092779634e+02 1.1255562683e+07
2.9929115548e+02 1.1376804669e+07
2.9737557616e+02 1.1498046655e+07
2.9502195586e+02 1.1619288641e+07
2.9179847431e+02 1.1740530626e+07
2.9179847431e+02 1.1740530625e+07
2.8999245382e+02 1.1787638073e+07
2.8818643332e+02 1.1820726019e+07
2.8638041283e+02 1.1840380152e+07
2.8457439233e+02 1.1847088938e+07
2.8276837184e+02 1.1841265914e+07
2.8096235134e+02 1.1823268847e+07
2.7915633085e+02 1.1793416337e+07
2.7735031036e+02 1.1752002164e+07
2.7554428986e+02 1.1699307457e+07
2.7373826937e+02 1.1635610739e+07
2.7193224887e+02 1.1561195994e+07
2.7012622838e+02 1.1476359211e+07
2.6832020789e+02 1.1381414964e+07
2.6651418739e+02 1.1276709544e+07
2.6470816690e+02 1.1162682668e+07
2.6290214640e+02 1.1035282450e+07
2.6109612591e+02 1.0905848424e+07
2.5929010542e+02 1.0765778717e+07
2.5748408492e+02 1.0617430988e+07
2.5567806443e+02 1.0461441218e+07
2.5387204393e+02 1.0298264520e+07
2.5206602344e+02 1.0128337255e+07
2.5026000294e+02 9.9520985481e+06
2.4845398245e+02 9.7699956289e+06
2.4664796196e+02 9.5824857147e+06
2.4484194146e+02 9.3900364637e+06
2.4303592097e+02 9.1931253833e+06
2.4122990047e+02 8.9922380546e+06
2.3942387998e+02 8.7878652173e+06
2.3761785949e+02 8.5804988856e+06
2.3581183899e+02 8.3706278954e+06
2.3400581850e+02 8.1587334382e+06
2.3219979800e+02 7.9452850945e+06
2.3039377751e+02 7.7307377390e+06
2.2858775701e+02 7.5155294269e+06
2.2678173652e+02 7.3000801527e+06
2.2497571603e+02 7.0847912352e+06
2.2316969553e+02 6.8700450496e+06
2.2136367504e+02 6.6562048825e+06
2.1955765454e+02 6.4436147784e+06
2.1775163405e+02 6.2325993341e+06
2.1594561356e+02 6.0234634633e+06
2.1413959306e+02 5.8164921830e+06
2.1233357257e+02 5.6119504817e+06
2.1052755207e+02 5.4100833196e+06
2.0872153158e+02 5.2111157889e+06
2.0691551108e+02 5.0152534445e+06
2.0510949059e+02 4.8226827952e+06
2.0330347010e+02 4.6335719327e+06
2.0149744960e+02 4.4480712705e+06
1.9969142911e+02 4.2663143630e+06
1.9788540861e+02 4.0884187761e+06
1.9607938812e+02 3.9144869848e+06
1.9427336763e+02 3.7446072751e+06
1.9246734713e+02 3.5788546329e+06
1.9066132664e+02 3.4172916032e+06
1.8885530614e+02 3.2599691115e+06
1.8704928565e+02 3.1069272373e+06
1.8524326516e+02 2.9581959409e+06
1.8343724466e+02 2.8137957391e+06
1.8163122417e+02 2.6737383346e+06
1.7982520367e+02 2.5380271974e+06
1.7801918318e+02 2.4066581040e+06
1.7621316268e+02 2.2796196329e+06
1.7440714219e+02 2.1568936218e+06
1.7260112170e+02 2.0384555870e+06
1.7079510120e+02 1.9242751100e+06
1.6898908071e+02 1.8143161931e+06
1.6718306021e+02 1.7085375874e+06
1.6537703972e+02 1.6068930961e+06
1.6357101923e+02 1.5093318560e+06
1.6176499873e+02 1.4157985986e+06
1.5995897824e+02 1.3262338951e+06
1.5815295774e+02 1.2405743854e+06
1.5634693725e+02 1.1587529948e+06
1.5454091675e+02 1.0806991395e+06
1.5273489626e+02 1.0063389232e+06
1.5092887577e+02 9.3559532539e+05
1.4912285527e+02 8.6838838432e+05
1.4731683478e+02 8.0463537484e+05
1.4551081428e+02 7.4425098291e+05
1.4370479379e+02 6.8714747820e+05
1.4189877330e+02 6.3323488578e+05
1.4009275280e+02 5.8242115823e+05
1.3828673231e+02 5.3461234925e+05
1.3648071181e+02 4.8971278980e+05
1.3467469132e+02 4.4762526788e+05
1.3286867083e+02 4.0825121276e+05
1.3106265033e+02 3.7149088454e+05
1.2925662984e+02 3.3724356977e+05
1.2745060934e+02 3.0540778383e+05
1.2564458885e+02 2.7588148043e+05
1.2383856835e+02 2.4856226876e+05
1.2203254786e+02 2.2334763831e+05
1.2022652737e+02 2.0013519165e+05
1.1842050687e+02 1.7882288485e+05
1.1661448638e+02 1.5930927538e+05
1.1480846588e+02 1.4149377698e+05
1.1300244539e+02 1.2527692077e+05
1.1119642490e+02 1.1056062166e+05
}

T_margin 18.6252246142
T_sat_margin 310.903293529
T_hull_margin 329.528518143
P_hull_margin 3374833.61363

caseHull
{
3.3039679509e+02 2.8482872421e+05
3.3016140562e+02 2.9191281139e+05
3.3001983071e+02 2.9889035272e+05
3.2995225410e+02 3.0316336011e+05
3.2981830303e+02 3.1298530810e+05
3.2974956893e+02 3.1835930076e+05
3.2967876941e+02 3.2401359612e+05
3.2960681206e+02 3.2976579401e+05
3.2953427378e+02 3.3566235029e+05
3.2939533590e+02 3.4749362268e+05
3.2933310763e+02 3.5333631096e+05
3.2927825946e+02 3.5915817294e+05
3.2923401646e+02 3.6483645421e+05
3.2918535539e+02 3.7579515059e+05
3.2918360115e+02 3.8100255559e+05
3.2919773772e+02 3.8598682237e+05
3.2922537907e+02 3.9076455232e+05
3.2931198927e+02 3.9954166868e+05
3.2941736739e+02 4.0746923628e+05
3.2947326808e+02 4.1098298264e+05
3.2963219484e+02 4.1851130940e+05
3.2981890597e+02 4.2457194110e+05
3.3317027100e+02 7.0099406641e+05
3.3305410944e+02 7.0791557837e+05
3.3301543778e+02 7.1311836160e+05
3.3298944598e+02 7.1936121566e+05
3.3297692988e+02 7.2689494587e+05
3.3297553897e+02 7.3544776987e+05
3.3298555578e+02 7.4527392526e+05
3.3300504520e+02 7.5616496080e+05
3.3303414485e+02 7.6834895969e+05
3.3307025896e+02 7.8150721152e+05
3.3311340179e+02 7.9585531508e+05
3.3316076062e+02 8.1097977560e+05
3.3321257910e+02 8.2706816531e+05
3.3326673444e+02 8.4365830016e+05
3.3332511770e+02 8.6103291148e+05
3.3338623483e+02 8.7875539283e+05
3.3345235245e+02 8.9707710059e+05
3.3352266594e+02 9.1560327531e+05
3.3359941003e+02 9.3459483285e+05
3.3368254259e+02 9.5366704861e+05
3.3377477164e+02 9.7309426776e+05
3.3439305428e+02 9.8383754026e+05
3.3429714942e+02 9.8996523672e+05
3.3387603389e+02 9.9247913233e+05
3.3425898891e+02 1.0022875224e+06
3.3398869581e+02 1.0120915078e+06
3.3427828786e+02 1.0210089905e+06
3.3411120426e+02 1.0315041389e+06
3.3434791701e+02 1.0459393851e+06
3.3424421050e+02 1.0509491847e+06
3.2518948148e+02 1.1676346036e+06
3.2506741246e+02 1.1736689107e+06
3.2493918321e+02 1.1834573539e+06
3.2480585412e+02 1.1978844156e+06
3.2467184013e+02 1.2164619074e+06
3.2453966278e+02 1.2400817596e+06
3.2441435167e+02 1.2681917474e+06
3.2429837031e+02 1.3017806490e+06
3.2419620099e+02 1.3401021839e+06
3.2411304145e+02 1.3842465211e+06
3.2405546328e+02 1.4335076172e+06
3.3612054155e+02 1.4690535002e+06
3.3611903609e+02 1.4695885445e+06
3.2637717631e+02 1.4809337247e+06
3.2403187950e+02 1.4888205157e+06
3.2404993459e+02 1.5490322136e+06
3.2411701774e+02 1.6148028030e+06
3.2423196526e+02 1.6844521288e+06
3.2439187930e+02 1.7583957425e+06
3.2458416393e+02 1.8346844978e+06
3.2480315706e+02 1.9140297515e+06
3.2503622648e+02 1.9945448750e+06
3.2528121094e+02 2.0770487161e+06
3.2552923441e+02 2.1598517962e+06
3.2578072867e+02 2.2438242703e+06
3.2602962953e+02 2.3273157349e+06
3.2627879156e+02 2.4112999286e+06
3.2652382416e+02 2.4941557681e+06
3.2676779756e+02 2.5767132866e+06
3.2700743831e+02 2.6572933304e+06
3.2724643479e+02 2.7367109255e+06
3.2748213448e+02 2.8134060532e+06
3.2771585484e+02 2.8880389265e+06
3.2794519226e+02 2.9588550190e+06
3.2817282487e+02 3.0270148868e+06
3.2839345691e+02 3.0903848461e+06
3.2860801463e+02 3.1503284212e+06
3.2880869161e+02 3.2039899177e+06
3.2899706910e+02 3.2532408081e+06
3.2916543841e+02 3.2945758985e+06
3.2929661414e+02 3.3255381120e+06
3.2939086017e+02 3.3463124164e+06
3.2948045981e+02 3.3655026891e+06
3.2956143613e+02 3.3812249140e+06
3.3005717246e+02 3.3885833191e+06
3.2963727908e+02 3.3952493268e+06
3.2970491510e+02 3.4059858087e+06
3.2975161186e+02 3.4060787737e+06
3.2976731602e+02 3.4150693185e+06
3.2982174431e+02 3.4210509939e+06
3.3307749042e+02 3.4502375158e+06
3.3424254811e+02 3.4648225502e+06
3.3447238166e+02 3.4746416678e+06
3.3472032345e+02 3.4795164518e+06
3.3441701237e+02 3.4879669920e+06
3.3317787159e+02 3.5040995346e+06
3.3418287622e+02 3.5298114649e+06
3.3417274232e+02 3.5357730935e+06
3.3321079163e+02 3.5434264632e+06
3.3420212492e+02 3.5516298169e+06
3.3451804078e+02 3.5595312184e+06
3.3424937713e+02 3.5705182686e+06
3.3386833974e+02 3.5795805666e+06
3.3398892243e+02 3.5866546434e+06
3.3405108817e+02 3.5969043865e+06
3.3344972191e+02 3.6118246106e+06
3.3390388073e+02 3.6198457048e+06
3.3388960997e+02 3.6325474852e+06
3.3389242436e+02 3.6349345074e+06
3.3402039235e+02 3.6441775715e+06
3.3380105620e+02 3.6498828051e+06
3.3354139630e+02 3.6564343326e+06
3.3404692155e+02 3.6651366044e+06
3.3417696258e+02 3.6714891933e+06
3.3370966008e+02 3.6775959166e+06
3.3388163782e+02 3.6849561424e+06
3.3387498355e+02 3.6898130137e+06
3.3390512795e+02 3.7013295800e+06
3.3390761837e+02 3.7056442526e+06
3.3368456613e+02 3.7124681768e+06
3.3418467984e+02 3.7238330031e+06
3.3410450088e+02 3.7309798615e+06
3.3396894706e+02 3.7354730684e+06
3.3365908332e+02 3.7441072524e+06
3.3381420466e+02 3.7460612705e+06
3.3395519930e+02 3.7526552461e+06
3.3433181948e+02 3.7646122952e+06
3.3398285031e+02 3.7680081013e+06
3.3382220918e+02 3.7740366112e+06
3.3370592744e+02 3.7844806643e+06
3.3370507855e+02 3.7928346369e+06
3.3407419728e+02 3.8006854729e+06
3.3411442782e+02 3.8124715427e+06
3.3374568943e+02 3.8196251691e+06
3.3415535140e+02 3.8211419274e+06
3.3410672404e+02 3.8294850583e+06
3.3406026870e+02 3.8366073872e+06
3.3424361203e+02 3.8483720941e+06
3.3385495518e+02 3.8498317467e+06
3.3389225353e+02 3.8665639707e+06
3.3449867375e+02 3.8728312976e+06
3.3416318175e+02 3.8800995302e+06
3.3409157515e+02 3.8900604760e+06
3.3395163930e+02 3.8951608164e+06
3.3402348342e+02 3.9044309664e+06
3.3443239267e+02 3.9155488509e+06
3.3405930259e+02 3.9220756539e+06
3.3399338750e+02 3.9313871973e+06
3.3438247226e+02 3.9354153035e+06
3.3461369343e+02 3.9441353523e+06
3.3430487379e+02 3.9468328827e+06
3.3372417316e+02 3.9653298955e+06
3.3449976173e+02 3.9799822360e+06
3.3419477267e+02 3.9811655878e+06
3.3460809353e+02 3.9889546674e+06
3.3447882575e+02 3.9981194487e+06
3.3468085763e+02 4.0067725737e+06
3.3433638132e+02 4.0147151604e+06
3.3476361249e+02 4.0204755255e+06
3.3472836660e+02 4.0219167071e+06
3.3492802485e+02 4.0316647146e+06
3.3520794394e+02 4.0402684500e+06
3.3483585720e+02 4.0456839284e+06
3.3486980787e+02 4.0537560863e+06
3.3493927095e+02 4.0626935113e+06
3.3464624559e+02 4.0667002472e+06
3.3492829062e+02 4.0736416886e+06
3.3499527254e+02 4.0812993327e+06
3.3505058643e+02 4.0849824552e+06
3.3451821368e+02 4.0974398075e+06
3.3483412400e+02 4.0990792832e+06
3.3511911770e+02 4.1087403565e+06
3.3513103360e+02 4.1165274196e+06
3.3513534213e+02 4.1254643794e+06
3.3516274400e+02 4.1260203984e+06
3.3549310691e+02 4.1353725859e+06
3.3523942800e+02 4.1424524502e+06
3.3522687101e+02 4.1465117402e+06
3.3530545635e+02 4.1565807129e+06
3.3530666706e+02 4.1630255486e+06
3.3530662914e+02 4.1676319578e+06
3.3531524372e+02 4.1762448893e+06
3.3540972681e+02 4.1935769441e+06
3.3548444732e+02 4.2077821741e+06
3.3551854870e+02 4.2108277667e+06
3.3553226284e+02 4.2172119507e+06
3.3557716911e+02 4.2260113934e+06
3.3560668817e+02 4.2313545850e+06
3.3564721313e+02 4.2374503248e+06
3.3568399003e+02 4.2435596504e+06
3.3567102179e+02 4.2520715841e+06
3.3569278648e+02 4.2588334688e+06
3.3573586569e+02 4.2660910268e+06
3.3586622476e+02 4.2763527983e+06
3.3583725092e+02 4.2837226441e+06
3.3584297341e+02 4.2892208631e+06
3.3585660045e+02 4.2954641794e+06
3.3587426087e+02 4.3007816748e+06
3.3589064421e+02 4.3053965027e+06
3.3590828555e+02 4.3128873149e+06
3.3592603685e+02 4.3211445679e+06
3.3594006797e+02 4.3280778807e+06
3.3595237967e+02 4.3341737076e+06
3.3597210977e+02 4.3428069779e+06
3.3598569744e+02 4.3481493688e+06
3.3601036531e+02 4.3561743318e+06
3.3603153266e+02 4.3617975321e+06
3.3607179448e+02 4.3704755419e+06
3.3609702936e+02 4.3746977958e+06
3.3612193847e+02 4.3842553918e+06
3.3613650375e+02 4.3893045369e+06
3.3616229239e+02 4.3983950785e+06
3.3617503930e+02 4.4027329353e+06
3.3620602665e+02 4.4121197185e+06
3.3622374622e+02 4.4170352241e+06
3.3626123222e+02 4.4267202716e+06
3.3628159685e+02 4.4315632610e+06
3.3630046064e+02 4.4391044970e+06
3.3632021806e+02 4.4458229941e+06
3.3633649881e+02 4.4517178620e+06
3.3635730010e+02 4.4583842517e+06
3.3637625007e+02 4.4645223018e+06
3.3642082126e+02 4.4776195497e+06
3.3644600499e+02 4.4844209914e+06
3.3647141835e+02 4.4909970045e+06
3.3647338167e+02 4.4966356198e+06
3.3650395610e+02 4.5046175987e+06
3.3650053372e+02 4.5080091148e+06
3.3646522331e+02 4.5135951122e+06
3.3645748418e+02 4.5240841407e+06
3.3659430103e+02 4.5269939706e+06
3.3644452594e+02 4.5364047591e+06
3.3644343750e+02 4.5442134323e+06
3.3643502670e+02 4.5524775138e+06
3.3645370571e+02 4.5575580706e+06
3.3646302717e+02 4.5621954019e+06
3.3673607447e+02 4.5720214137e+06
3.3656782938e+02 4.5813887966e+06
3.3661458407e+02 4.5862684181e+06
3.3659978614e+02 4.5958025531e+06
3.3674687847e+02 4.6013046741e+06
3.3666340973e+02 4.6043399113e+06
3.3662370979e+02 4.6099294836e+06
3.3668145725e+02 4.6228146946e+06
3.3678358857e+02 4.6277262128e+06
3.3672524775e+02 4.6338659566e+06
3.3678202815e+02 4.6386137455e+06
3.3682607223e+02 4.6460184075e+06
3.3681579095e+02 4.6519791619e+06
3.3685301111e+02 4.6605200027e+06
3.3688235425e+02 4.6691510788e+06
3.3695592534e+02 4.6756165727e+06
3.3702204244e+02 4.6803358521e+06
3.3713330298e+02 4.6881131164e+06
3.3719458446e+02 4.6944451021e+06
3.3725339832e+02 4.7023544167e+06
3.3724165798e+02 4.7069893835e+06
3.3729016560e+02 4.7191922044e+06
3.3733494335e+02 4.7260926483e+06
3.3734229270e+02 4.7314124525e+06
3.3738070891e+02 4.7404569188e+06
3.3739574784e+02 4.7431085354e+06
3.3742681481e+02 4.7544949139e+06
3.3763526238e+02 4.7559277648e+06
3.3750956406e+02 4.7650275904e+06
3.3747713582e+02 4.7688844724e+06
3.3757577104e+02 4.7823570792e+06
3.3752858876e+02 4.7829081917e+06
3.3768655264e+02 4.7903139081e+06
3.3758407811e+02 4.7969932847e+06
3.3787705683e+02 4.8060106921e+06
3.3764125318e+02 4.8105243254e+06
3.3770172881e+02 4.8237683279e+06
3.3772936815e+02 4.8307173140e+06
3.3776302495e+02 4.8360843165e+06
3.3801837114e+02 4.8401275985e+06
3.3778391991e+02 4.8466189298e+06
3.3787759493e+02 4.8545588840e+06
3.3784243471e+02 4.8626224626e+06
3.3793170391e+02 4.8722024103e+06
3.3790221098e+02 4.8780402367e+06
3.3822003282e+02 4.8834920739e+06
3.3796584011e+02 4.8931805114e+06
3.3824769441e+02 4.8969344034e+06
3.3827764061e+02 4.9026803612e+06
3.3803063587e+02 4.9073336785e+06
3.3809824132e+02 4.9207151625e+06
3.3810950165e+02 4.9260403504e+06
3.3816550418e+02 4.9324563828e+06
3.3836901517e+02 4.9415102333e+06
3.3817209486e+02 4.9433928695e+06
3.3826543620e+02 4.9492398006e+06
3.3823865888e+02 4.9605339985e+06
3.3832792774e+02 4.9688864963e+06
3.3847605919e+02 4.9699742552e+06
3.3830663183e+02 4.9766653837e+06
3.3839366066e+02 4.9887691774e+06
3.3837809299e+02 4.9920839409e+06
3.3875081223e+02 5.0030857236e+06
3.3837505958e+02 5.0109459697e+06
3.3837061012e+02 5.0109805916e+06
3.3839168971e+02 5.0230668497e+06
3.3840179263e+02 5.0282810487e+06
3.3843196770e+02 5.0318921421e+06
3.3860008852e+02 5.0453066518e+06
3.3869189695e+02 5.0495963690e+06
3.3867521388e+02 5.0627451658e+06
3.3876191340e+02 5.0709325794e+06
3.3874921718e+02 5.0783899605e+06
3.3895044066e+02 5.0853460752e+06
3.3882440544e+02 5.0925563276e+06
3.3900316782e+02 5.0950432852e+06
3.3889358415e+02 5.1038943145e+06
3.3891101127e+02 5.1125168855e+06
3.3899567879e+02 5.1153605385e+06
3.3914459134e+02 5.1259466153e+06
3.3899111344e+02 5.1322966067e+06
3.3934339858e+02 5.1411390815e+06
3.3907117118e+02 5.1502880822e+06
3.3932470535e+02 5.1608321115e+06
3.3915275413e+02 5.1670613655e+06
3.3935618992e+02 5.1706569582e+06
3.3922714817e+02 5.1807843684e+06
3.3929432763e+02 5.1918088143e+06
3.3932582569e+02 5.2003335251e+06
3.3964462107e+02 5.2085701937e+06
3.3953043235e+02 5.2182022386e+06
3.3941079672e+02 5.2204834014e+06
3.3963026587e+02 5.2286780733e+06
3.3985157179e+02 5.2343131344e+06
3.3949825118e+02 5.2395571577e+06
3.3991951713e+02 5.2507319533e+06
3.3957697734e+02 5.2553406695e+06
3.3970112902e+02 5.2637001939e+06
3.3964921360e+02 5.2687271250e+06
3.3969788954e+02 5.2762324888e+06
3.4018801188e+02 5.2840397325e+06
3.3978179160e+02 5.2905575306e+06
3.4002905383e+02 5.3055255623e+06
3.3987891913e+02 5.3127850585e+06
3.3996752458e+02 5.3317375669e+06
3.4046319669e+02 5.3423198992e+06
3.4005182114e+02 5.3487299376e+06
3.4011262072e+02 5.3600703465e+06
3.4015294491e+02 5.3668752803e+06
3.4028243896e+02 5.3824945879e+06
3.4061557387e+02 5.3968989812e+06
3.4037354866e+02 5.4038936477e+06
3.4046342349e+02 5.4236982768e+06
3.4057750844e+02 5.4300611064e+06
3.4052911590e+02 5.4375490325e+06
3.4054909157e+02 5.4405499888e+06
3.4076859586e+02 5.4540058889e+06
3.4072150134e+02 5.4624839336e+06
3.4085667716e+02 5.4794532588e+06
3.4113719693e+02 5.4836892706e+06
3.4128843036e+02 5.4889727994e+06
3.4095350937e+02 5.5043812711e+06
3.4134741502e+02 5.5203597206e+06
3.4103020146e+02 5.5233913356e+06
3.4109031300e+02 5.5389390112e+06
3.4110090433e+02 5.5444457214e+06
3.4148483047e+02 5.5763017966e+06
3.4154330419e+02 5.5980249328e+06
3.4157934981e+02 5.6180934684e+06
3.4159084429e+02 5.6281642797e+06
3.4178893500e+02 5.6468055875e+06
3.4208188453e+02 5.6505208591e+06
3.4219796374e+02 5.6573823632e+06
3.4361247405e+02 5.6733701003e+06
3.4343652579e+02 5.6778945961e+06
3.4224128127e+02 5.6855292647e+06
3.4212397849e+02 5.6903439135e+06
3.4253703438e+02 5.6996518104e+06
3.4229725962e+02 5.7147643989e+06
3.4228797740e+02 5.7176053534e+06
3.4227393502e+02 5.7238576455e+06
3.4230914352e+02 5.7493442169e+06
3.4302210541e+02 5.7879490220e+06
3.4294454264e+02 5.7979048299e+06
3.4390355492e+02 5.8054893371e+06
3.4361484743e+02 5.8068842706e+06
3.4295231397e+02 5.8249543150e+06
3.4293635822e+02 5.8315537401e+06
3.4352705336e+02 5.8403204291e+06
3.4315412940e+02 5.8457764205e+06
3.4354714981e+02 5.8858877889e+06
3.4404094947e+02 5.8946862570e+06
3.4383292785e+02 5.9027515735e+06
3.4397579991e+02 5.9155460820e+06
3.4482269773e+02 5.9285747710e+06
3.4521201515e+02 5.9358821161e+06
3.4521332524e+02 5.9397267342e+06
3.4484954128e+02 5.9585390093e+06
3.4505353177e+02 5.9599478783e+06
3.4402893355e+02 5.9828835722e+06
3.4495784367e+02 6.0099292211e+06
3.4563882575e+02 6.0276118360e+06
3.4565035460e+02 6.0397462608e+06
3.4533763503e+02 6.0520449171e+06
3.4478306838e+02 6.0604894068e+06
3.4506501280e+02 6.0641708450e+06
3.4535239006e+02 6.0865962482e+06
3.4591213403e+02 6.0912141357e+06
3.4580785559e+02 6.1073900769e+06
3.4597879546e+02 6.1110281411e+06
3.4602580962e+02 6.1210172439e+06
3.4609766914e+02 6.1339880616e+06
3.4612332406e+02 6.1444087816e+06
3.4664427760e+02 6.1629279536e+06
3.4626792028e+02 6.1723538502e+06
3.4646100476e+02 6.2024664152e+06
3.4674837367e+02 6.2153318054e+06
3.4656854572e+02 6.2348942522e+06
3.4656352700e+02 6.2411145139e+06
3.4663122429e+02 6.2444526767e+06
3.4636588273e+02 6.2554037900e+06
3.4627014290e+02 6.2647293441e+06
3.4673506510e+02 6.2765315258e+06
3.4630329681e+02 6.2837296638e+06
3.4667770905e+02 6.3060617546e+06
3.4671025010e+02 6.3138605546e+06
3.4677971296e+02 6.3404955948e+06
3.4712982132e+02 6.3598869076e+06
3.4727965089e+02 6.3617434480e+06
3.4720641826e+02 6.3761546723e+06
3.4719824947e+02 6.3890881857e+06
3.4805123974e+02 6.4180839515e+06
3.4774067660e+02 6.4266774701e+06
3.4783149321e+02 6.4612334251e+06
3.4816818103e+02 6.4654126047e+06
3.4774159317e+02 6.5460960959e+06
3.4773244373e+02 6.5634871219e+06
3.4743893843e+02 6.6071337748e+06
3.4821007023e+02 6.6411280075e+06
3.4807049607e+02 6.6768231621e+06
3.4980348844e+02 7.0834487654e+06
3.5067697772e+02 7.1121199378e+06
3.5143678404e+02 7.1284756945e+06
3.5206759931e+02 7.1360506351e+06
3.5309556951e+02 7.1670145683e+06
3.5297955225e+02 7.1760994264e+06
3.5297925911e+02 7.1762300655e+06
3.5031027222e+02 7.1882898668e+06
3.5057773040e+02 7.1951005960e+06
}