Pressao_entrada 4274320
Pressao_saida 101300.0
Velocidade_angular 1083.84946425
Temperatura 338.269607147


Ri 0.0875
Rg 0.0979
Rm 0.1035
Ro 0.1095
h 3e-06
hg 5e-06
beta1 2.29
beta2 1
N 10

n_r_1 25
n_r_2 25
n_r_3 25
n_t_1 20
n_t_2 20
n_t_3 20
n_t_4 20
n_t_5 20
n_z_h 10
n_z_hg 10

nCells 9.5000000000e+04
minVol 1.1767719988e-03
maxVol 2.3365155688e-02
totVol 5.7835457822e+02

min_U 0.0000000000e+00
max_U 3.7078545333e+02
min_Rho 9.0024613251e-01
max_Rho 4.9600519374e+01
min_P 1.0130000000e+05
max_P 5.5592730414e+06
min_T 2.9876883854e+02
max_T 3.5007069215e+02
Force 4.6242511890e+03
Shear 1.3361953776e+04
Inlet_Flow -6.1313849821e-05
Outlet_Flow 6.3149145603e-05
Sum_Flow 1.8352957818e-06
Perc_flow 4.2836458036e+00

T_crit 262.541844473
P_crit 11013078.7121
satSize 199
composition methane_0.734168/ethane_0.124349/n-propane_0.077956/isobutane_0.004409/n-butane_0.030661/isopentane_0.002004/n-pentane_0.009218/n-hexane_0.003707/n-heptane_0.001202/n-octane_0.000100/n-nonane_0.000000/n-decane_0.000000/nitrogen_0.006012/co2_0.006212


SaturationCurve
{
2.4915930383e+02 1.0130000000e+05
2.6088780147e+02 2.2254198569e+05
2.6799039283e+02 3.4378397138e+05
2.7319753542e+02 4.6502595707e+05
2.7734392688e+02 5.8626794276e+05
2.8080323494e+02 7.0750992845e+05
2.8377694501e+02 8.2875191414e+05
2.8638680155e+02 9.4999389983e+05
2.8871232441e+02 1.0712358855e+06
2.9080849725e+02 1.1924778712e+06
2.9271503018e+02 1.3137198569e+06
2.9446160566e+02 1.4349618426e+06
2.9607103674e+02 1.5562038283e+06
2.9756126412e+02 1.6774458140e+06
2.9894667105e+02 1.7986877997e+06
3.0023897890e+02 1.9199297854e+06
3.0144787496e+02 2.0411717710e+06
3.0258146353e+02 2.1624137567e+06
3.0364659717e+02 2.2836557424e+06
3.0464912454e+02 2.4048977281e+06
3.0559407906e+02 2.5261397138e+06
3.0648582452e+02 2.6473816995e+06
3.0732816918e+02 2.7686236852e+06
3.0812445608e+02 2.8898656709e+06
3.0887763542e+02 3.0111076566e+06
3.0959032308e+02 3.1323496423e+06
3.1026484840e+02 3.2535916279e+06
3.1090329353e+02 3.3748336136e+06
3.1150752598e+02 3.4960755993e+06
3.1207922588e+02 3.6173175850e+06
3.1261990886e+02 3.7385595707e+06
3.1313094535e+02 3.8598015564e+06
3.1361357701e+02 3.9810435421e+06
3.1406893079e+02 4.1022855278e+06
3.1449803090e+02 4.2235275135e+06
3.1490180923e+02 4.3447694992e+06
3.1528111422e+02 4.4660114848e+06
3.1563671868e+02 4.5872534705e+06
3.1596932650e+02 4.7084954562e+06
3.1627957850e+02 4.8297374419e+06
3.1656805760e+02 4.9509794276e+06
3.1683529324e+02 5.0722214133e+06
3.1708176530e+02 5.1934633990e+06
3.1730790752e+02 5.3147053847e+06
3.1751411047e+02 5.4359473704e+06
3.1770072409e+02 5.5571893561e+06
3.1786805999e+02 5.6784313417e+06
3.1801639331e+02 5.7996733274e+06
3.1814596437e+02 5.9209153131e+06
3.1825698007e+02 6.0421572988e+06
3.1834961495e+02 6.1633992845e+06
3.1842401216e+02 6.2846412702e+06
3.1848028408e+02 6.4058832559e+06
3.1851851278e+02 6.5271252416e+06
3.1853875031e+02 6.6483672273e+06
3.1854101872e+02 6.7696092130e+06
3.1852530990e+02 6.8908511986e+06
3.1849158520e+02 7.0120931843e+06
3.1843977481e+02 7.1333351700e+06
3.1836977694e+02 7.2545771557e+06
3.1828145667e+02 7.3758191414e+06
3.1817464460e+02 7.4970611271e+06
3.1804913513e+02 7.6183031128e+06
3.1790468443e+02 7.7395450985e+06
3.1774100797e+02 7.8607870842e+06
3.1755777768e+02 7.9820290699e+06
3.1735461852e+02 8.1032710555e+06
3.1713110447e+02 8.2245130412e+06
3.1688675388e+02 8.3457550269e+06
3.1662102395e+02 8.4669970126e+06
3.1633330419e+02 8.5882389983e+06
3.1602290884e+02 8.7094809840e+06
3.1568906771e+02 8.8307229697e+06
3.1533091547e+02 8.9519649554e+06
3.1494747870e+02 9.0732069411e+06
3.1453766036e+02 9.1944489268e+06
3.1410022107e+02 9.3156909124e+06
3.1363375614e+02 9.4369328981e+06
3.1313666738e+02 9.5581748838e+06
3.1260712814e+02 9.6794168695e+06
3.1204303932e+02 9.8006588552e+06
3.1144197362e+02 9.9219008409e+06
3.1080110368e+02 1.0043142827e+07
3.1011710831e+02 1.0164384812e+07
3.0938604774e+02 1.0285626798e+07
3.0860319469e+02 1.0406868784e+07
3.0776280016e+02 1.0528110769e+07
3.0685776031e+02 1.0649352755e+07
3.0587912765e+02 1.0770594741e+07
3.0481536696e+02 1.0891836726e+07
3.0365117063e+02 1.1013078712e+07
3.0236546395e+02 1.1134320698e+07
3.0092779634e+02 1.1255562683e+07
2.9929115548e+02 1.1376804669e+07
2.9737557616e+02 1.1498046655e+07
2.9502195586e+02 1.1619288641e+07
2.9179847431e+02 1.1740530626e+07
2.9179847431e+02 1.1740530625e+07
2.8999245382e+02 1.1787638073e+07
2.8818643332e+02 1.1820726019e+07
2.8638041283e+02 1.1840380152e+07
2.8457439233e+02 1.1847088938e+07
2.8276837184e+02 1.1841265914e+07
2.8096235134e+02 1.1823268847e+07
2.7915633085e+02 1.1793416337e+07
2.7735031036e+02 1.1752002164e+07
2.7554428986e+02 1.1699307457e+07
2.7373826937e+02 1.1635610739e+07
2.7193224887e+02 1.1561195994e+07
2.7012622838e+02 1.1476359211e+07
2.6832020789e+02 1.1381414964e+07
2.6651418739e+02 1.1276709544e+07
2.6470816690e+02 1.1162682668e+07
2.6290214640e+02 1.1035282450e+07
2.6109612591e+02 1.0905848424e+07
2.5929010542e+02 1.0765778717e+07
2.5748408492e+02 1.0617430988e+07
2.5567806443e+02 1.0461441218e+07
2.5387204393e+02 1.0298264520e+07
2.5206602344e+02 1.0128337255e+07
2.5026000294e+02 9.9520985481e+06
2.4845398245e+02 9.7699956289e+06
2.4664796196e+02 9.5824857147e+06
2.4484194146e+02 9.3900364637e+06
2.4303592097e+02 9.1931253833e+06
2.4122990047e+02 8.9922380546e+06
2.3942387998e+02 8.7878652173e+06
2.3761785949e+02 8.5804988856e+06
2.3581183899e+02 8.3706278954e+06
2.3400581850e+02 8.1587334382e+06
2.3219979800e+02 7.9452850945e+06
2.3039377751e+02 7.7307377390e+06
2.2858775701e+02 7.5155294269e+06
2.2678173652e+02 7.3000801527e+06
2.2497571603e+02 7.0847912352e+06
2.2316969553e+02 6.8700450496e+06
2.2136367504e+02 6.6562048825e+06
2.1955765454e+02 6.4436147784e+06
2.1775163405e+02 6.2325993341e+06
2.1594561356e+02 6.0234634633e+06
2.1413959306e+02 5.8164921830e+06
2.1233357257e+02 5.6119504817e+06
2.1052755207e+02 5.4100833196e+06
2.0872153158e+02 5.2111157889e+06
2.0691551108e+02 5.0152534445e+06
2.0510949059e+02 4.8226827952e+06
2.0330347010e+02 4.6335719327e+06
2.0149744960e+02 4.4480712705e+06
1.9969142911e+02 4.2663143630e+06
1.9788540861e+02 4.0884187761e+06
1.9607938812e+02 3.9144869848e+06
1.9427336763e+02 3.7446072751e+06
1.9246734713e+02 3.5788546329e+06
1.9066132664e+02 3.4172916032e+06
1.8885530614e+02 3.2599691115e+06
1.8704928565e+02 3.1069272373e+06
1.8524326516e+02 2.9581959409e+06
1.8343724466e+02 2.8137957391e+06
1.8163122417e+02 2.6737383346e+06
1.7982520367e+02 2.5380271974e+06
1.7801918318e+02 2.4066581040e+06
1.7621316268e+02 2.2796196329e+06
1.7440714219e+02 2.1568936218e+06
1.7260112170e+02 2.0384555870e+06
1.7079510120e+02 1.9242751100e+06
1.6898908071e+02 1.8143161931e+06
1.6718306021e+02 1.7085375874e+06
1.6537703972e+02 1.6068930961e+06
1.6357101923e+02 1.5093318560e+06
1.6176499873e+02 1.4157985986e+06
1.5995897824e+02 1.3262338951e+06
1.5815295774e+02 1.2405743854e+06
1.5634693725e+02 1.1587529948e+06
1.5454091675e+02 1.0806991395e+06
1.5273489626e+02 1.0063389232e+06
1.5092887577e+02 9.3559532539e+05
1.4912285527e+02 8.6838838432e+05
1.4731683478e+02 8.0463537484e+05
1.4551081428e+02 7.4425098291e+05
1.4370479379e+02 6.8714747820e+05
1.4189877330e+02 6.3323488578e+05
1.4009275280e+02 5.8242115823e+05
1.3828673231e+02 5.3461234925e+05
1.3648071181e+02 4.8971278980e+05
1.3467469132e+02 4.4762526788e+05
1.3286867083e+02 4.0825121276e+05
1.3106265033e+02 3.7149088454e+05
1.2925662984e+02 3.3724356977e+05
1.2745060934e+02 3.0540778383e+05
1.2564458885e+02 2.7588148043e+05
1.2383856835e+02 2.4856226876e+05
1.2203254786e+02 2.2334763831e+05
1.2022652737e+02 2.0013519165e+05
1.1842050687e+02 1.7882288485e+05
1.1661448638e+02 1.5930927538e+05
1.1480846588e+02 1.4149377698e+05
1.1300244539e+02 1.2527692077e+05
1.1119642490e+02 1.1056062166e+05
}

T_margin 13.319832845
T_sat_margin 296.168884
T_hull_margin 309.488716845
P_hull_margin 1564164.48982

caseHull
{
3.2996941849e+02 2.9838834790e+05
3.2951946177e+02 3.0383445917e+05
3.2925917710e+02 3.0804721496e+05
3.2925472757e+02 3.1050876814e+05
3.2932551877e+02 3.1625185825e+05
3.2945657673e+02 3.3080505383e+05
3.2978711465e+02 3.5151428443e+05
3.2971481193e+02 3.5331532465e+05
3.2970067072e+02 3.5863345076e+05
3.2997698273e+02 3.6624261782e+05
3.3009042374e+02 3.7042152430e+05
3.2999583477e+02 3.7551710325e+05
3.3001627922e+02 3.8219961529e+05
3.3003378066e+02 3.8494953793e+05
3.3026384923e+02 4.0324683791e+05
3.3021508013e+02 4.0500849814e+05
3.3035327424e+02 4.1494593946e+05
3.3047970245e+02 4.2431110896e+05
3.3072976639e+02 4.2715440180e+05
3.3059914008e+02 4.3359053735e+05
3.3066068664e+02 4.3645630278e+05
3.3102896874e+02 4.4402973792e+05
3.3090540324e+02 4.4982112507e+05
3.3097509581e+02 4.5399337920e+05
3.3101131782e+02 4.5986243503e+05
3.3114731150e+02 4.6645591264e+05
3.3139154306e+02 4.7237890345e+05
3.3146315714e+02 4.7324859792e+05
3.3310090619e+02 6.6245519740e+05
3.3299280906e+02 6.6557642299e+05
3.3289823252e+02 6.6944822134e+05
3.3280861854e+02 6.7383749496e+05
3.3272005942e+02 6.7881398719e+05
3.3263067757e+02 6.8424239206e+05
3.3254136398e+02 6.8998850712e+05
3.3245439336e+02 6.9560668910e+05
3.3237743383e+02 7.0147861401e+05
3.3233108416e+02 7.1159448703e+05
3.3216301989e+02 7.1983564413e+05
3.3208577735e+02 7.2633899806e+05
3.3205702916e+02 7.3880989988e+05
3.3197611213e+02 7.4390662333e+05
3.3196021011e+02 7.5316294185e+05
3.3197646267e+02 7.6660910102e+05
3.3199123671e+02 7.8121930234e+05
3.3202248286e+02 7.9484143465e+05
3.3204741033e+02 8.0393802937e+05
3.3203804062e+02 8.0885629625e+05
3.3198898925e+02 8.1147706885e+05
3.3202088565e+02 8.1959407629e+05
3.3202119368e+02 8.2729704967e+05
3.3202860328e+02 8.3335720674e+05
3.3206628516e+02 8.4686628531e+05
3.3211704296e+02 8.5559918633e+05
3.3210714231e+02 8.5980411192e+05
3.3211630466e+02 8.6357559926e+05
3.3218941767e+02 8.7316250869e+05
3.3219776976e+02 8.7778964569e+05
3.3225252357e+02 8.8534110917e+05
3.3230127173e+02 8.9065019412e+05
3.3240624993e+02 8.9791454633e+05
3.3239703122e+02 9.0033659468e+05
3.0528061439e+02 1.0448945720e+06
3.0530032569e+02 1.0656035237e+06
3.0549352651e+02 1.0720997689e+06
3.0587999766e+02 1.0890687313e+06
3.0585408968e+02 1.0891991055e+06
3.0636031770e+02 1.1009899475e+06
3.0626474260e+02 1.1074491132e+06
3.0581261784e+02 1.1191888525e+06
3.0552906661e+02 1.1271495386e+06
3.0635300937e+02 1.1612329180e+06
3.0604087454e+02 1.1746990145e+06
3.0630069273e+02 1.2058632832e+06
3.0677028204e+02 1.2718770922e+06
3.0715605691e+02 1.2870466764e+06
3.0750509943e+02 1.3142375399e+06
3.0798368133e+02 1.3566556672e+06
3.0782208722e+02 1.3589182049e+06
3.0911035249e+02 1.3979294584e+06
3.0903007163e+02 1.4175528192e+06
3.0826628060e+02 1.4381452300e+06
3.0928546504e+02 1.4442597309e+06
3.0996838745e+02 1.4565949927e+06
3.1002627442e+02 1.4650100346e+06
3.0893637528e+02 1.4857143034e+06
3.0926196267e+02 1.4974881028e+06
3.0965111424e+02 1.5233484588e+06
3.0956293956e+02 1.5284249605e+06
3.0948871684e+02 1.5641644898e+06
3.3585055185e+02 1.7270980481e+06
3.3626973485e+02 1.7326622008e+06
3.3588470418e+02 1.7381024919e+06
3.3591784575e+02 1.7485695205e+06
3.3602924203e+02 1.7545585355e+06
3.3595252164e+02 1.7590310949e+06
3.3606571520e+02 1.7671574744e+06
3.3598632896e+02 1.7690386072e+06
3.3635082269e+02 1.7767480121e+06
3.3602103053e+02 1.7789555809e+06
3.3605511709e+02 1.7884534008e+06
3.3614233124e+02 1.7922133852e+06
3.3609051660e+02 1.7978547009e+06
3.3618111699e+02 1.8044011015e+06
3.3612536987e+02 1.8067899624e+06
3.3616184664e+02 1.8156470829e+06
3.3621822746e+02 1.8159423406e+06
3.3619848817e+02 1.8241562600e+06
3.3625679470e+02 1.8274975548e+06
3.3623566567e+02 1.8324207572e+06
3.3627321969e+02 1.8403554961e+06
3.3662728318e+02 1.8436283728e+06
3.3631187014e+02 1.8480964186e+06
3.3634900356e+02 1.8552065101e+06
3.3637088340e+02 1.8600161759e+06
3.3656702655e+02 1.8642385605e+06
3.3640941653e+02 1.8703230074e+06
3.3646454227e+02 1.8748658413e+06
3.3644814884e+02 1.8802494100e+06
3.3653827422e+02 1.8854096101e+06
3.3648784655e+02 1.8899948028e+06
3.3652837516e+02 1.8994775432e+06
3.3670425891e+02 1.9013120229e+06
3.3656932047e+02 1.9086642392e+06
3.3661037154e+02 1.9174909900e+06
3.3665158586e+02 1.9259731438e+06
3.3710769513e+02 1.9295147321e+06
3.3669294241e+02 1.9340707870e+06
3.3673463168e+02 1.9418023002e+06
3.3724018120e+02 1.9439142947e+06
3.3677595251e+02 1.9490533836e+06
3.3681684739e+02 1.9558202454e+06
3.3685732658e+02 1.9620650475e+06
3.3686204176e+02 1.9633697536e+06
3.3693604972e+02 1.9728393848e+06
3.3690275841e+02 1.9760378521e+06
3.3700894562e+02 1.9808434423e+06
3.3694504740e+02 1.9887266131e+06
3.3698608202e+02 2.0008558883e+06
3.3729111495e+02 2.0082528975e+06
3.3702807072e+02 2.0128826502e+06
3.3710991845e+02 2.0186831297e+06
3.3706921748e+02 2.0244286388e+06
3.3746823092e+02 2.0305950806e+06
3.3711125688e+02 2.0357889408e+06
3.3715341389e+02 2.0467454743e+06
3.3720102022e+02 2.0477426140e+06
3.3719619077e+02 2.0574573056e+06
3.3724535873e+02 2.0615452252e+06
3.3723889801e+02 2.0677605491e+06
3.3745725126e+02 2.0689228253e+06
3.3728225482e+02 2.0778133853e+06
3.3732568660e+02 2.0874632440e+06
3.3736979885e+02 2.0968203939e+06
3.3738023964e+02 2.1016312714e+06
3.3741313207e+02 2.1056193580e+06
3.3742462641e+02 2.1141998439e+06
3.3769450668e+02 2.1160903488e+06
3.3750031886e+02 2.1220482722e+06
3.3746993126e+02 2.1265889560e+06
3.3758681769e+02 2.1365104325e+06
3.3751504290e+02 2.1385123191e+06
3.3762872133e+02 2.1428023625e+06
3.3756113925e+02 2.1502512840e+06
3.3770838519e+02 2.1561298075e+06
3.3760732299e+02 2.1616049815e+06
3.3781666617e+02 2.1635545171e+06
3.3765409521e+02 2.1726897180e+06
3.3785980847e+02 2.1752264225e+06
3.3770065749e+02 2.1833292197e+06
3.3780786419e+02 2.1887737470e+06
3.3774750858e+02 2.1936116164e+06
3.3791993137e+02 2.1955812518e+06
3.3779433634e+02 2.2034470542e+06
3.3784143628e+02 2.2128745678e+06
3.3790573830e+02 2.2198155445e+06
3.3788791375e+02 2.2217432552e+06
3.3793406294e+02 2.2300785919e+06
3.3795484979e+02 2.2349247736e+06
3.3798008085e+02 2.2378658505e+06
3.3802567427e+02 2.2450619299e+06
3.3800185077e+02 2.2492861631e+06
3.3811309691e+02 2.2572016243e+06
3.3815413846e+02 2.2620644885e+06
3.3805017079e+02 2.2636051808e+06
3.3813873301e+02 2.2699111676e+06
3.3809702902e+02 2.2772901515e+06
3.3846209160e+02 2.2817322986e+06
3.3818981803e+02 2.2870317033e+06
3.3814514723e+02 2.2908227313e+06
3.3841487179e+02 2.2994599331e+06
3.3819300267e+02 2.3038602026e+06
3.3871037316e+02 2.3078862856e+06
3.3855386006e+02 2.3150374128e+06
3.3824170491e+02 2.3166746737e+06
3.3828982816e+02 2.3289913569e+06
3.3833885625e+02 2.3410689210e+06
3.3854004763e+02 2.3425284034e+06
3.3838767078e+02 2.3526748752e+06
3.3839656662e+02 2.3528102848e+06
3.3859751250e+02 2.3627392688e+06
3.3843707989e+02 2.3639606616e+06
3.3871992206e+02 2.3704278035e+06
3.3848576726e+02 2.3746907604e+06
3.3849759131e+02 2.3832477244e+06
3.3853474702e+02 2.3850166879e+06
3.3858349042e+02 2.3948080909e+06
3.3854893981e+02 2.3980306999e+06
3.3863235920e+02 2.4041021290e+06
3.3859935959e+02 2.4122138251e+06
3.3872808182e+02 2.4206979266e+06
3.3865096108e+02 2.4262662022e+06
3.3877489601e+02 2.4279581311e+06
3.3882059946e+02 2.4344590573e+06
3.3870218822e+02 2.4398174924e+06
3.3747138166e+02 2.4469892961e+06
3.3708454450e+02 2.4508477041e+06
3.3689964770e+02 2.4552547664e+06
3.3672209297e+02 2.4612738115e+06
3.3704070142e+02 2.4637960137e+06
3.3655260001e+02 2.4688597985e+06
3.3637759243e+02 2.4778522171e+06
3.3539675307e+02 2.4896881491e+06
3.3514442771e+02 2.4897178703e+06
3.3619963375e+02 2.5801438864e+06
3.3931871907e+02 2.5942574544e+06
3.3957568272e+02 2.5981963393e+06
3.3965358030e+02 2.6040836499e+06
3.3937130667e+02 2.6089776045e+06
3.3884914405e+02 2.6153774157e+06
3.3853731119e+02 2.6191860355e+06
3.3831465545e+02 2.6230080724e+06
3.3809379543e+02 2.6282148232e+06
3.3787426422e+02 2.6347606436e+06
3.3803082630e+02 2.6398678626e+06
3.3765550228e+02 2.6426101179e+06
3.3743496225e+02 2.6515128574e+06
3.3725010093e+02 2.6610528866e+06
3.3702714095e+02 2.6704369765e+06
3.3635105480e+02 2.6785848064e+06
3.3608649091e+02 2.6831786429e+06
3.3648985342e+02 2.7350134357e+06
3.3792070716e+02 2.7519867040e+06
3.3807029387e+02 2.7559840490e+06
3.3772155131e+02 2.7616237802e+06
3.3761368340e+02 2.7661450562e+06
3.3727139359e+02 2.7727553414e+06
3.3693841106e+02 2.7783505184e+06
3.3697066184e+02 2.7820285387e+06
3.3758107327e+02 2.7894665067e+06
3.3717853511e+02 2.7921285303e+06
3.3643135751e+02 2.7986667565e+06
3.3684217378e+02 2.8011407716e+06
3.3743576866e+02 2.8131273552e+06
3.3716392027e+02 2.8210366652e+06
3.3729505996e+02 2.8294542807e+06
3.3722245186e+02 2.8349247818e+06
3.3738546097e+02 2.8396661143e+06
3.3701996409e+02 2.8443919485e+06
3.3626778312e+02 2.8558935700e+06
3.3675270157e+02 2.8594086218e+06
3.3625792803e+02 2.8796087309e+06
3.3762626796e+02 2.8894984416e+06
3.3784160273e+02 2.8927686529e+06
3.3754488347e+02 2.8971288897e+06
3.3757262499e+02 2.9008542213e+06
3.3814499228e+02 2.9085436331e+06
3.3776097031e+02 2.9109672760e+06
3.3660175378e+02 2.9181548159e+06
3.3660574057e+02 2.9337888796e+06
3.3665586058e+02 2.9550164980e+06
3.3785141164e+02 2.9616410639e+06
3.3804101572e+02 2.9651114223e+06
3.3689602124e+02 2.9728254521e+06
3.3696875785e+02 2.9782376031e+06
3.3717939563e+02 2.9868832904e+06
3.3695071025e+02 2.9938406492e+06
3.3741222840e+02 2.9991993167e+06
3.3852340780e+02 3.0054795109e+06
3.3818010208e+02 3.0067428750e+06
3.3717680863e+02 3.0192180084e+06
3.3753822526e+02 3.0226401912e+06
3.3774348686e+02 3.0316517749e+06
3.3778848589e+02 3.0412772967e+06
3.3798110902e+02 3.0493153100e+06
3.3719636534e+02 3.0638498189e+06
3.3733066291e+02 3.0702206484e+06
3.3811408477e+02 3.0776805245e+06
3.3827622287e+02 3.0837433874e+06
3.3833537590e+02 3.0876006879e+06
3.3735807238e+02 3.0920657489e+06
3.3777576252e+02 3.1003170559e+06
3.3748825807e+02 3.1105869529e+06
3.3741561052e+02 3.1168010428e+06
3.3806192580e+02 3.1249636579e+06
3.3770895075e+02 3.1293537939e+06
3.3751431507e+02 3.1327740377e+06
3.3779543649e+02 3.1389821196e+06
3.3812867937e+02 3.1548505653e+06
3.3775818694e+02 3.1622550702e+06
3.3831080763e+02 3.1688528383e+06
3.3852267381e+02 3.1695567553e+06
3.3884004111e+02 3.1760404445e+06
3.3815577102e+02 3.1827129493e+06
3.3815636594e+02 3.1850261204e+06
3.3786401714e+02 3.2038374392e+06
3.3787418931e+02 3.2088379126e+06
3.3803597011e+02 3.2144847963e+06
3.3837788244e+02 3.2186362378e+06
3.3775660715e+02 3.2266684066e+06
3.3786449736e+02 3.2269145999e+06
3.3802844818e+02 3.2520445588e+06
3.3816729252e+02 3.2590382072e+06
3.3791817078e+02 3.2718683077e+06
3.3807680204e+02 3.2782807548e+06
3.3806630600e+02 3.2824000479e+06
3.3773310186e+02 3.2893313208e+06
3.3759270909e+02 3.2908439221e+06
3.3752820544e+02 3.3013364350e+06
3.3873368064e+02 3.3160967810e+06
3.3833286610e+02 3.3169617226e+06
3.3690698813e+02 3.3472281504e+06
3.3654333546e+02 3.3543997058e+06
3.3642170038e+02 3.3673928488e+06
3.3627374079e+02 3.3715013690e+06
3.3620332918e+02 3.3877688383e+06
3.3609973518e+02 3.3976489589e+06
3.3600257317e+02 3.4177403653e+06
3.3577990004e+02 3.4325614118e+06
3.3548507074e+02 3.4571543184e+06
3.3506453678e+02 3.4765085838e+06
3.3469203298e+02 3.5064752542e+06
3.3439221958e+02 3.5301763698e+06
3.3431749865e+02 3.5666573421e+06
3.3434029012e+02 3.5945874354e+06
3.3454153235e+02 3.6393930749e+06
3.3459301220e+02 3.6711634105e+06
3.3497321241e+02 3.6920868594e+06
3.3485208178e+02 3.7130743359e+06
3.3463934192e+02 3.7267639642e+06
3.3477695613e+02 3.7389156155e+06
3.3444910307e+02 3.7613994817e+06
3.3500958093e+02 3.7792946289e+06
3.3455386205e+02 3.7922999676e+06
3.3495983914e+02 3.8046638766e+06
3.3438014811e+02 3.8189156540e+06
3.3440780643e+02 3.8331519079e+06
3.3424206709e+02 3.8526482536e+06
3.3477172946e+02 3.8573977283e+06
3.3493006392e+02 3.8614293671e+06
3.3410662096e+02 3.8682816951e+06
3.3459878433e+02 3.8789771345e+06
3.3410872826e+02 3.8816409913e+06
3.3469419650e+02 3.8946639665e+06
3.3444096821e+02 3.8996808772e+06
3.3410457021e+02 3.9204900383e+06
3.3435033434e+02 3.9231805238e+06
3.3477797284e+02 3.9289121975e+06
3.3483282014e+02 3.9331574198e+06
3.3440154066e+02 3.9402076294e+06
3.3432249835e+02 3.9452556821e+06
3.3413480042e+02 3.9511124784e+06
3.3453030912e+02 3.9584626510e+06
3.3435130022e+02 3.9654736561e+06
3.3425525230e+02 3.9708171375e+06
3.3454677002e+02 3.9836654604e+06
3.3436048411e+02 3.9875760158e+06
3.3448248409e+02 3.9937938859e+06
3.3432327772e+02 3.9962752830e+06
3.3389695729e+02 4.0047494200e+06
3.3448773909e+02 4.0148464119e+06
3.3466504058e+02 4.0213222316e+06
3.3438734945e+02 4.0247211508e+06
3.3493727673e+02 4.0300532321e+06
3.3461357637e+02 4.0366915958e+06
3.3487645655e+02 4.0408141281e+06
3.3486482347e+02 4.0446640909e+06
3.3439704548e+02 4.0485745793e+06
3.3509134880e+02 4.0554611032e+06
3.3507973897e+02 4.0625757604e+06
3.3483258850e+02 4.0666605982e+06
3.3520101490e+02 4.0738288031e+06
3.3481055725e+02 4.0796721331e+06
3.3458812576e+02 4.0880496028e+06
3.3532511309e+02 4.0986197873e+06
3.3545218959e+02 4.1014712304e+06
3.3441752202e+02 4.1093769932e+06
3.3536046306e+02 4.1209755055e+06
3.3543259791e+02 4.1247688551e+06
3.3553943797e+02 4.1322066960e+06
3.3586229978e+02 4.1328470391e+06
3.3522241644e+02 4.1403658773e+06
3.3580958702e+02 4.1465784475e+06
3.3548746394e+02 4.1509825847e+06
3.3582877719e+02 4.1550664820e+06
3.3569750994e+02 4.1622214405e+06
3.3564074285e+02 4.1685148724e+06
3.3574172062e+02 4.1703794957e+06
3.3563173401e+02 4.1772715028e+06
3.3560084161e+02 4.1834330734e+06
3.3563536116e+02 4.1897978004e+06
3.3572283395e+02 4.1950690281e+06
3.3583869848e+02 4.2007552703e+06
3.3596482167e+02 4.2050355316e+06
3.3608422434e+02 4.2099599560e+06
3.3618894410e+02 4.2131994152e+06
3.3627766571e+02 4.2173544103e+06
3.3641581649e+02 4.2231025670e+06
3.3652328431e+02 4.2273276603e+06
3.3673076742e+02 4.2338455582e+06
3.3673382590e+02 4.2383186315e+06
3.3645672658e+02 4.2431005705e+06
3.3622394020e+02 4.2500145476e+06
3.3602932985e+02 4.2584089920e+06
3.3614898183e+02 4.2609218840e+06
3.3589933983e+02 4.2641754023e+06
3.3582964487e+02 4.2714601158e+06
3.3582605646e+02 4.2758603549e+06
3.3587194139e+02 4.2818751398e+06
3.3606472737e+02 4.2895378600e+06
3.3618380317e+02 4.2910708989e+06
3.3683784920e+02 4.2992823262e+06
3.3668478536e+02 4.3050167290e+06
3.3684495301e+02 4.3091445427e+06
3.3684815759e+02 4.3128943948e+06
3.3685725163e+02 4.3212128455e+06
3.3685965355e+02 4.3244224929e+06
3.3686774222e+02 4.3309045605e+06
3.3654543479e+02 4.3329641607e+06
3.3632032953e+02 4.3424499836e+06
3.3658657509e+02 4.3433436984e+06
3.3698173043e+02 4.3511885607e+06
3.3703930887e+02 4.3547317977e+06
3.3611196478e+02 4.3596043449e+06
3.3596598552e+02 4.3676206048e+06
3.3585672978e+02 4.3814820438e+06
3.3579816062e+02 4.3872385745e+06
3.3577934324e+02 4.3979626808e+06
3.3579855494e+02 4.4009322550e+06
3.3584558612e+02 4.4085873678e+06
3.3599223095e+02 4.4130032119e+06
3.3669957977e+02 4.4291544151e+06
3.3676409299e+02 4.4403585967e+06
3.3691905652e+02 4.4440460924e+06
3.3838198295e+02 4.4572607240e+06
3.3846078319e+02 4.4609083277e+06
3.3839340735e+02 4.4658064254e+06
3.3851796455e+02 4.4788808746e+06
3.3824968332e+02 4.4820406942e+06
3.3857423822e+02 4.4857721489e+06
3.3869602104e+02 4.4915693539e+06
3.3866239392e+02 4.4974421742e+06
3.3813428999e+02 4.5037160135e+06
3.3741207164e+02 4.5157321152e+06
3.3886329784e+02 4.5262259319e+06
3.3896954989e+02 4.5308290613e+06
3.3899520995e+02 4.5327925125e+06
3.3902636896e+02 4.5411468316e+06
3.3901332708e+02 4.5439536796e+06
3.3944285405e+02 4.5535400694e+06
3.3918276614e+02 4.5558760282e+06
3.3928125455e+02 4.5600480151e+06
3.3819367919e+02 4.5679204867e+06
3.3972804195e+02 4.5793405820e+06
3.3938020540e+02 4.5802027637e+06
3.3810275221e+02 4.5862640008e+06
3.3777526449e+02 4.6011614811e+06
3.3812173413e+02 4.6304907708e+06
3.3805063703e+02 4.6441336487e+06
3.3799341585e+02 4.6602200318e+06
3.3806811720e+02 4.6752451872e+06
3.3802190685e+02 4.6836567802e+06
3.3808526332e+02 4.6988154907e+06
3.3805358662e+02 4.7055163011e+06
3.3802949479e+02 4.7081329540e+06
3.3809329937e+02 4.7163839330e+06
3.3805933102e+02 4.7190311054e+06
3.3807734911e+02 4.7230022956e+06
3.3811955574e+02 4.7280884747e+06
3.4065871638e+02 4.7528691079e+06
3.4081820915e+02 4.7550298436e+06
3.4095063539e+02 4.7625845459e+06
3.4127859764e+02 4.7650877891e+06
3.4065095953e+02 4.7725920852e+06
3.4078395130e+02 4.7851402959e+06
3.4081552310e+02 4.7920117390e+06
3.4094070295e+02 4.8002769320e+06
3.4108049412e+02 4.8046393869e+06
3.4148555426e+02 4.8145459651e+06
3.4140182367e+02 4.8217521880e+06
3.4108090319e+02 4.8261521043e+06
3.4120024445e+02 4.8445578897e+06
3.4145003824e+02 4.8485079405e+06
3.4161370517e+02 4.8692369188e+06
3.4172204326e+02 4.8767883918e+06
3.4147069206e+02 4.8853020044e+06
3.4206137018e+02 4.9039481427e+06
3.4467468870e+02 4.9273835762e+06
3.4503451266e+02 4.9289884038e+06
3.4270302542e+02 4.9509599001e+06
3.4387077511e+02 4.9780424766e+06
3.4353294457e+02 4.9838281197e+06
3.4278155179e+02 4.9924621940e+06
3.4282978997e+02 4.9987302299e+06
3.4283499805e+02 5.0228218306e+06
3.4552575064e+02 5.0456567724e+06
3.4544642458e+02 5.0499172296e+06
3.4561527535e+02 5.0577959143e+06
3.4540804457e+02 5.0593044541e+06
3.4571653168e+02 5.0653945375e+06
3.4598646196e+02 5.0721092493e+06
3.4546065614e+02 5.0811605580e+06
3.4576629339e+02 5.0895316820e+06
3.4566473919e+02 5.0914462182e+06
3.4611601812e+02 5.1028621053e+06
3.4607633546e+02 5.1074831007e+06
3.4596952781e+02 5.1125979417e+06
3.4625743460e+02 5.1236609574e+06
3.4593774220e+02 5.1290716089e+06
3.4381885388e+02 5.1553405921e+06
3.4397832211e+02 5.1629230913e+06
3.4416967329e+02 5.1673603262e+06
3.4495520972e+02 5.1853277651e+06
3.4462922874e+02 5.1893607113e+06
3.4401572934e+02 5.1908978598e+06
3.4436064647e+02 5.2033056166e+06
3.4452593309e+02 5.2142371088e+06
3.4478943992e+02 5.2215959294e+06
3.4512398444e+02 5.2254503122e+06
3.4459456572e+02 5.2471077090e+06
3.4474833584e+02 5.2496720007e+06
3.4643447849e+02 5.4724916899e+06
3.4672096578e+02 5.4999963881e+06
3.4699139603e+02 5.5159364127e+06
3.4728320017e+02 5.5233476299e+06
3.4734296768e+02 5.5358170298e+06
3.4683329617e+02 5.5489197432e+06
3.4702785225e+02 5.5563005967e+06
}