Pressao_entrada 4274320
Pressao_saida 101300.0
Velocidade_angular 1083.84946425
Temperatura 338.034640945


Ri 0.0875
Rg 0.0979
Rm 0.1035
Ro 0.1095
h 4e-06
hg 5e-06
beta1 2.29
beta2 1
N 10

n_r_1 25
n_r_2 25
n_r_3 25
n_t_1 20
n_t_2 20
n_t_3 20
n_t_4 20
n_t_5 20
n_z_h 10
n_z_hg 10

nCells 9.5000000000e+04
minVol 1.5690293317e-03
maxVol 3.1153540917e-02
totVol 7.1451020740e+02

min_U 0.0000000000e+00
max_U 3.7171441223e+02
min_Rho 9.2793563939e-01
max_Rho 4.2539022012e+01
min_P 1.0130000000e+05
max_P 4.7339205018e+06
min_T 2.9326198317e+02
max_T 3.4465367686e+02
Force 4.3497165722e+03
Shear 9.2886311914e+03
Inlet_Flow -1.2400565893e-04
Outlet_Flow 1.2400799009e-04
Sum_Flow 2.3311547600e-09
Perc_flow 1.6918931449e+00

T_crit 262.541844473
P_crit 11013078.7121
satSize 199
composition methane_0.734168/ethane_0.124349/n-propane_0.077956/isobutane_0.004409/n-butane_0.030661/isopentane_0.002004/n-pentane_0.009218/n-hexane_0.003707/n-heptane_0.001202/n-octane_0.000100/n-nonane_0.000000/n-decane_0.000000/nitrogen_0.006012/co2_0.006212


SaturationCurve
{
2.4915930383e+02 1.0130000000e+05
2.6088780147e+02 2.2254198569e+05
2.6799039283e+02 3.4378397138e+05
2.7319753542e+02 4.6502595707e+05
2.7734392688e+02 5.8626794276e+05
2.8080323494e+02 7.0750992845e+05
2.8377694501e+02 8.2875191414e+05
2.8638680155e+02 9.4999389983e+05
2.8871232441e+02 1.0712358855e+06
2.9080849725e+02 1.1924778712e+06
2.9271503018e+02 1.3137198569e+06
2.9446160566e+02 1.4349618426e+06
2.9607103674e+02 1.5562038283e+06
2.9756126412e+02 1.6774458140e+06
2.9894667105e+02 1.7986877997e+06
3.0023897890e+02 1.9199297854e+06
3.0144787496e+02 2.0411717710e+06
3.0258146353e+02 2.1624137567e+06
3.0364659717e+02 2.2836557424e+06
3.0464912454e+02 2.4048977281e+06
3.0559407906e+02 2.5261397138e+06
3.0648582452e+02 2.6473816995e+06
3.0732816918e+02 2.7686236852e+06
3.0812445608e+02 2.8898656709e+06
3.0887763542e+02 3.0111076566e+06
3.0959032308e+02 3.1323496423e+06
3.1026484840e+02 3.2535916279e+06
3.1090329353e+02 3.3748336136e+06
3.1150752598e+02 3.4960755993e+06
3.1207922588e+02 3.6173175850e+06
3.1261990886e+02 3.7385595707e+06
3.1313094535e+02 3.8598015564e+06
3.1361357701e+02 3.9810435421e+06
3.1406893079e+02 4.1022855278e+06
3.1449803090e+02 4.2235275135e+06
3.1490180923e+02 4.3447694992e+06
3.1528111422e+02 4.4660114848e+06
3.1563671868e+02 4.5872534705e+06
3.1596932650e+02 4.7084954562e+06
3.1627957850e+02 4.8297374419e+06
3.1656805760e+02 4.9509794276e+06
3.1683529324e+02 5.0722214133e+06
3.1708176530e+02 5.1934633990e+06
3.1730790752e+02 5.3147053847e+06
3.1751411047e+02 5.4359473704e+06
3.1770072409e+02 5.5571893561e+06
3.1786805999e+02 5.6784313417e+06
3.1801639331e+02 5.7996733274e+06
3.1814596437e+02 5.9209153131e+06
3.1825698007e+02 6.0421572988e+06
3.1834961495e+02 6.1633992845e+06
3.1842401216e+02 6.2846412702e+06
3.1848028408e+02 6.4058832559e+06
3.1851851278e+02 6.5271252416e+06
3.1853875031e+02 6.6483672273e+06
3.1854101872e+02 6.7696092130e+06
3.1852530990e+02 6.8908511986e+06
3.1849158520e+02 7.0120931843e+06
3.1843977481e+02 7.1333351700e+06
3.1836977694e+02 7.2545771557e+06
3.1828145667e+02 7.3758191414e+06
3.1817464460e+02 7.4970611271e+06
3.1804913513e+02 7.6183031128e+06
3.1790468443e+02 7.7395450985e+06
3.1774100797e+02 7.8607870842e+06
3.1755777768e+02 7.9820290699e+06
3.1735461852e+02 8.1032710555e+06
3.1713110447e+02 8.2245130412e+06
3.1688675388e+02 8.3457550269e+06
3.1662102395e+02 8.4669970126e+06
3.1633330419e+02 8.5882389983e+06
3.1602290884e+02 8.7094809840e+06
3.1568906771e+02 8.8307229697e+06
3.1533091547e+02 8.9519649554e+06
3.1494747870e+02 9.0732069411e+06
3.1453766036e+02 9.1944489268e+06
3.1410022107e+02 9.3156909124e+06
3.1363375614e+02 9.4369328981e+06
3.1313666738e+02 9.5581748838e+06
3.1260712814e+02 9.6794168695e+06
3.1204303932e+02 9.8006588552e+06
3.1144197362e+02 9.9219008409e+06
3.1080110368e+02 1.0043142827e+07
3.1011710831e+02 1.0164384812e+07
3.0938604774e+02 1.0285626798e+07
3.0860319469e+02 1.0406868784e+07
3.0776280016e+02 1.0528110769e+07
3.0685776031e+02 1.0649352755e+07
3.0587912765e+02 1.0770594741e+07
3.0481536696e+02 1.0891836726e+07
3.0365117063e+02 1.1013078712e+07
3.0236546395e+02 1.1134320698e+07
3.0092779634e+02 1.1255562683e+07
2.9929115548e+02 1.1376804669e+07
2.9737557616e+02 1.1498046655e+07
2.9502195586e+02 1.1619288641e+07
2.9179847431e+02 1.1740530626e+07
2.9179847431e+02 1.1740530625e+07
2.8999245382e+02 1.1787638073e+07
2.8818643332e+02 1.1820726019e+07
2.8638041283e+02 1.1840380152e+07
2.8457439233e+02 1.1847088938e+07
2.8276837184e+02 1.1841265914e+07
2.8096235134e+02 1.1823268847e+07
2.7915633085e+02 1.1793416337e+07
2.7735031036e+02 1.1752002164e+07
2.7554428986e+02 1.1699307457e+07
2.7373826937e+02 1.1635610739e+07
2.7193224887e+02 1.1561195994e+07
2.7012622838e+02 1.1476359211e+07
2.6832020789e+02 1.1381414964e+07
2.6651418739e+02 1.1276709544e+07
2.6470816690e+02 1.1162682668e+07
2.6290214640e+02 1.1035282450e+07
2.6109612591e+02 1.0905848424e+07
2.5929010542e+02 1.0765778717e+07
2.5748408492e+02 1.0617430988e+07
2.5567806443e+02 1.0461441218e+07
2.5387204393e+02 1.0298264520e+07
2.5206602344e+02 1.0128337255e+07
2.5026000294e+02 9.9520985481e+06
2.4845398245e+02 9.7699956289e+06
2.4664796196e+02 9.5824857147e+06
2.4484194146e+02 9.3900364637e+06
2.4303592097e+02 9.1931253833e+06
2.4122990047e+02 8.9922380546e+06
2.3942387998e+02 8.7878652173e+06
2.3761785949e+02 8.5804988856e+06
2.3581183899e+02 8.3706278954e+06
2.3400581850e+02 8.1587334382e+06
2.3219979800e+02 7.9452850945e+06
2.3039377751e+02 7.7307377390e+06
2.2858775701e+02 7.5155294269e+06
2.2678173652e+02 7.3000801527e+06
2.2497571603e+02 7.0847912352e+06
2.2316969553e+02 6.8700450496e+06
2.2136367504e+02 6.6562048825e+06
2.1955765454e+02 6.4436147784e+06
2.1775163405e+02 6.2325993341e+06
2.1594561356e+02 6.0234634633e+06
2.1413959306e+02 5.8164921830e+06
2.1233357257e+02 5.6119504817e+06
2.1052755207e+02 5.4100833196e+06
2.0872153158e+02 5.2111157889e+06
2.0691551108e+02 5.0152534445e+06
2.0510949059e+02 4.8226827952e+06
2.0330347010e+02 4.6335719327e+06
2.0149744960e+02 4.4480712705e+06
1.9969142911e+02 4.2663143630e+06
1.9788540861e+02 4.0884187761e+06
1.9607938812e+02 3.9144869848e+06
1.9427336763e+02 3.7446072751e+06
1.9246734713e+02 3.5788546329e+06
1.9066132664e+02 3.4172916032e+06
1.8885530614e+02 3.2599691115e+06
1.8704928565e+02 3.1069272373e+06
1.8524326516e+02 2.9581959409e+06
1.8343724466e+02 2.8137957391e+06
1.8163122417e+02 2.6737383346e+06
1.7982520367e+02 2.5380271974e+06
1.7801918318e+02 2.4066581040e+06
1.7621316268e+02 2.2796196329e+06
1.7440714219e+02 2.1568936218e+06
1.7260112170e+02 2.0384555870e+06
1.7079510120e+02 1.9242751100e+06
1.6898908071e+02 1.8143161931e+06
1.6718306021e+02 1.7085375874e+06
1.6537703972e+02 1.6068930961e+06
1.6357101923e+02 1.5093318560e+06
1.6176499873e+02 1.4157985986e+06
1.5995897824e+02 1.3262338951e+06
1.5815295774e+02 1.2405743854e+06
1.5634693725e+02 1.1587529948e+06
1.5454091675e+02 1.0806991395e+06
1.5273489626e+02 1.0063389232e+06
1.5092887577e+02 9.3559532539e+05
1.4912285527e+02 8.6838838432e+05
1.4731683478e+02 8.0463537484e+05
1.4551081428e+02 7.4425098291e+05
1.4370479379e+02 6.8714747820e+05
1.4189877330e+02 6.3323488578e+05
1.4009275280e+02 5.8242115823e+05
1.3828673231e+02 5.3461234925e+05
1.3648071181e+02 4.8971278980e+05
1.3467469132e+02 4.4762526788e+05
1.3286867083e+02 4.0825121276e+05
1.3106265033e+02 3.7149088454e+05
1.2925662984e+02 3.3724356977e+05
1.2745060934e+02 3.0540778383e+05
1.2564458885e+02 2.7588148043e+05
1.2383856835e+02 2.4856226876e+05
1.2203254786e+02 2.2334763831e+05
1.2022652737e+02 2.0013519165e+05
1.1842050687e+02 1.7882288485e+05
1.1661448638e+02 1.5930927538e+05
1.1480846588e+02 1.4149377698e+05
1.1300244539e+02 1.2527692077e+05
1.1119642490e+02 1.1056062166e+05
}

T_margin 12.7510303749
T_sat_margin 287.217791208
T_hull_margin 299.968821583
P_hull_margin 993317.849834

caseHull
{
3.2580495808e+02 3.2851161545e+05
3.2552476566e+02 3.3267945860e+05
3.2536734267e+02 3.3565769017e+05
3.2519375756e+02 3.3899293102e+05
3.2485474254e+02 3.4573971387e+05
3.2472814952e+02 3.4875754650e+05
3.2459280060e+02 3.5173645884e+05
2.9767788800e+02 5.3016069610e+05
2.9750709438e+02 5.3807666157e+05
2.9813389872e+02 5.4078836101e+05
2.9884713312e+02 5.5015948815e+05
2.9966388872e+02 5.5651002574e+05
2.9998494749e+02 5.5955134413e+05
2.9990238427e+02 5.6411977155e+05
2.9820935501e+02 6.1929330299e+05
2.9790037731e+02 6.3785189590e+05
2.9807554136e+02 6.4805409569e+05
2.9845704422e+02 6.8217178132e+05
2.9810793364e+02 7.0473093661e+05
2.9854826433e+02 7.0814142439e+05
2.9811252018e+02 7.2449494574e+05
2.9830643124e+02 7.3468787356e+05
2.9797072256e+02 7.5533508934e+05
2.9794518353e+02 7.7292125969e+05
2.9819924637e+02 7.8478148354e+05
2.9843439814e+02 8.2635362875e+05
2.9849250296e+02 8.2988856937e+05
2.9868158734e+02 8.5366231626e+05
2.9891992951e+02 8.7894484661e+05
2.9934961838e+02 8.8906471568e+05
2.9893105782e+02 8.9479620663e+05
2.9919689560e+02 9.0344701508e+05
2.9888992447e+02 9.1351055011e+05
2.9926175646e+02 9.1706973718e+05
2.9946647405e+02 9.2269718623e+05
2.9961380744e+02 9.2572673722e+05
2.9929217380e+02 9.3173218327e+05
2.9958214453e+02 9.3913192790e+05
3.0003418826e+02 9.6262049370e+05
2.9981337677e+02 9.6734178950e+05
2.9996882158e+02 9.9331784983e+05
3.2708099918e+02 1.1130690219e+06
3.2753674025e+02 1.1155879769e+06
3.2714464007e+02 1.1231391871e+06
3.2720518315e+02 1.1330992074e+06
3.2724845932e+02 1.1412551279e+06
3.2728515098e+02 1.1487552886e+06
3.2734144163e+02 1.1581546610e+06
3.2737555288e+02 1.1645720126e+06
3.2743176777e+02 1.1722819625e+06
3.2748543083e+02 1.1816352705e+06
3.2795751276e+02 1.1846143280e+06
3.2755415175e+02 1.1896044019e+06
3.2760252294e+02 1.1956987070e+06
3.2763727248e+02 1.1995465007e+06
3.2768563877e+02 1.2041990101e+06
3.2773213588e+02 1.2082983982e+06
3.2776664658e+02 1.2107415113e+06
3.2785403595e+02 1.2161995418e+06
3.2794437174e+02 1.2207930644e+06
3.2801213562e+02 1.2251050876e+06
3.2816964603e+02 1.2306534367e+06
3.2863667934e+02 1.2362761628e+06
3.2819980544e+02 1.2400091800e+06
3.2834474351e+02 1.2432194263e+06
3.2823548473e+02 1.2492360310e+06
3.2844293872e+02 1.2540608533e+06
3.2849587968e+02 1.2589689945e+06
3.2827779287e+02 1.2590763291e+06
3.2831417032e+02 1.2671844386e+06
3.2863147644e+02 1.2691838936e+06
3.2866253638e+02 1.2758142476e+06
3.2837249820e+02 1.2778767283e+06
3.2843036590e+02 1.2881445438e+06
3.2873130403e+02 1.2972992613e+06
3.2851285417e+02 1.3008989457e+06
3.2876202673e+02 1.3068193481e+06
3.2858111765e+02 1.3117568142e+06
3.2880389136e+02 1.3166585085e+06
3.2864131741e+02 1.3217864143e+06
3.2884464695e+02 1.3261058299e+06
3.2869013699e+02 1.3301307497e+06
3.2872519362e+02 1.3368857209e+06
3.2878016562e+02 1.3459950269e+06
3.2881956410e+02 1.3529507693e+06
3.2928415081e+02 1.3584919145e+06
3.2887316024e+02 1.3611500805e+06
3.2907115454e+02 1.3668094817e+06
3.2893024202e+02 1.3695973515e+06
3.2896055438e+02 1.3744394285e+06
3.2901973645e+02 1.3821846594e+06
3.2919725432e+02 1.3868510688e+06
3.2906450051e+02 1.3879581949e+06
3.2911390364e+02 1.3937692815e+06
3.2916408136e+02 1.3991373398e+06
3.2921711761e+02 1.4043767436e+06
3.2926664926e+02 1.4087731587e+06
3.2931444955e+02 1.4124426842e+06
3.2936537429e+02 1.4161747429e+06
3.2939476768e+02 1.4192672549e+06
3.2939737180e+02 1.4235309357e+06
3.2944663099e+02 1.4275379582e+06
3.2943448041e+02 1.4338137101e+06
3.2950281851e+02 1.4357443422e+06
3.2954551656e+02 1.4423192702e+06
3.2947805489e+02 1.4442978702e+06
3.2960084907e+02 1.4498199262e+06
3.2952546955e+02 1.4548313999e+06
3.2957459289e+02 1.4647993628e+06
3.2975122684e+02 1.4679444831e+06
3.2980795619e+02 1.4738339518e+06
3.2963524098e+02 1.4761333767e+06
3.2991464743e+02 1.4834418769e+06
3.2969396334e+02 1.4867545665e+06
3.2986581220e+02 1.4894650444e+06
3.3006867697e+02 1.4940504513e+06
3.2976458943e+02 1.4985595419e+06
3.2982872689e+02 1.5093369773e+06
3.2994333539e+02 1.5112479497e+06
3.2989084493e+02 1.5197294138e+06
3.3041404917e+02 1.5237133651e+06
3.2994865637e+02 1.5293095539e+06
3.3003897664e+02 1.5329175690e+06
3.2999955046e+02 1.5379284962e+06
3.3009223626e+02 1.5436631183e+06
3.3005844759e+02 1.5475551717e+06
3.3011067069e+02 1.5560563174e+06
3.3016590605e+02 1.5647994432e+06
3.3022322121e+02 1.5736368547e+06
3.3027627118e+02 1.5767129083e+06
3.3027136837e+02 1.5809098018e+06
3.3032874422e+02 1.5890873660e+06
3.3044121812e+02 1.5904476087e+06
3.3037891894e+02 1.5959417518e+06
3.3043356595e+02 1.6029264251e+06
3.3046520764e+02 1.6076374445e+06
3.3050955151e+02 1.6138460530e+06
3.3052541404e+02 1.6173143925e+06
3.3059766358e+02 1.6208818243e+06
3.3055056731e+02 1.6255342498e+06
3.3070520010e+02 1.6303013478e+06
3.3059559246e+02 1.6371420900e+06
3.3085342766e+02 1.6412751766e+06
3.3070187016e+02 1.6455328048e+06
3.3064484832e+02 1.6487492740e+06
3.3076021859e+02 1.6545489749e+06
3.3069898802e+02 1.6605027358e+06
3.3089660790e+02 1.6648302078e+06
3.3075501497e+02 1.6719082256e+06
3.3092824362e+02 1.6769154187e+06
3.3092673820e+02 1.6790387284e+06
3.3081820759e+02 1.6839840301e+06
3.3096459630e+02 1.6890002229e+06
3.3088040528e+02 1.6954125958e+06
3.3109351296e+02 1.6998902714e+06
3.3100574426e+02 1.7013118336e+06
3.3094943519e+02 1.7074219846e+06
3.3120710412e+02 1.7116502547e+06
3.3104924308e+02 1.7133411313e+06
3.3101624680e+02 1.7188283716e+06
3.3109716293e+02 1.7255360360e+06
3.3108428870e+02 1.7301772919e+06
3.3151828032e+02 1.7324120584e+06
3.3114862027e+02 1.7376001743e+06
3.3115048885e+02 1.7410363515e+06
3.3120501760e+02 1.7498915203e+06
3.3126392490e+02 1.7619742819e+06
3.3132736451e+02 1.7742509522e+06
3.3148487773e+02 1.7758650138e+06
3.3140576861e+02 1.7821185085e+06
3.3139048455e+02 1.7860122760e+06
3.3146771942e+02 1.7919020006e+06
3.3145812567e+02 1.7979899183e+06
3.3155731182e+02 1.8015534123e+06
3.3152556645e+02 1.8095454710e+06
3.3159855481e+02 1.8142891585e+06
3.3164280531e+02 1.8185391769e+06
3.3159606574e+02 1.8212717696e+06
3.3164523424e+02 1.8275244724e+06
3.3166629722e+02 1.8327185868e+06
3.3169331290e+02 1.8404013666e+06
3.3173739175e+02 1.8441295244e+06
3.3187327914e+02 1.8482937788e+06
3.3174561193e+02 1.8534799460e+06
3.3180659368e+02 1.8551783391e+06
3.3198598869e+02 1.8598533616e+06
3.3180021632e+02 1.8663739244e+06
3.3197045110e+02 1.8718378954e+06
3.3214262726e+02 1.8722591701e+06
3.3185923619e+02 1.8794407950e+06
3.3200943148e+02 1.8847833745e+06
3.3200787095e+02 1.8870444050e+06
3.3192045946e+02 1.8922600092e+06
3.3207210503e+02 1.8971357343e+06
3.3205597233e+02 1.8985071449e+06
3.3198681354e+02 1.9054046878e+06
3.3210335959e+02 1.9118633614e+06
3.3205384358e+02 1.9181058826e+06
3.3215486668e+02 1.9256554128e+06
3.3212554841e+02 1.9310848442e+06
3.3220702661e+02 1.9390898280e+06
3.3219758164e+02 1.9436668622e+06
3.3243307284e+02 1.9486887297e+06
3.3226354039e+02 1.9528828984e+06
3.3227215024e+02 1.9562788022e+06
3.3254853643e+02 1.9616076325e+06
3.3232115772e+02 1.9663659138e+06
3.3248983357e+02 1.9693139837e+06
3.3270776670e+02 1.9755312172e+06
3.3238327385e+02 1.9801577926e+06
3.3252750515e+02 1.9827031666e+06
3.3294026968e+02 1.9886480786e+06
3.3244671877e+02 1.9936478052e+06
3.3257629247e+02 1.9973494836e+06
3.3288202078e+02 2.0029331249e+06
3.3251428155e+02 2.0073108377e+06
3.3262525029e+02 2.0113369049e+06
3.3264291715e+02 2.0158950545e+06
3.3258320683e+02 2.0206654939e+06
3.3268106169e+02 2.0262182347e+06
3.3271403999e+02 2.0271855128e+06
3.3265594892e+02 2.0341488129e+06
3.3278277182e+02 2.0381026363e+06
3.3273569054e+02 2.0405393720e+06
3.3273027308e+02 2.0473959104e+06
3.3284949436e+02 2.0487007829e+06
3.3279516437e+02 2.0554923260e+06
3.3280810670e+02 2.0607712412e+06
3.3285377153e+02 2.0699513288e+06
3.3288664244e+02 2.0738850860e+06
3.3303866006e+02 2.0779070862e+06
3.3291625030e+02 2.0848109109e+06
3.3346422149e+02 2.0907423328e+06
3.3315876562e+02 2.0948022518e+06
3.3297889971e+02 2.0993130699e+06
3.3307539111e+02 2.1031849131e+06
3.3327467020e+02 2.1090786391e+06
3.3304526394e+02 2.1140689003e+06
3.3313295671e+02 2.1178613526e+06
3.3336417375e+02 2.1227089934e+06
3.3320688990e+02 2.1249929102e+06
3.3311257291e+02 2.1285458763e+06
3.3319812050e+02 2.1337451533e+06
3.3328455697e+02 2.1372362649e+06
3.3318352760e+02 2.1432122648e+06
3.3326008969e+02 2.1488141601e+06
3.3338193792e+02 2.1534870162e+06
3.3325581088e+02 2.1575767201e+06
3.3343306268e+02 2.1607851452e+06
3.3332713299e+02 2.1646883148e+06
3.3342335492e+02 2.1693877744e+06
3.3333179765e+02 2.1720974298e+06
3.3339204300e+02 2.1799406274e+06
3.3346681225e+02 2.1834799012e+06
3.3340923603e+02 2.1863444795e+06
3.3363743613e+02 2.1932332245e+06
3.3346103455e+02 2.1957216492e+06
3.3348988022e+02 2.2006593636e+06
3.3370129145e+02 2.2030725008e+06
3.3352901547e+02 2.2110357717e+06
3.3357192291e+02 2.2147298782e+06
3.3381330617e+02 2.2167991291e+06
3.3382415704e+02 2.2208272486e+06
3.3360028142e+02 2.2267030700e+06
3.3366672812e+02 2.2327125105e+06
3.3394049888e+02 2.2355746853e+06
3.3367163364e+02 2.2420190964e+06
3.3374090377e+02 2.2425808073e+06
3.3373547170e+02 2.2485834838e+06
3.3415251735e+02 2.2546616815e+06
3.3374626804e+02 2.2575506028e+06
3.3381234553e+02 2.2626374091e+06
3.3381241956e+02 2.2659052412e+06
3.3382192882e+02 2.2728319712e+06
3.3387180169e+02 2.2801629133e+06
3.3388418880e+02 2.2821592068e+06
3.3390088106e+02 2.2882505168e+06
3.3392552052e+02 2.2945746893e+06
3.3396138385e+02 2.2993723120e+06
3.3398160387e+02 2.3034886321e+06
3.3415634205e+02 2.3084620848e+06
3.3400629572e+02 2.3130926465e+06
3.3406573730e+02 2.3188256893e+06
3.3407704974e+02 2.3289458111e+06
3.3411267517e+02 2.3328050393e+06
3.3416486937e+02 2.3477949863e+06
3.3418807709e+02 2.3492468434e+06
3.3444121676e+02 2.3545917937e+06
3.3424265302e+02 2.3645336778e+06
3.3426660851e+02 2.3660859769e+06
3.3424626733e+02 2.3711127160e+06
3.3433145369e+02 2.3833280748e+06
3.3428560672e+02 2.3848832083e+06
3.3468062176e+02 2.3904964709e+06
3.3451563606e+02 2.3938597536e+06
3.3441216991e+02 2.4005339046e+06
3.3436684853e+02 2.4051398001e+06
3.3460854874e+02 2.4085009274e+06
3.3488918505e+02 2.4119794516e+06
3.3450469667e+02 2.4155298697e+06
3.3443536523e+02 2.4210954998e+06
3.3485358189e+02 2.4260235743e+06
3.3495452279e+02 2.4295073249e+06
3.3458786551e+02 2.4320573142e+06
3.3458254355e+02 2.4365009870e+06
3.3453388438e+02 2.4421639428e+06
3.3467203870e+02 2.4483428863e+06
3.3461520827e+02 2.4515563831e+06
3.3466994343e+02 2.4547701451e+06
3.3456684445e+02 2.4592453006e+06
3.3475926830e+02 2.4647361597e+06
3.3475359878e+02 2.4722488907e+06
3.3504159664e+02 2.4773504275e+06
3.3471917882e+02 2.4806882098e+06
3.3465305513e+02 2.4863343907e+06
3.3484078429e+02 2.4902744066e+06
3.3468931640e+02 2.4979280547e+06
3.3480764270e+02 2.4989440587e+06
3.3492600989e+02 2.5077721832e+06
3.3495398050e+02 2.5144222401e+06
3.3490925359e+02 2.5196818188e+06
3.3479559605e+02 2.5217455530e+06
3.3485727153e+02 2.5270294982e+06
3.3512844708e+02 2.5291949123e+06
3.3486496076e+02 2.5371698796e+06
3.3500002201e+02 2.5383210284e+06
3.3510144073e+02 2.5431491373e+06
3.3489304511e+02 2.5516941948e+06
3.3509953596e+02 2.5585572793e+06
3.3489579737e+02 2.5633696025e+06
3.3519151826e+02 2.5772998354e+06
3.3506965523e+02 2.5794074066e+06
3.3551660189e+02 2.5912848549e+06
3.3502186731e+02 2.5976873482e+06
3.3518825964e+02 2.6033062310e+06
3.3561080331e+02 2.6061066989e+06
3.3507819340e+02 2.6122541314e+06
3.3538216605e+02 2.6157807090e+06
3.3570228847e+02 2.6206552785e+06
3.3528189180e+02 2.6224836860e+06
3.3556922860e+02 2.6316420535e+06
3.3547885859e+02 2.6351437763e+06
3.3521358362e+02 2.6416453323e+06
3.3539659091e+02 2.6455234991e+06
3.3566946686e+02 2.6493143032e+06
3.3557248732e+02 2.6538080995e+06
3.3512907570e+02 2.6602379607e+06
3.3515788886e+02 2.6618113656e+06
3.3526803075e+02 2.6691817426e+06
3.3519955648e+02 2.6701514597e+06
3.3510655072e+02 2.6768651204e+06
3.3507098092e+02 2.6850736601e+06
3.3537896351e+02 2.6890317349e+06
3.3531701409e+02 2.6945545909e+06
3.3518691817e+02 2.6975990732e+06
3.3568445884e+02 2.7051329188e+06
3.3553531345e+02 2.7093100511e+06
3.3537289104e+02 2.7119977613e+06
3.3081936204e+02 2.7305146969e+06
3.3229525559e+02 2.7364439872e+06
3.3455139538e+02 2.7523900574e+06
3.3557364503e+02 2.7580253775e+06
3.3615776316e+02 2.7664883268e+06
3.3601966899e+02 2.7695990116e+06
3.3319583155e+02 2.7817617157e+06
3.3220489836e+02 2.8222760307e+06
3.3201973691e+02 2.8873570002e+06
3.3340977484e+02 2.9137788299e+06
3.3557103597e+02 2.9255805129e+06
3.3543212912e+02 2.9275222595e+06
3.3270385371e+02 2.9427456039e+06
3.3325533106e+02 2.9631178957e+06
3.3288899198e+02 2.9678568993e+06
3.3309456440e+02 2.9829468131e+06
3.3276958507e+02 2.9860468343e+06
3.3227206318e+02 2.9899117789e+06
3.3158259994e+02 3.0016717469e+06
3.3341629682e+02 3.0121294160e+06
3.3368624778e+02 3.0167927771e+06
3.3334505659e+02 3.0209816871e+06
3.3390974904e+02 3.0247876771e+06
3.3354004165e+02 3.0291136636e+06
3.3323590110e+02 3.0319718006e+06
3.3211962644e+02 3.0390168578e+06
3.3198718451e+02 3.0476538836e+06
3.3226850447e+02 3.0608250281e+06
3.3243830713e+02 3.1002540387e+06
3.3267317888e+02 3.1030234068e+06
3.3243704537e+02 3.1166860526e+06
3.3243084832e+02 3.1369166020e+06
3.3261913885e+02 3.1389711824e+06
3.3315464598e+02 3.1435292830e+06
3.3288379935e+02 3.1485259457e+06
3.3273972840e+02 3.1776041732e+06
3.3323504302e+02 3.1867761768e+06
3.3277315023e+02 3.1950816147e+06
3.3302095268e+02 3.2016480006e+06
3.3291139925e+02 3.2119814865e+06
3.3300642926e+02 3.2153065813e+06
3.3312851861e+02 3.2278973410e+06
3.3344422854e+02 3.2330464177e+06
3.3339356877e+02 3.2363280833e+06
3.3305432339e+02 3.2418615642e+06
3.3306450703e+02 3.2460864230e+06
3.3333667803e+02 3.2512517019e+06
3.3342571972e+02 3.2545141566e+06
3.3346547083e+02 3.2578122954e+06
3.3362612631e+02 3.2611683569e+06
3.3320482284e+02 3.2744111344e+06
3.3368332938e+02 3.2803046037e+06
3.3367774149e+02 3.2835633082e+06
3.3385188265e+02 3.2934388134e+06
3.3329011313e+02 3.3012478833e+06
3.3344218857e+02 3.3056413963e+06
3.3374078775e+02 3.3123497328e+06
3.3343262340e+02 3.3182904958e+06
3.3361910031e+02 3.3233514942e+06
3.3374081347e+02 3.3287275167e+06
3.3346908021e+02 3.3430740029e+06
3.3377707772e+02 3.3478989824e+06
3.3354817523e+02 3.3564245181e+06
3.3385926074e+02 3.3613819584e+06
3.3407907137e+02 3.3719079125e+06
3.3393407237e+02 3.3798352577e+06
3.3430757533e+02 3.3816924897e+06
3.3369351080e+02 3.3920664751e+06
3.3370571022e+02 3.3945751394e+06
3.3385371964e+02 3.4074528029e+06
3.3377029583e+02 3.4150572600e+06
3.3399053788e+02 3.4179915473e+06
3.3384585004e+02 3.4199357938e+06
3.3420338318e+02 3.4350512396e+06
3.3414221774e+02 3.4387576001e+06
3.3408805074e+02 3.4446926885e+06
3.3402142349e+02 3.4485131698e+06
3.3395160466e+02 3.4588703094e+06
3.3341304789e+02 3.4620925128e+06
3.3322492500e+02 3.4747030881e+06
3.3309454000e+02 3.4815622080e+06
3.3307514514e+02 3.4967157804e+06
3.3307745172e+02 3.5080467047e+06
3.3313615421e+02 3.5262911032e+06
3.3318284794e+02 3.5413716308e+06
3.3457109248e+02 3.5464346428e+06
3.3443871775e+02 3.5481793172e+06
3.3326699844e+02 3.5632684580e+06
3.3389731562e+02 3.5669721590e+06
3.3416088213e+02 3.5715942654e+06
3.3412399193e+02 3.5772999878e+06
3.3333888387e+02 3.5817809510e+06
3.3344480971e+02 3.5853843818e+06
3.3372259892e+02 3.5918066866e+06
3.3395868946e+02 3.5980892406e+06
3.3347739977e+02 3.6080498845e+06
3.3390691962e+02 3.6110861952e+06
3.3347607773e+02 3.6149411119e+06
3.3362003380e+02 3.6298472634e+06
3.3354832084e+02 3.6391091552e+06
3.3382734194e+02 3.6424535134e+06
3.3405465042e+02 3.6446675893e+06
3.3414328563e+02 3.6518286291e+06
3.3370680964e+02 3.6577009062e+06
3.3382856395e+02 3.6614274456e+06
3.3390314472e+02 3.6635500491e+06
3.3368655565e+02 3.6685367448e+06
3.3418011802e+02 3.6742606340e+06
3.3384354364e+02 3.6784288610e+06
3.3386798158e+02 3.6817927955e+06
3.3396631845e+02 3.6863601911e+06
3.3382531533e+02 3.6934213363e+06
3.3383015157e+02 3.6977871280e+06
3.3394181197e+02 3.7052737695e+06
3.3429454039e+02 3.7100189982e+06
3.3384821888e+02 3.7151041105e+06
3.3401368455e+02 3.7155103416e+06
3.3396507766e+02 3.7240187117e+06
3.3413200641e+02 3.7290548636e+06
3.3388197911e+02 3.7352512956e+06
3.3408614355e+02 3.7379244518e+06
3.3410335983e+02 3.7459974134e+06
3.3429925879e+02 3.7487987473e+06
3.3393499608e+02 3.7548180395e+06
3.3414377374e+02 3.7589364062e+06
3.3422864610e+02 3.7665039924e+06
3.3419808781e+02 3.7683139932e+06
3.3400032610e+02 3.7759884339e+06
3.3453130097e+02 3.7795139907e+06
3.3428791733e+02 3.7854387634e+06
3.3428901538e+02 3.7871912033e+06
3.3431266720e+02 3.7911295102e+06
3.3409171629e+02 3.7977054412e+06
3.3429905120e+02 3.7990237547e+06
3.3439613534e+02 3.8057148457e+06
3.3441041854e+02 3.8107637915e+06
3.3463133972e+02 3.8158468819e+06
3.3419003554e+02 3.8200423805e+06
3.3447659428e+02 3.8231156347e+06
3.3422720902e+02 3.8281649373e+06
3.3453728815e+02 3.8340509214e+06
3.3467808288e+02 3.8362311218e+06
3.3457720755e+02 3.8428845231e+06
3.3417622733e+02 3.8455895086e+06
3.3463181270e+02 3.8516151667e+06
3.3459449302e+02 3.8531995617e+06
3.3465485441e+02 3.8592336202e+06
3.3470639378e+02 3.8644646978e+06
3.3438291929e+02 3.8673932547e+06
3.3409559295e+02 3.8695404421e+06
3.3473417518e+02 3.8739910192e+06
3.3477314682e+02 3.8817136618e+06
3.3478986942e+02 3.8855992746e+06
3.3431195809e+02 3.8882421561e+06
3.3444004864e+02 3.8933392291e+06
3.3405708737e+02 3.8985950799e+06
3.3428450490e+02 3.9094967384e+06
3.3413812180e+02 3.9171223403e+06
3.3402556335e+02 3.9243177881e+06
3.3421560496e+02 3.9289074897e+06
3.3478633012e+02 3.9406778576e+06
3.3440654801e+02 3.9467089737e+06
3.3420065882e+02 3.9500450685e+06
3.3408064127e+02 3.9575134474e+06
3.3436497139e+02 3.9610555830e+06
3.3435037256e+02 3.9637401389e+06
3.3423240850e+02 3.9704983591e+06
3.3423876100e+02 3.9711316176e+06
3.3437292213e+02 3.9777564008e+06
3.3434297766e+02 3.9805040524e+06
3.3414679241e+02 3.9844715031e+06
3.3472909456e+02 3.9921545706e+06
3.3425481652e+02 3.9933668736e+06
3.3433800211e+02 4.0009909096e+06
3.3430885525e+02 4.0037561486e+06
3.3470384366e+02 4.0072347786e+06
3.3430885662e+02 4.0135911582e+06
3.3447973783e+02 4.0155988847e+06
3.3431711832e+02 4.0227185846e+06
3.3429202200e+02 4.0246099103e+06
3.3399267097e+02 4.0324836628e+06
3.3460436966e+02 4.0341741389e+06
3.3444247772e+02 4.0371353619e+06
3.3480062030e+02 4.0417714865e+06
3.3444239988e+02 4.0497890457e+06
3.3475818602e+02 4.0519519378e+06
3.3436071722e+02 4.0560449238e+06
3.3477588159e+02 4.0599078886e+06
3.3491326555e+02 4.0642145261e+06
3.3494457638e+02 4.0714141519e+06
3.3440204188e+02 4.0757538686e+06
3.3475902539e+02 4.0820759695e+06
3.3506503274e+02 4.0882573721e+06
3.3475549313e+02 4.0938070140e+06
3.3503637091e+02 4.0947633662e+06
3.3494190752e+02 4.1009902939e+06
3.3457396783e+02 4.1063226756e+06
3.3532146288e+02 4.1097641505e+06
3.3518729251e+02 4.1131650408e+06
3.3459718921e+02 4.1201031858e+06
3.3442172186e+02 4.1234956299e+06
3.3519580580e+02 4.1254508471e+06
3.3535824701e+02 4.1300669491e+06
3.3518763289e+02 4.1350232677e+06
3.3527087842e+02 4.1414085146e+06
3.3507100323e+02 4.1464244534e+06
3.3537165271e+02 4.1505507549e+06
3.3528377364e+02 4.1546942433e+06
3.3557356805e+02 4.1582124130e+06
3.3518785914e+02 4.1647382942e+06
3.3537239343e+02 4.1659210017e+06
3.3546671157e+02 4.1737208086e+06
3.3518819876e+02 4.1762050045e+06
3.3559759657e+02 4.1797623235e+06
3.3556379534e+02 4.1834589359e+06
3.3565406483e+02 4.1900791158e+06
3.3521534788e+02 4.1961999009e+06
3.3556347399e+02 4.2005787332e+06
3.3528121131e+02 4.2071872358e+06
3.3574590049e+02 4.2128855566e+06
3.3554646953e+02 4.2170264311e+06
3.3587603037e+02 4.2193809965e+06
3.3536475943e+02 4.2245950391e+06
3.3545505109e+02 4.2342310686e+06
3.3617058536e+02 4.2373711525e+06
3.3631168759e+02 4.2428234393e+06
3.3583363481e+02 4.2459020453e+06
3.3555339542e+02 4.2492096467e+06
3.3564021371e+02 4.2569495784e+06
3.3609677587e+02 4.2598077544e+06
3.3592584062e+02 4.2640117286e+06
3.3572892676e+02 4.2696269024e+06
3.3579946736e+02 4.2751210215e+06
3.3618040786e+02 4.2783073485e+06
3.3619219629e+02 4.2815437236e+06
3.3587059093e+02 4.2856101225e+06
3.3592538217e+02 4.2886568715e+06
3.3597953879e+02 4.2970273898e+06
3.3602766055e+02 4.2975392752e+06
3.3606912664e+02 4.3038353446e+06
3.3616190818e+02 4.3061170393e+06
3.3639333729e+02 4.3120647423e+06
3.3656541688e+02 4.3158027037e+06
3.3645532059e+02 4.3225872892e+06
3.3643234997e+02 4.3250500508e+06
3.3655621018e+02 4.3308704329e+06
3.3645164933e+02 4.3368366118e+06
3.3671400392e+02 4.3411155648e+06
3.3639992426e+02 4.3440519665e+06
3.3652888021e+02 4.3475590873e+06
3.3621038799e+02 4.3514585466e+06
3.3676397345e+02 4.3551706679e+06
3.3651471322e+02 4.3612396006e+06
3.3643559437e+02 4.3637169953e+06
3.3629798461e+02 4.3696689945e+06
3.3672127548e+02 4.3722781870e+06
3.3674411227e+02 4.3790639336e+06
3.3674912587e+02 4.3811665409e+06
3.3681067131e+02 4.3936288700e+06
3.3681371895e+02 4.3953789879e+06
3.3657107761e+02 4.3997895307e+06
3.3665873822e+02 4.4050662443e+06
3.3648536420e+02 4.4143634425e+06
3.3681629101e+02 4.4209813560e+06
3.3691363905e+02 4.4266655755e+06
3.3658680877e+02 4.4297756804e+06
3.3706528013e+02 4.4343653969e+06
3.3699824330e+02 4.4401380959e+06
3.3675800135e+02 4.4626455252e+06
3.3685699249e+02 4.4744053114e+06
3.3727666815e+02 4.4901692988e+06
3.3727023244e+02 4.4930062761e+06
3.3700586901e+02 4.4991832117e+06
3.3708504336e+02 4.5066255395e+06
3.3720602253e+02 4.5255405967e+06
3.3725423433e+02 4.5278675911e+06
3.3735969675e+02 4.5384014209e+06
3.3734567897e+02 4.5421638071e+06
3.3746420826e+02 4.5485999343e+06
3.3742272810e+02 4.5486839781e+06
3.4111764959e+02 4.6997072507e+06
3.4090486869e+02 4.7095836670e+06
3.4107801918e+02 4.7119224679e+06
3.4173987024e+02 4.7235166729e+06
3.4167409148e+02 4.7266265762e+06
3.4108872503e+02 4.7337674624e+06
}