Pressao_entrada 4274320
Pressao_saida 101300.0
Velocidade_angular 1083.84946425
Temperatura 337.918324588


Ri 0.0875
Rg 0.0979
Rm 0.1035
Ro 0.1095
h 5e-06
hg 5e-06
beta1 2.29
beta2 1
N 10

n_r_1 25
n_r_2 25
n_r_3 25
n_t_1 20
n_t_2 20
n_t_3 20
n_t_4 20
n_t_5 20
n_z_h 10
n_z_hg 10

nCells 9.5000000000e+04
minVol 1.9612866646e-03
maxVol 3.8941926147e-02
totVol 8.5066583658e+02

min_U 0.0000000000e+00
max_U 3.7177960629e+02
min_Rho 9.4301321482e-01
max_Rho 4.0328291370e+01
min_P 1.0130000000e+05
max_P 4.4404336413e+06
min_T 2.8453593317e+02
max_T 3.3863921105e+02
Force 4.2174542381e+03
Shear 9.1314832807e+03
Inlet_Flow -2.1076101311e-04
Outlet_Flow 2.1074674081e-04
Sum_Flow -1.4272305350e-08
Perc_flow 1.8984713682e+00

T_crit 262.541844473
P_crit 11013078.7121
satSize 199
composition methane_0.734168/ethane_0.124349/n-propane_0.077956/isobutane_0.004409/n-butane_0.030661/isopentane_0.002004/n-pentane_0.009218/n-hexane_0.003707/n-heptane_0.001202/n-octane_0.000100/n-nonane_0.000000/n-decane_0.000000/nitrogen_0.006012/co2_0.006212


SaturationCurve
{
2.4915930383e+02 1.0130000000e+05
2.6088780147e+02 2.2254198569e+05
2.6799039283e+02 3.4378397138e+05
2.7319753542e+02 4.6502595707e+05
2.7734392688e+02 5.8626794276e+05
2.8080323494e+02 7.0750992845e+05
2.8377694501e+02 8.2875191414e+05
2.8638680155e+02 9.4999389983e+05
2.8871232441e+02 1.0712358855e+06
2.9080849725e+02 1.1924778712e+06
2.9271503018e+02 1.3137198569e+06
2.9446160566e+02 1.4349618426e+06
2.9607103674e+02 1.5562038283e+06
2.9756126412e+02 1.6774458140e+06
2.9894667105e+02 1.7986877997e+06
3.0023897890e+02 1.9199297854e+06
3.0144787496e+02 2.0411717710e+06
3.0258146353e+02 2.1624137567e+06
3.0364659717e+02 2.2836557424e+06
3.0464912454e+02 2.4048977281e+06
3.0559407906e+02 2.5261397138e+06
3.0648582452e+02 2.6473816995e+06
3.0732816918e+02 2.7686236852e+06
3.0812445608e+02 2.8898656709e+06
3.0887763542e+02 3.0111076566e+06
3.0959032308e+02 3.1323496423e+06
3.1026484840e+02 3.2535916279e+06
3.1090329353e+02 3.3748336136e+06
3.1150752598e+02 3.4960755993e+06
3.1207922588e+02 3.6173175850e+06
3.1261990886e+02 3.7385595707e+06
3.1313094535e+02 3.8598015564e+06
3.1361357701e+02 3.9810435421e+06
3.1406893079e+02 4.1022855278e+06
3.1449803090e+02 4.2235275135e+06
3.1490180923e+02 4.3447694992e+06
3.1528111422e+02 4.4660114848e+06
3.1563671868e+02 4.5872534705e+06
3.1596932650e+02 4.7084954562e+06
3.1627957850e+02 4.8297374419e+06
3.1656805760e+02 4.9509794276e+06
3.1683529324e+02 5.0722214133e+06
3.1708176530e+02 5.1934633990e+06
3.1730790752e+02 5.3147053847e+06
3.1751411047e+02 5.4359473704e+06
3.1770072409e+02 5.5571893561e+06
3.1786805999e+02 5.6784313417e+06
3.1801639331e+02 5.7996733274e+06
3.1814596437e+02 5.9209153131e+06
3.1825698007e+02 6.0421572988e+06
3.1834961495e+02 6.1633992845e+06
3.1842401216e+02 6.2846412702e+06
3.1848028408e+02 6.4058832559e+06
3.1851851278e+02 6.5271252416e+06
3.1853875031e+02 6.6483672273e+06
3.1854101872e+02 6.7696092130e+06
3.1852530990e+02 6.8908511986e+06
3.1849158520e+02 7.0120931843e+06
3.1843977481e+02 7.1333351700e+06
3.1836977694e+02 7.2545771557e+06
3.1828145667e+02 7.3758191414e+06
3.1817464460e+02 7.4970611271e+06
3.1804913513e+02 7.6183031128e+06
3.1790468443e+02 7.7395450985e+06
3.1774100797e+02 7.8607870842e+06
3.1755777768e+02 7.9820290699e+06
3.1735461852e+02 8.1032710555e+06
3.1713110447e+02 8.2245130412e+06
3.1688675388e+02 8.3457550269e+06
3.1662102395e+02 8.4669970126e+06
3.1633330419e+02 8.5882389983e+06
3.1602290884e+02 8.7094809840e+06
3.1568906771e+02 8.8307229697e+06
3.1533091547e+02 8.9519649554e+06
3.1494747870e+02 9.0732069411e+06
3.1453766036e+02 9.1944489268e+06
3.1410022107e+02 9.3156909124e+06
3.1363375614e+02 9.4369328981e+06
3.1313666738e+02 9.5581748838e+06
3.1260712814e+02 9.6794168695e+06
3.1204303932e+02 9.8006588552e+06
3.1144197362e+02 9.9219008409e+06
3.1080110368e+02 1.0043142827e+07
3.1011710831e+02 1.0164384812e+07
3.0938604774e+02 1.0285626798e+07
3.0860319469e+02 1.0406868784e+07
3.0776280016e+02 1.0528110769e+07
3.0685776031e+02 1.0649352755e+07
3.0587912765e+02 1.0770594741e+07
3.0481536696e+02 1.0891836726e+07
3.0365117063e+02 1.1013078712e+07
3.0236546395e+02 1.1134320698e+07
3.0092779634e+02 1.1255562683e+07
2.9929115548e+02 1.1376804669e+07
2.9737557616e+02 1.1498046655e+07
2.9502195586e+02 1.1619288641e+07
2.9179847431e+02 1.1740530626e+07
2.9179847431e+02 1.1740530625e+07
2.8999245382e+02 1.1787638073e+07
2.8818643332e+02 1.1820726019e+07
2.8638041283e+02 1.1840380152e+07
2.8457439233e+02 1.1847088938e+07
2.8276837184e+02 1.1841265914e+07
2.8096235134e+02 1.1823268847e+07
2.7915633085e+02 1.1793416337e+07
2.7735031036e+02 1.1752002164e+07
2.7554428986e+02 1.1699307457e+07
2.7373826937e+02 1.1635610739e+07
2.7193224887e+02 1.1561195994e+07
2.7012622838e+02 1.1476359211e+07
2.6832020789e+02 1.1381414964e+07
2.6651418739e+02 1.1276709544e+07
2.6470816690e+02 1.1162682668e+07
2.6290214640e+02 1.1035282450e+07
2.6109612591e+02 1.0905848424e+07
2.5929010542e+02 1.0765778717e+07
2.5748408492e+02 1.0617430988e+07
2.5567806443e+02 1.0461441218e+07
2.5387204393e+02 1.0298264520e+07
2.5206602344e+02 1.0128337255e+07
2.5026000294e+02 9.9520985481e+06
2.4845398245e+02 9.7699956289e+06
2.4664796196e+02 9.5824857147e+06
2.4484194146e+02 9.3900364637e+06
2.4303592097e+02 9.1931253833e+06
2.4122990047e+02 8.9922380546e+06
2.3942387998e+02 8.7878652173e+06
2.3761785949e+02 8.5804988856e+06
2.3581183899e+02 8.3706278954e+06
2.3400581850e+02 8.1587334382e+06
2.3219979800e+02 7.9452850945e+06
2.3039377751e+02 7.7307377390e+06
2.2858775701e+02 7.5155294269e+06
2.2678173652e+02 7.3000801527e+06
2.2497571603e+02 7.0847912352e+06
2.2316969553e+02 6.8700450496e+06
2.2136367504e+02 6.6562048825e+06
2.1955765454e+02 6.4436147784e+06
2.1775163405e+02 6.2325993341e+06
2.1594561356e+02 6.0234634633e+06
2.1413959306e+02 5.8164921830e+06
2.1233357257e+02 5.6119504817e+06
2.1052755207e+02 5.4100833196e+06
2.0872153158e+02 5.2111157889e+06
2.0691551108e+02 5.0152534445e+06
2.0510949059e+02 4.8226827952e+06
2.0330347010e+02 4.6335719327e+06
2.0149744960e+02 4.4480712705e+06
1.9969142911e+02 4.2663143630e+06
1.9788540861e+02 4.0884187761e+06
1.9607938812e+02 3.9144869848e+06
1.9427336763e+02 3.7446072751e+06
1.9246734713e+02 3.5788546329e+06
1.9066132664e+02 3.4172916032e+06
1.8885530614e+02 3.2599691115e+06
1.8704928565e+02 3.1069272373e+06
1.8524326516e+02 2.9581959409e+06
1.8343724466e+02 2.8137957391e+06
1.8163122417e+02 2.6737383346e+06
1.7982520367e+02 2.5380271974e+06
1.7801918318e+02 2.4066581040e+06
1.7621316268e+02 2.2796196329e+06
1.7440714219e+02 2.1568936218e+06
1.7260112170e+02 2.0384555870e+06
1.7079510120e+02 1.9242751100e+06
1.6898908071e+02 1.8143161931e+06
1.6718306021e+02 1.7085375874e+06
1.6537703972e+02 1.6068930961e+06
1.6357101923e+02 1.5093318560e+06
1.6176499873e+02 1.4157985986e+06
1.5995897824e+02 1.3262338951e+06
1.5815295774e+02 1.2405743854e+06
1.5634693725e+02 1.1587529948e+06
1.5454091675e+02 1.0806991395e+06
1.5273489626e+02 1.0063389232e+06
1.5092887577e+02 9.3559532539e+05
1.4912285527e+02 8.6838838432e+05
1.4731683478e+02 8.0463537484e+05
1.4551081428e+02 7.4425098291e+05
1.4370479379e+02 6.8714747820e+05
1.4189877330e+02 6.3323488578e+05
1.4009275280e+02 5.8242115823e+05
1.3828673231e+02 5.3461234925e+05
1.3648071181e+02 4.8971278980e+05
1.3467469132e+02 4.4762526788e+05
1.3286867083e+02 4.0825121276e+05
1.3106265033e+02 3.7149088454e+05
1.2925662984e+02 3.3724356977e+05
1.2745060934e+02 3.0540778383e+05
1.2564458885e+02 2.7588148043e+05
1.2383856835e+02 2.4856226876e+05
1.2203254786e+02 2.2334763831e+05
1.2022652737e+02 2.0013519165e+05
1.1842050687e+02 1.7882288485e+05
1.1661448638e+02 1.5930927538e+05
1.1480846588e+02 1.4149377698e+05
1.1300244539e+02 1.2527692077e+05
1.1119642490e+02 1.1056062166e+05
}

T_margin 4.09090407524
T_sat_margin 288.295193488
T_hull_margin 292.386097563
P_hull_margin 1049488.61208

caseHull
{
3.1719860598e+02 3.9399806895e+05
3.1737559825e+02 3.9806479255e+05
3.1762316688e+02 4.0241957909e+05
3.1789734356e+02 4.0736445482e+05
3.1804400794e+02 4.1350915323e+05
3.1795197808e+02 4.1454172655e+05
2.9105658024e+02 5.6299998609e+05
2.9132351748e+02 5.6743264374e+05
2.9149045150e+02 5.7280853706e+05
2.9129855888e+02 5.8652042496e+05
2.9148568699e+02 5.9174830979e+05
2.9135244849e+02 5.9681083652e+05
2.9148690448e+02 6.0422232459e+05
2.9171593196e+02 6.0477584063e+05
2.9189775756e+02 6.1089951841e+05
2.9185002855e+02 6.1420788322e+05
2.9198296975e+02 6.1809042171e+05
2.9154951563e+02 6.2664017753e+05
2.9230069166e+02 6.3148195726e+05
2.9249927649e+02 6.3876508811e+05
2.9194937246e+02 6.4086450484e+05
2.9229196187e+02 6.5109072775e+05
2.9211010057e+02 6.5605622633e+05
2.9157105527e+02 6.6349437057e+05
2.9148176712e+02 6.7849483344e+05
2.9191875182e+02 6.8292364217e+05
2.9228684637e+02 6.8787413175e+05
2.9188817496e+02 6.9575038715e+05
2.9199415853e+02 7.0256922030e+05
2.9158725142e+02 7.0925610372e+05
2.9106792027e+02 7.1120857813e+05
2.9100520232e+02 7.1525400479e+05
2.9145947860e+02 7.5768621342e+05
2.9151449965e+02 7.8045665513e+05
2.9050996088e+02 8.2216724977e+05
2.9073229377e+02 8.2373482783e+05
2.9057333072e+02 8.4021717261e+05
2.9102415928e+02 8.5105295348e+05
2.9134589508e+02 8.5983155655e+05
2.9087859293e+02 8.7546320710e+05
2.9106340647e+02 8.7642721692e+05
2.9121938047e+02 8.8764361169e+05
2.9143776981e+02 8.8770535407e+05
2.9130749572e+02 9.1468798432e+05
2.9095898304e+02 9.2951492523e+05
2.9145147745e+02 9.5225038936e+05
2.9145148096e+02 9.5326222121e+05
2.9211238981e+02 9.7400609578e+05
2.9238609756e+02 1.0494886121e+06
3.1882164328e+02 1.1657334180e+06
3.1882422298e+02 1.1670631705e+06
3.2070123165e+02 1.1833250878e+06
3.2063097560e+02 1.1873682891e+06
3.2054580346e+02 1.1914087239e+06
3.2047259357e+02 1.1965964170e+06
3.2043454171e+02 1.2036106921e+06
3.2027985909e+02 1.2108801551e+06
3.2035403345e+02 1.2144919648e+06
3.1986241965e+02 1.2189381239e+06
3.1982622967e+02 1.2195056699e+06
3.2160383058e+02 1.2495014031e+06
3.2158262951e+02 1.2552787709e+06
3.2158543123e+02 1.2629272177e+06
3.2158568359e+02 1.2710244243e+06
3.2158141408e+02 1.2783561221e+06
3.2157654128e+02 1.2862424059e+06
3.2156022413e+02 1.2935727053e+06
3.2152722175e+02 1.2997440285e+06
3.2149917112e+02 1.3070501291e+06
3.2143994985e+02 1.3120435757e+06
3.2137319761e+02 1.3169369702e+06
3.2130806018e+02 1.3222318415e+06
3.2125555176e+02 1.3287790593e+06
3.2118117941e+02 1.3334110361e+06
3.2110055721e+02 1.3368867707e+06
3.2086463208e+02 1.3440490445e+06
3.2063098428e+02 1.3465213219e+06
3.2231072001e+02 1.3663688512e+06
3.2228188613e+02 1.3732204029e+06
3.2223394678e+02 1.3787484326e+06
3.2217572192e+02 1.3841320699e+06
3.2211288287e+02 1.3895569230e+06
3.2205397544e+02 1.3953058569e+06
3.2198155494e+02 1.4000269618e+06
3.2190556985e+02 1.4040688712e+06
3.2180995665e+02 1.4090339984e+06
3.2167469983e+02 1.4121034150e+06
3.2141464058e+02 1.4152760342e+06
3.2309229139e+02 1.4226594433e+06
3.2358749800e+02 1.4273441737e+06
3.2310018398e+02 1.4313871190e+06
3.2309814299e+02 1.4387689367e+06
3.2310896325e+02 1.4473706414e+06
3.2311434772e+02 1.4556246731e+06
3.2312226185e+02 1.4641058786e+06
3.2312012388e+02 1.4719917994e+06
3.2311119198e+02 1.4795697516e+06
3.2309660019e+02 1.4870307600e+06
3.2307295623e+02 1.4942198735e+06
3.2303731889e+02 1.5007453561e+06
3.2298909071e+02 1.5065944298e+06
3.2293363719e+02 1.5122804991e+06
3.2287437173e+02 1.5180007726e+06
3.2280438444e+02 1.5230094128e+06
3.2273022759e+02 1.5274120061e+06
3.2263247712e+02 1.5326123479e+06
3.2246731970e+02 1.5386544102e+06
3.2222303942e+02 1.5411998975e+06
3.2379287121e+02 1.5662568903e+06
3.2377447813e+02 1.5734570252e+06
3.2374848323e+02 1.5804936369e+06
3.2370884331e+02 1.5868147725e+06
3.2365843301e+02 1.5927810555e+06
3.2360020062e+02 1.5983236045e+06
3.2353398800e+02 1.6035307925e+06
3.2346369602e+02 1.6083471089e+06
3.2336929548e+02 1.6138124638e+06
3.2324793584e+02 1.6185220509e+06
3.2295080964e+02 1.6240675463e+06
3.2293552436e+02 1.6245396737e+06
3.2450182327e+02 1.6358851327e+06
3.2499658296e+02 1.6389666479e+06
3.2511676653e+02 1.6404290717e+06
3.2451814518e+02 1.6451631530e+06
3.2453284621e+02 1.6541412629e+06
3.2454821522e+02 1.6631665198e+06
3.2455717874e+02 1.6716679480e+06
3.2456243665e+02 1.6800484609e+06
3.2456233783e+02 1.6883081320e+06
3.2455383608e+02 1.6961498017e+06
3.2485997770e+02 1.6980997164e+06
3.2453745795e+02 1.7037770381e+06
3.2450776258e+02 1.7105260775e+06
3.2446894974e+02 1.7170843293e+06
3.2441843882e+02 1.7229843913e+06
3.2435881406e+02 1.7286379134e+06
3.2429193344e+02 1.7336893599e+06
3.2420206497e+02 1.7397907689e+06
3.2408571111e+02 1.7451602726e+06
3.2386641551e+02 1.7487439662e+06
3.2373503472e+02 1.7519488196e+06
3.2522363730e+02 1.7719711655e+06
3.2523239153e+02 1.7807099862e+06
3.2523246098e+02 1.7889474973e+06
3.2522488720e+02 1.7970950234e+06
3.2520480607e+02 1.8044102840e+06
3.2529555542e+02 1.8070874633e+06
3.2517504480e+02 1.8114597770e+06
3.2513289365e+02 1.8176836105e+06
3.2552661250e+02 1.8189177335e+06
3.2508244596e+02 1.8238138193e+06
3.2502272045e+02 1.8292456570e+06
3.2536901165e+02 1.8328427007e+06
3.2493874928e+02 1.8357416140e+06
3.2476557199e+02 1.8417790615e+06
3.2450616684e+02 1.8462212345e+06
3.2442422197e+02 1.8497394287e+06
3.2451590110e+02 1.8509235443e+06
3.2614465208e+02 1.8587045026e+06
3.2588195267e+02 1.8588792425e+06
3.2590522189e+02 1.8689305210e+06
3.2593000499e+02 1.8788810462e+06
3.2643611689e+02 1.8856056576e+06
3.2595350987e+02 1.8885878530e+06
3.2597491926e+02 1.8980977236e+06
3.2599225447e+02 1.9074136135e+06
3.2576448439e+02 1.9116145926e+06
3.2584713011e+02 1.9164446657e+06
3.2593658853e+02 1.9205796021e+06
3.2600745606e+02 1.9250559786e+06
3.2614963707e+02 1.9280995448e+06
3.2599963569e+02 1.9330090782e+06
3.2622766335e+02 1.9388795112e+06
3.2598291797e+02 1.9407778127e+06
3.2595297953e+02 1.9476112418e+06
3.2591396448e+02 1.9543508264e+06
3.2586263495e+02 1.9601130349e+06
3.2578807081e+02 1.9672717494e+06
3.2561433545e+02 1.9706749738e+06
3.2533206791e+02 1.9761666635e+06
3.2524963645e+02 1.9786794158e+06
3.2521153835e+02 1.9806289945e+06
3.2660950831e+02 1.9935992808e+06
3.2702029613e+02 1.9974299959e+06
3.2663925056e+02 2.0038569133e+06
3.2713162234e+02 2.0077464027e+06
3.2715309199e+02 2.0101342408e+06
3.2666659675e+02 2.0139855434e+06
3.2668826013e+02 2.0236927402e+06
3.2624454559e+02 2.0262790742e+06
3.2629340760e+02 2.0312490496e+06
3.2637223423e+02 2.0357856277e+06
3.2655453190e+02 2.0378267584e+06
3.2647310213e+02 2.0436788379e+06
3.2655800866e+02 2.0489401643e+06
3.2670873177e+02 2.0505635100e+06
3.2666085902e+02 2.0567052320e+06
3.2669354025e+02 2.0580996535e+06
3.2676452154e+02 2.0635604874e+06
3.2666922129e+02 2.0656003019e+06
3.2663045372e+02 2.0718840057e+06
3.2655574661e+02 2.0768816732e+06
3.2637111526e+02 2.0808961808e+06
3.2620885465e+02 2.0840839306e+06
3.2608015195e+02 2.0875460099e+06
3.2593696990e+02 2.0928318250e+06
3.2592957482e+02 2.0946830284e+06
3.2725135701e+02 2.0999490392e+06
3.2727839581e+02 2.1024816302e+06
3.2776897736e+02 2.1083347686e+06
3.2738165143e+02 2.1105888681e+06
3.2731062981e+02 2.1138695992e+06
3.2750707681e+02 2.1207694873e+06
3.2734522324e+02 2.1251630927e+06
3.2763390587e+02 2.1319458533e+06
3.2738050939e+02 2.1361870195e+06
3.2676262083e+02 2.1448024908e+06
3.2677137682e+02 2.1482915315e+06
3.2681041215e+02 2.1506111829e+06
3.2688934476e+02 2.1578742218e+06
3.2695799269e+02 2.1621913209e+06
3.2721930790e+02 2.1660813518e+06
3.2704996286e+02 2.1698436179e+06
3.2745959620e+02 2.1735259638e+06
3.2714347927e+02 2.1761938919e+06
3.2725708985e+02 2.1854107532e+06
3.2750658182e+02 2.1867277217e+06
3.2737030620e+02 2.1934955064e+06
3.2750630843e+02 2.1949521243e+06
3.2777653923e+02 2.2010682807e+06
3.2749744682e+02 2.2031823746e+06
3.2735095151e+02 2.2108740724e+06
3.2716595688e+02 2.2148151407e+06
3.2742854562e+02 2.2184793718e+06
3.2687631287e+02 2.2225272989e+06
3.2678270365e+02 2.2263358132e+06
3.2672513122e+02 2.2290389940e+06
3.2671236572e+02 2.2320751637e+06
3.2679960278e+02 2.2359733641e+06
3.2723312055e+02 2.2555916130e+06
3.2722966068e+02 2.2613561556e+06
3.2724254018e+02 2.2644098525e+06
3.2760284632e+02 2.2685169723e+06
3.2731124461e+02 2.2746725163e+06
3.2736825743e+02 2.2798812772e+06
3.2745713103e+02 2.2898765401e+06
3.2754234972e+02 2.2972834524e+06
3.2861729447e+02 2.3036226246e+06
3.2823825369e+02 2.3040037152e+06
3.2765521579e+02 2.3085844706e+06
3.2776401569e+02 2.3177359947e+06
3.2828717001e+02 2.3242693919e+06
3.2789420075e+02 2.3298830057e+06
3.2829854948e+02 2.3338383413e+06
3.2802050301e+02 2.3403750354e+06
3.2792785943e+02 2.3440151381e+06
3.2777294452e+02 2.3481318478e+06
3.2755862446e+02 2.3563429270e+06
3.2750892451e+02 2.3605956264e+06
3.2749427181e+02 2.3634810878e+06
3.2752143138e+02 2.3669802207e+06
3.2757646520e+02 2.3689357042e+06
3.2844751424e+02 2.3775765488e+06
3.2877199869e+02 2.3833769026e+06
3.2859078110e+02 2.3898119623e+06
3.2784039894e+02 2.3966838840e+06
3.2790137466e+02 2.4005749211e+06
3.2785964524e+02 2.4049707852e+06
3.2787071259e+02 2.4070779368e+06
3.2814778044e+02 2.4107373086e+06
3.2792927475e+02 2.4164293349e+06
3.2797892711e+02 2.4218742184e+06
3.2807034719e+02 2.4332973443e+06
3.2815418468e+02 2.4415171447e+06
3.2827055530e+02 2.4542209245e+06
3.2838111545e+02 2.4645179331e+06
3.2906377173e+02 2.4675982176e+06
3.2900709268e+02 2.4712311588e+06
3.2851517943e+02 2.4779370631e+06
3.2863990579e+02 2.4821134733e+06
3.2839454447e+02 2.4875636152e+06
3.2838500447e+02 2.4917064209e+06
3.2830830389e+02 2.4966777528e+06
3.2826251579e+02 2.5003445622e+06
3.2826054292e+02 2.5049499445e+06
3.2828907148e+02 2.5080137429e+06
3.2835431024e+02 2.5119822650e+06
3.2837111484e+02 2.5160132000e+06
3.2843314813e+02 2.5318213262e+06
3.2846032603e+02 2.5396758964e+06
3.2854562197e+02 2.5560733327e+06
3.2860574133e+02 2.5664614038e+06
3.2870971654e+02 2.5827594419e+06
3.2880019209e+02 2.5948531305e+06
3.2892222415e+02 2.6108193120e+06
3.2903683762e+02 2.6240200046e+06
3.2961464603e+02 2.6336464978e+06
3.2917324881e+02 2.6396682119e+06
3.2933122925e+02 2.6445301080e+06
3.2923952758e+02 2.6500564780e+06
3.2917574358e+02 2.6542657546e+06
3.2915448674e+02 2.6595719137e+06
3.2916257342e+02 2.6633880237e+06
3.2938043308e+02 2.6671306856e+06
3.2920759325e+02 2.6686235480e+06
3.2924401049e+02 2.6745095451e+06
3.2918785963e+02 2.6763419056e+06
3.2959941843e+02 2.6833905703e+06
3.2955786193e+02 2.6854755359e+06
3.2922795872e+02 2.6929972275e+06
3.2922897757e+02 2.7007364763e+06
3.2929584657e+02 2.7179249514e+06
3.2934121830e+02 2.7291917266e+06
3.3009868329e+02 2.7341568969e+06
3.3051580028e+02 2.7397392411e+06
3.3022390061e+02 2.7441305898e+06
3.2942971347e+02 2.7461955684e+06
3.2950533186e+02 2.7594474153e+06
3.3013599230e+02 2.7693323363e+06
3.3018349432e+02 2.7697018987e+06
3.2961206888e+02 2.7761130108e+06
3.2994487571e+02 2.7813354269e+06
3.2987298486e+02 2.7859330001e+06
3.2971489494e+02 2.7904677613e+06
3.2983569934e+02 2.7956563785e+06
3.2987112830e+02 2.8011563099e+06
3.2992559763e+02 2.8050027055e+06
3.2983908967e+02 2.8068605262e+06
3.3001881640e+02 2.8106276045e+06
3.2966605334e+02 2.8144700337e+06
3.2932343025e+02 2.8255846088e+06
3.2917975136e+02 2.8269008905e+06
3.2931301188e+02 2.8403762827e+06
3.2927324357e+02 2.8432966888e+06
3.2946814484e+02 2.8543171938e+06
3.2961446768e+02 2.8543399787e+06
3.2948904055e+02 2.8640719549e+06
3.2920323470e+02 2.8697475104e+06
3.2955311885e+02 2.8760758922e+06
3.2967470199e+02 2.8890455228e+06
3.3016132660e+02 2.8975985491e+06
3.3070318817e+02 2.9027490154e+06
3.3079611794e+02 2.9083208213e+06
3.3021907306e+02 2.9175412390e+06
3.2984899146e+02 2.9204696372e+06
3.2991107927e+02 2.9234482215e+06
3.2975074421e+02 2.9305742660e+06
3.2974436772e+02 2.9399021672e+06
3.2976611529e+02 2.9446715345e+06
3.2984188587e+02 2.9593242076e+06
3.3002579372e+02 2.9634473937e+06
3.3045372533e+02 2.9669608185e+06
3.2981484301e+02 2.9737756223e+06
3.2991837520e+02 2.9781003128e+06
3.2965889744e+02 2.9868499549e+06
3.2957674597e+02 2.9967396037e+06
3.2988208770e+02 3.0013286974e+06
3.2982251219e+02 3.0082098258e+06
3.3032806150e+02 3.0123971950e+06
3.3021982163e+02 3.0177420453e+06
3.2974947160e+02 3.0203854683e+06
3.2975324765e+02 3.0274859994e+06
3.2983613896e+02 3.0287985034e+06
3.3019028634e+02 3.0338422286e+06
3.3021971624e+02 3.0397316461e+06
3.2987124421e+02 3.0432211803e+06
3.2988823443e+02 3.0467883755e+06
3.3017111355e+02 3.0508018272e+06
3.2995299439e+02 3.0561977991e+06
3.3023443093e+02 3.0588611196e+06
3.3011482596e+02 3.0615461720e+06
3.2994972191e+02 3.0651671163e+06
3.3009509457e+02 3.0704383896e+06
3.2993252520e+02 3.0747081075e+06
3.2989467825e+02 3.0811843451e+06
3.2976373076e+02 3.0916071975e+06
3.2988960101e+02 3.0970140954e+06
3.3028478918e+02 3.0987297071e+06
3.3024552759e+02 3.1012846284e+06
3.3038491978e+02 3.1077959089e+06
3.3016078609e+02 3.1112949062e+06
3.3033129466e+02 3.1156366735e+06
3.3042478142e+02 3.1205965011e+06
3.3008373314e+02 3.1235156971e+06
3.3051232871e+02 3.1316472004e+06
3.3050841392e+02 3.1351409690e+06
3.3062791468e+02 3.1401499967e+06
3.3027928616e+02 3.1436239427e+06
3.3053238177e+02 3.1487601861e+06
3.3068665855e+02 3.1512802210e+06
3.3025987326e+02 3.1548368980e+06
3.3078170089e+02 3.1606186914e+06
3.3087376617e+02 3.1633083626e+06
3.3082124587e+02 3.1663138169e+06
3.3083425976e+02 3.1719833589e+06
3.3084997751e+02 3.1758622219e+06
3.3092478521e+02 3.1811831374e+06
3.3094170847e+02 3.1837896583e+06
3.3063985912e+02 3.1889396221e+06
3.3088927968e+02 3.1932391919e+06
3.3100486734e+02 3.1982206523e+06
3.3083705341e+02 3.1986904098e+06
3.3065312632e+02 3.2030857716e+06
3.3110796864e+02 3.2142248167e+06
3.3085389316e+02 3.2157031398e+06
3.3068252842e+02 3.2195921849e+06
3.3089560807e+02 3.2239506308e+06
3.3098996733e+02 3.2302090047e+06
3.3123124739e+02 3.2318902078e+06
3.3119004935e+02 3.2386479678e+06
3.3132655858e+02 3.2425213144e+06
3.3126588366e+02 3.2462833092e+06
3.3104520939e+02 3.2493405992e+06
3.3103753423e+02 3.2516734696e+06
3.3118755650e+02 3.2571126975e+06
3.3134113828e+02 3.2590272742e+06
3.3133825429e+02 3.2636769369e+06
3.3129704699e+02 3.2702568740e+06
3.3127815183e+02 3.2740149941e+06
3.3129840418e+02 3.2770218600e+06
3.3127956320e+02 3.2851668225e+06
3.3137916285e+02 3.2893239666e+06
3.3149707664e+02 3.2952058868e+06
3.3141131942e+02 3.2991103259e+06
3.3146659689e+02 3.2995160502e+06
3.3132398088e+02 3.3054627390e+06
3.3156503118e+02 3.3108584100e+06
3.3159677014e+02 3.3144538457e+06
3.3162589188e+02 3.3174875594e+06
3.3156483014e+02 3.3230128002e+06
3.3154387135e+02 3.3277241564e+06
3.3177577982e+02 3.3306599052e+06
3.3169837531e+02 3.3329889978e+06
3.3172330136e+02 3.3393161460e+06
3.3163973881e+02 3.3416076806e+06
3.3173065473e+02 3.3477533542e+06
3.3178942042e+02 3.3505654698e+06
3.3172832042e+02 3.3538846571e+06
3.3182928620e+02 3.3574566008e+06
3.3174976232e+02 3.3608644504e+06
3.3176514689e+02 3.3657191879e+06
3.3187329064e+02 3.3722934585e+06
3.3186408759e+02 3.3731585300e+06
3.3182808471e+02 3.3771783825e+06
3.3196869181e+02 3.3823548670e+06
3.3183925869e+02 3.3850393685e+06
3.3193287600e+02 3.3901514768e+06
3.3199787451e+02 3.3941386689e+06
3.3193419411e+02 3.3969413896e+06
3.3203802787e+02 3.4007528744e+06
3.3201295165e+02 3.4069581837e+06
3.3199939638e+02 3.4094594102e+06
3.3200478791e+02 3.4162265042e+06
3.3212887616e+02 3.4182520631e+06
3.3212004295e+02 3.4241922643e+06
3.3217786376e+02 3.4279273842e+06
3.3218467105e+02 3.4298102670e+06
3.3211043456e+02 3.4338200339e+06
3.3213812805e+02 3.4403558555e+06
3.3237347436e+02 3.4449951677e+06
3.3237701731e+02 3.4461934971e+06
3.3226693148e+02 3.4497238433e+06
3.3230970769e+02 3.4567530631e+06
3.3220722029e+02 3.4578243720e+06
3.3230585040e+02 3.4644233849e+06
3.3233242661e+02 3.4675591127e+06
3.3235239423e+02 3.4717778102e+06
3.3236200087e+02 3.4765497014e+06
3.3233040379e+02 3.4813611602e+06
3.3233182608e+02 3.4817444183e+06
3.3245438957e+02 3.4885604638e+06
3.3232283165e+02 3.4897740509e+06
3.3253016576e+02 3.4951259646e+06
3.3242971517e+02 3.4978642935e+06
3.3247099744e+02 3.5053508131e+06
3.3255447884e+02 3.5080996368e+06
3.3258135304e+02 3.5126318899e+06
3.3259123639e+02 3.5175599346e+06
3.3253358117e+02 3.5212714778e+06
3.3268587652e+02 3.5242944709e+06
3.3263683028e+02 3.5288834259e+06
3.3268267782e+02 3.5329094756e+06
3.3270239093e+02 3.5367955507e+06
3.3263111672e+02 3.5406575957e+06
3.3269749391e+02 3.5445739365e+06
3.3278826365e+02 3.5473741878e+06
3.3270298859e+02 3.5530021024e+06
3.3271912749e+02 3.5556256016e+06
3.3270824776e+02 3.5608614245e+06
3.3277632502e+02 3.5636001070e+06
3.3285064098e+02 3.5677508462e+06
3.3285530330e+02 3.5725086835e+06
3.3280371842e+02 3.5747633256e+06
3.3288205570e+02 3.5814802848e+06
3.3293804038e+02 3.5863855997e+06
3.3301242322e+02 3.5908034397e+06
3.3291069492e+02 3.5948646383e+06
3.3302563524e+02 3.5954550915e+06
3.3299697694e+02 3.6008216305e+06
3.3311676495e+02 3.6051990041e+06
3.3298876233e+02 3.6090258395e+06
3.3309176011e+02 3.6117524167e+06
3.3306293089e+02 3.6170203971e+06
3.3314089740e+02 3.6229609538e+06
3.3310175215e+02 3.6241970951e+06
3.3311493984e+02 3.6308875498e+06
3.3310079746e+02 3.6346550245e+06
3.3321346236e+02 3.6374903184e+06
3.3324869182e+02 3.6396426858e+06
3.3317858886e+02 3.6457245262e+06
3.3327037006e+02 3.6477092860e+06
3.3308220335e+02 3.6553853077e+06
3.3324771824e+02 3.6593802589e+06
3.3334042049e+02 3.6607710922e+06
3.3333715758e+02 3.6670247113e+06
3.3311107918e+02 3.6682255461e+06
3.3333921855e+02 3.6736487452e+06
3.3342722773e+02 3.6785193030e+06
3.3338774265e+02 3.6803531481e+06
3.3346301412e+02 3.6873945686e+06
3.3315476783e+02 3.6888530637e+06
3.3344294976e+02 3.6942711398e+06
3.3353115419e+02 3.6969758485e+06
3.3354188447e+02 3.7010902354e+06
3.3320307397e+02 3.7042833167e+06
3.3352962948e+02 3.7109262372e+06
3.3360229039e+02 3.7146437266e+06
3.3363592318e+02 3.7185838834e+06
3.3357783383e+02 3.7215729607e+06
3.3327260537e+02 3.7250253171e+06
3.3368975945e+02 3.7288776813e+06
3.3367434531e+02 3.7353450061e+06
3.3373786102e+02 3.7379843345e+06
3.3334557362e+02 3.7426333213e+06
3.3369610905e+02 3.7448950173e+06
3.3380067044e+02 3.7491260142e+06
3.3376263159e+02 3.7546137092e+06
3.3381650008e+02 3.7604913941e+06
3.3343776184e+02 3.7637722127e+06
3.3382682285e+02 3.7685060549e+06
3.3390868625e+02 3.7690592619e+06
3.3388213447e+02 3.7765262357e+06
3.3394919191e+02 3.7778626237e+06
3.3353858346e+02 3.7833170441e+06
3.3398075972e+02 3.7877504368e+06
3.3401267020e+02 3.7896920236e+06
3.3395397800e+02 3.7935245213e+06
3.3405819505e+02 3.7986697405e+06
3.3365201514e+02 3.8050866088e+06
3.3410119257e+02 3.8068599202e+06
3.3402263643e+02 3.8105182108e+06
3.3409641036e+02 3.8154576619e+06
3.3416050605e+02 3.8182177315e+06
3.3396860621e+02 3.8245460852e+06
3.3377040415e+02 3.8264091295e+06
3.3416077668e+02 3.8298584910e+06
3.3425120656e+02 3.8340973347e+06
3.3417843081e+02 3.8381959267e+06
3.3423614856e+02 3.8448835313e+06
3.3388277238e+02 3.8489557591e+06
3.3420956730e+02 3.8526655865e+06
3.3415935767e+02 3.8557483800e+06
3.3407350542e+02 3.8613742665e+06
3.3410999426e+02 3.8625158206e+06
3.3408614890e+02 3.8688152907e+06
3.3399049842e+02 3.8719539767e+06
3.3412980755e+02 3.8744491286e+06
3.3415696944e+02 3.8810686960e+06
3.3413024021e+02 3.8822189923e+06
3.3413480706e+02 3.8863026957e+06
3.3400185438e+02 3.8938895624e+06
3.3407842706e+02 3.8953141681e+06
3.3410991175e+02 3.9006767877e+06
3.3418395966e+02 3.9028882975e+06
3.3433016005e+02 3.9104241138e+06
3.3420139132e+02 3.9115670184e+06
3.3422113426e+02 3.9169775235e+06
3.3402309945e+02 3.9209102941e+06
3.3423329302e+02 3.9238551796e+06
3.3418077091e+02 3.9273932529e+06
3.3420007122e+02 3.9322077282e+06
3.3451748036e+02 3.9348733999e+06
3.3410671028e+02 3.9394374324e+06
3.3404045041e+02 3.9458154442e+06
3.3419321047e+02 3.9488482426e+06
3.3439154804e+02 3.9528095423e+06
3.3427294591e+02 3.9576685073e+06
3.3414370195e+02 3.9598841100e+06
3.3421233536e+02 3.9659372009e+06
3.3427672815e+02 3.9700905490e+06
3.3430706932e+02 3.9741627619e+06
3.3411658343e+02 3.9762511941e+06
3.3418872032e+02 3.9827320428e+06
3.3438659698e+02 3.9864399768e+06
3.3437164553e+02 3.9891556162e+06
3.3429340567e+02 3.9940386065e+06
3.3447016940e+02 3.9968646001e+06
3.3420012197e+02 4.0022144867e+06
3.3423985399e+02 4.0038523071e+06
3.3443951785e+02 4.0113258547e+06
3.3441718416e+02 4.0120835717e+06
3.3444061289e+02 4.0183670312e+06
3.3433140281e+02 4.0214158266e+06
3.3431724294e+02 4.0238610107e+06
3.3460564449e+02 4.0287088178e+06
3.3466577948e+02 4.0353479919e+06
3.3436548659e+02 4.0368076529e+06
3.3433011615e+02 4.0440036044e+06
3.3445150782e+02 4.0458554257e+06
3.3407678734e+02 4.0513015468e+06
3.3453172709e+02 4.0555161514e+06
3.3446221231e+02 4.0566213869e+06
3.3449676900e+02 4.0628552673e+06
3.3442266736e+02 4.0678348436e+06
3.3440602848e+02 4.0714612309e+06
3.3444877196e+02 4.0762270049e+06
3.3452212463e+02 4.0768674238e+06
3.3459747135e+02 4.0836320957e+06
3.3474790996e+02 4.0848340036e+06
3.3445864183e+02 4.0904536690e+06
3.3484880954e+02 4.0982685228e+06
3.3474777652e+02 4.1017795550e+06
3.3493242243e+02 4.1073767912e+06
3.3510952285e+02 4.1127327336e+06
3.3459563733e+02 4.1159204255e+06
3.3494931172e+02 4.1179011443e+06
3.3458967276e+02 4.1274054942e+06
3.3444902382e+02 4.1326682361e+06
3.3536182732e+02 4.1360090515e+06
3.3571945420e+02 4.1373195751e+06
3.3535807509e+02 4.1433768257e+06
3.3513704396e+02 4.1481032105e+06
3.3499881708e+02 4.1502257255e+06
3.3518051835e+02 4.1571960820e+06
3.3521834547e+02 4.1591838323e+06
3.3549776730e+02 4.1632342179e+06
3.3539704338e+02 4.1670060828e+06
3.3553241369e+02 4.1722123582e+06
3.3530581527e+02 4.1749503965e+06
3.3566346812e+02 4.1777891893e+06
3.3537763330e+02 4.1841499295e+06
3.3582552742e+02 4.1873371329e+06
3.3572830075e+02 4.1931396333e+06
3.3601071641e+02 4.1961576962e+06
3.3545828548e+02 4.1981516217e+06
3.3552383570e+02 4.2052073160e+06
3.3555433004e+02 4.2070914842e+06
3.3559856790e+02 4.2175733760e+06
3.3591981920e+02 4.2184211091e+06
3.3566115970e+02 4.2222908818e+06
3.3598832830e+02 4.2262032164e+06
3.3573362716e+02 4.2331959213e+06
3.3579992941e+02 4.2352525434e+06
3.3605848633e+02 4.2422721051e+06
3.3587028817e+02 4.2446515387e+06
3.3610239189e+02 4.2472080495e+06
3.3599389505e+02 4.2544648430e+06
3.3611287778e+02 4.2544782854e+06
3.3602246525e+02 4.2625176853e+06
3.3615300386e+02 4.2655997507e+06
3.3593370711e+02 4.2702315441e+06
3.3637150951e+02 4.2714352657e+06
3.3612991952e+02 4.2760857891e+06
3.3631784428e+02 4.2788913748e+06
3.3605740722e+02 4.2870437299e+06
3.3623257883e+02 4.3207532571e+06
3.3667292974e+02 4.3298231383e+06
3.3633006613e+02 4.3348729904e+06
3.3646967325e+02 4.3613374674e+06
3.3654297018e+02 4.3720963321e+06
3.3681942236e+02 4.3812423844e+06
3.3683215239e+02 4.3869344532e+06
3.3665767794e+02 4.3934885231e+06
3.3670746465e+02 4.4000648765e+06
3.3691822170e+02 4.4136820823e+06
3.3680457262e+02 4.4176705971e+06
3.3694943959e+02 4.4205975100e+06
3.3694362119e+02 4.4275866305e+06
3.3690937824e+02 4.4285786140e+06
3.3691211170e+02 4.4336590121e+06
3.3697517306e+02 4.4405431390e+06
}