Pressao_entrada 4274320
Pressao_saida 101300.0
Velocidade_angular 1083.84946425
Temperatura 337.856176652


Ri 0.0875
Rg 0.0979
Rm 0.1035
Ro 0.1095
h 6e-06
hg 5e-06
beta1 2.29
beta2 1
N 10

n_r_1 25
n_r_2 25
n_r_3 25
n_t_1 20
n_t_2 20
n_t_3 20
n_t_4 20
n_t_5 20
n_z_h 10
n_z_hg 10

nCells 9.5000000000e+04
minVol 2.3535439975e-03
maxVol 4.6730311376e-02
totVol 9.8682146577e+02

min_U 0.0000000000e+00
max_U 3.7101302095e+02
min_Rho 9.5432961566e-01
max_Rho 3.9686516665e+01
min_P 1.0130000000e+05
max_P 4.3718350132e+06
min_T 2.8339834699e+02
max_T 3.3777104131e+02
Force 4.1466087055e+03
Shear 8.1377004662e+03
Inlet_Flow -3.1313741781e-04
Outlet_Flow 3.1261607537e-04
Sum_Flow -5.2134243789e-07
Perc_flow 1.6934656132e+00

T_crit 262.541844473
P_crit 11013078.7121
satSize 199
composition methane_0.734168/ethane_0.124349/n-propane_0.077956/isobutane_0.004409/n-butane_0.030661/isopentane_0.002004/n-pentane_0.009218/n-hexane_0.003707/n-heptane_0.001202/n-octane_0.000100/n-nonane_0.000000/n-decane_0.000000/nitrogen_0.006012/co2_0.006212


SaturationCurve
{
2.4915930383e+02 1.0130000000e+05
2.6088780147e+02 2.2254198569e+05
2.6799039283e+02 3.4378397138e+05
2.7319753542e+02 4.6502595707e+05
2.7734392688e+02 5.8626794276e+05
2.8080323494e+02 7.0750992845e+05
2.8377694501e+02 8.2875191414e+05
2.8638680155e+02 9.4999389983e+05
2.8871232441e+02 1.0712358855e+06
2.9080849725e+02 1.1924778712e+06
2.9271503018e+02 1.3137198569e+06
2.9446160566e+02 1.4349618426e+06
2.9607103674e+02 1.5562038283e+06
2.9756126412e+02 1.6774458140e+06
2.9894667105e+02 1.7986877997e+06
3.0023897890e+02 1.9199297854e+06
3.0144787496e+02 2.0411717710e+06
3.0258146353e+02 2.1624137567e+06
3.0364659717e+02 2.2836557424e+06
3.0464912454e+02 2.4048977281e+06
3.0559407906e+02 2.5261397138e+06
3.0648582452e+02 2.6473816995e+06
3.0732816918e+02 2.7686236852e+06
3.0812445608e+02 2.8898656709e+06
3.0887763542e+02 3.0111076566e+06
3.0959032308e+02 3.1323496423e+06
3.1026484840e+02 3.2535916279e+06
3.1090329353e+02 3.3748336136e+06
3.1150752598e+02 3.4960755993e+06
3.1207922588e+02 3.6173175850e+06
3.1261990886e+02 3.7385595707e+06
3.1313094535e+02 3.8598015564e+06
3.1361357701e+02 3.9810435421e+06
3.1406893079e+02 4.1022855278e+06
3.1449803090e+02 4.2235275135e+06
3.1490180923e+02 4.3447694992e+06
3.1528111422e+02 4.4660114848e+06
3.1563671868e+02 4.5872534705e+06
3.1596932650e+02 4.7084954562e+06
3.1627957850e+02 4.8297374419e+06
3.1656805760e+02 4.9509794276e+06
3.1683529324e+02 5.0722214133e+06
3.1708176530e+02 5.1934633990e+06
3.1730790752e+02 5.3147053847e+06
3.1751411047e+02 5.4359473704e+06
3.1770072409e+02 5.5571893561e+06
3.1786805999e+02 5.6784313417e+06
3.1801639331e+02 5.7996733274e+06
3.1814596437e+02 5.9209153131e+06
3.1825698007e+02 6.0421572988e+06
3.1834961495e+02 6.1633992845e+06
3.1842401216e+02 6.2846412702e+06
3.1848028408e+02 6.4058832559e+06
3.1851851278e+02 6.5271252416e+06
3.1853875031e+02 6.6483672273e+06
3.1854101872e+02 6.7696092130e+06
3.1852530990e+02 6.8908511986e+06
3.1849158520e+02 7.0120931843e+06
3.1843977481e+02 7.1333351700e+06
3.1836977694e+02 7.2545771557e+06
3.1828145667e+02 7.3758191414e+06
3.1817464460e+02 7.4970611271e+06
3.1804913513e+02 7.6183031128e+06
3.1790468443e+02 7.7395450985e+06
3.1774100797e+02 7.8607870842e+06
3.1755777768e+02 7.9820290699e+06
3.1735461852e+02 8.1032710555e+06
3.1713110447e+02 8.2245130412e+06
3.1688675388e+02 8.3457550269e+06
3.1662102395e+02 8.4669970126e+06
3.1633330419e+02 8.5882389983e+06
3.1602290884e+02 8.7094809840e+06
3.1568906771e+02 8.8307229697e+06
3.1533091547e+02 8.9519649554e+06
3.1494747870e+02 9.0732069411e+06
3.1453766036e+02 9.1944489268e+06
3.1410022107e+02 9.3156909124e+06
3.1363375614e+02 9.4369328981e+06
3.1313666738e+02 9.5581748838e+06
3.1260712814e+02 9.6794168695e+06
3.1204303932e+02 9.8006588552e+06
3.1144197362e+02 9.9219008409e+06
3.1080110368e+02 1.0043142827e+07
3.1011710831e+02 1.0164384812e+07
3.0938604774e+02 1.0285626798e+07
3.0860319469e+02 1.0406868784e+07
3.0776280016e+02 1.0528110769e+07
3.0685776031e+02 1.0649352755e+07
3.0587912765e+02 1.0770594741e+07
3.0481536696e+02 1.0891836726e+07
3.0365117063e+02 1.1013078712e+07
3.0236546395e+02 1.1134320698e+07
3.0092779634e+02 1.1255562683e+07
2.9929115548e+02 1.1376804669e+07
2.9737557616e+02 1.1498046655e+07
2.9502195586e+02 1.1619288641e+07
2.9179847431e+02 1.1740530626e+07
2.9179847431e+02 1.1740530625e+07
2.8999245382e+02 1.1787638073e+07
2.8818643332e+02 1.1820726019e+07
2.8638041283e+02 1.1840380152e+07
2.8457439233e+02 1.1847088938e+07
2.8276837184e+02 1.1841265914e+07
2.8096235134e+02 1.1823268847e+07
2.7915633085e+02 1.1793416337e+07
2.7735031036e+02 1.1752002164e+07
2.7554428986e+02 1.1699307457e+07
2.7373826937e+02 1.1635610739e+07
2.7193224887e+02 1.1561195994e+07
2.7012622838e+02 1.1476359211e+07
2.6832020789e+02 1.1381414964e+07
2.6651418739e+02 1.1276709544e+07
2.6470816690e+02 1.1162682668e+07
2.6290214640e+02 1.1035282450e+07
2.6109612591e+02 1.0905848424e+07
2.5929010542e+02 1.0765778717e+07
2.5748408492e+02 1.0617430988e+07
2.5567806443e+02 1.0461441218e+07
2.5387204393e+02 1.0298264520e+07
2.5206602344e+02 1.0128337255e+07
2.5026000294e+02 9.9520985481e+06
2.4845398245e+02 9.7699956289e+06
2.4664796196e+02 9.5824857147e+06
2.4484194146e+02 9.3900364637e+06
2.4303592097e+02 9.1931253833e+06
2.4122990047e+02 8.9922380546e+06
2.3942387998e+02 8.7878652173e+06
2.3761785949e+02 8.5804988856e+06
2.3581183899e+02 8.3706278954e+06
2.3400581850e+02 8.1587334382e+06
2.3219979800e+02 7.9452850945e+06
2.3039377751e+02 7.7307377390e+06
2.2858775701e+02 7.5155294269e+06
2.2678173652e+02 7.3000801527e+06
2.2497571603e+02 7.0847912352e+06
2.2316969553e+02 6.8700450496e+06
2.2136367504e+02 6.6562048825e+06
2.1955765454e+02 6.4436147784e+06
2.1775163405e+02 6.2325993341e+06
2.1594561356e+02 6.0234634633e+06
2.1413959306e+02 5.8164921830e+06
2.1233357257e+02 5.6119504817e+06
2.1052755207e+02 5.4100833196e+06
2.0872153158e+02 5.2111157889e+06
2.0691551108e+02 5.0152534445e+06
2.0510949059e+02 4.8226827952e+06
2.0330347010e+02 4.6335719327e+06
2.0149744960e+02 4.4480712705e+06
1.9969142911e+02 4.2663143630e+06
1.9788540861e+02 4.0884187761e+06
1.9607938812e+02 3.9144869848e+06
1.9427336763e+02 3.7446072751e+06
1.9246734713e+02 3.5788546329e+06
1.9066132664e+02 3.4172916032e+06
1.8885530614e+02 3.2599691115e+06
1.8704928565e+02 3.1069272373e+06
1.8524326516e+02 2.9581959409e+06
1.8343724466e+02 2.8137957391e+06
1.8163122417e+02 2.6737383346e+06
1.7982520367e+02 2.5380271974e+06
1.7801918318e+02 2.4066581040e+06
1.7621316268e+02 2.2796196329e+06
1.7440714219e+02 2.1568936218e+06
1.7260112170e+02 2.0384555870e+06
1.7079510120e+02 1.9242751100e+06
1.6898908071e+02 1.8143161931e+06
1.6718306021e+02 1.7085375874e+06
1.6537703972e+02 1.6068930961e+06
1.6357101923e+02 1.5093318560e+06
1.6176499873e+02 1.4157985986e+06
1.5995897824e+02 1.3262338951e+06
1.5815295774e+02 1.2405743854e+06
1.5634693725e+02 1.1587529948e+06
1.5454091675e+02 1.0806991395e+06
1.5273489626e+02 1.0063389232e+06
1.5092887577e+02 9.3559532539e+05
1.4912285527e+02 8.6838838432e+05
1.4731683478e+02 8.0463537484e+05
1.4551081428e+02 7.4425098291e+05
1.4370479379e+02 6.8714747820e+05
1.4189877330e+02 6.3323488578e+05
1.4009275280e+02 5.8242115823e+05
1.3828673231e+02 5.3461234925e+05
1.3648071181e+02 4.8971278980e+05
1.3467469132e+02 4.4762526788e+05
1.3286867083e+02 4.0825121276e+05
1.3106265033e+02 3.7149088454e+05
1.2925662984e+02 3.3724356977e+05
1.2745060934e+02 3.0540778383e+05
1.2564458885e+02 2.7588148043e+05
1.2383856835e+02 2.4856226876e+05
1.2203254786e+02 2.2334763831e+05
1.2022652737e+02 2.0013519165e+05
1.1842050687e+02 1.7882288485e+05
1.1661448638e+02 1.5930927538e+05
1.1480846588e+02 1.4149377698e+05
1.1300244539e+02 1.2527692077e+05
1.1119642490e+02 1.1056062166e+05
}

T_margin 4.64284938915
T_sat_margin 285.699708956
T_hull_margin 290.342558345
P_hull_margin 918074.723688

caseHull
{
3.1528751486e+02 4.5615342936e+05
3.1501710220e+02 4.6039739044e+05
3.1492501599e+02 4.6294382244e+05
3.1397060185e+02 4.6637866026e+05
3.1404104700e+02 4.7206028813e+05
3.1395119908e+02 4.7648259351e+05
3.1392163314e+02 4.7754866475e+05
3.1400383646e+02 4.8221754122e+05
3.1422406554e+02 4.8720979954e+05
3.1414359632e+02 4.9030475182e+05
3.1428242113e+02 4.9583553195e+05
3.1420606213e+02 4.9885878489e+05
3.1435129729e+02 5.0100448727e+05
3.1467943308e+02 5.0472218370e+05
3.1475896525e+02 5.0910031222e+05
3.1413823035e+02 5.1296556018e+05
2.8943253826e+02 6.1641900056e+05
2.8958871031e+02 6.1946272121e+05
2.8841333755e+02 6.2811335845e+05
2.8882184205e+02 6.3219103387e+05
2.8908563194e+02 6.3911253403e+05
2.8894389671e+02 6.5512648679e+05
2.8925979775e+02 6.5866584059e+05
2.8893738107e+02 6.6194495325e+05
2.8847249539e+02 6.6907948181e+05
2.8891921166e+02 6.7262043925e+05
2.8834107013e+02 6.7861971403e+05
2.8859949320e+02 6.8638769290e+05
2.8864834958e+02 6.9140722027e+05
2.8883411202e+02 6.9269632528e+05
2.8883788484e+02 6.9776216917e+05
2.8920693582e+02 7.0287453652e+05
2.8929046998e+02 7.0519115662e+05
2.8920723144e+02 7.1288468325e+05
2.8900001150e+02 7.1781393788e+05
2.8953127708e+02 7.4472833934e+05
2.8957318506e+02 7.4884114617e+05
2.8946884628e+02 7.5391727686e+05
2.8980327824e+02 7.5629164586e+05
2.8862791659e+02 7.7614834892e+05
2.8910690939e+02 7.8184816119e+05
2.8905417098e+02 7.8272550507e+05
2.8878184897e+02 8.0643822283e+05
2.8923335389e+02 8.2248064431e+05
2.8954210930e+02 8.3417218352e+05
2.8902618158e+02 8.4227610930e+05
2.8959516128e+02 8.5272114566e+05
2.8978592204e+02 8.7042045779e+05
2.8989985525e+02 8.7878985451e+05
2.9034255834e+02 9.1807472369e+05
2.9046338363e+02 9.2157105217e+05
2.9095693948e+02 9.4542570319e+05
3.1817134393e+02 1.0486168060e+06
3.1823402754e+02 1.0496712374e+06
3.1817208651e+02 1.0528461665e+06
3.1779007805e+02 1.0573218708e+06
3.1747226041e+02 1.0645051631e+06
3.1732725488e+02 1.0775311416e+06
3.1717731578e+02 1.0822737293e+06
3.1715452427e+02 1.0905870494e+06
3.1723654449e+02 1.1018333997e+06
3.1723444532e+02 1.1060166729e+06
3.1723548402e+02 1.1076892365e+06
3.1725993762e+02 1.1119551550e+06
3.1731196999e+02 1.1176999500e+06
3.1729565561e+02 1.1202480168e+06
3.1725514848e+02 1.1276674241e+06
3.1730534525e+02 1.1317502945e+06
3.1744901393e+02 1.1374003750e+06
3.1766054546e+02 1.1393028650e+06
3.1887551785e+02 1.1461759576e+06
3.1898788045e+02 1.1505619087e+06
3.1832909872e+02 1.1534920719e+06
3.1833080205e+02 1.1579692873e+06
3.1835045246e+02 1.1613696019e+06
3.1837326053e+02 1.1648672683e+06
3.1841895391e+02 1.1701189520e+06
3.1842031780e+02 1.1729453336e+06
3.1842516815e+02 1.1749050262e+06
3.1846479262e+02 1.1812129545e+06
3.1840036561e+02 1.1847447107e+06
3.1844319583e+02 1.1872676122e+06
3.1857437517e+02 1.1921760930e+06
3.1950475005e+02 1.1990940657e+06
3.1959252541e+02 1.2033861728e+06
3.1969939224e+02 1.2084673949e+06
3.1981290534e+02 1.2132795800e+06
3.2015404636e+02 1.2161685687e+06
3.1993755823e+02 1.2185024729e+06
3.1974269157e+02 1.2247386248e+06
3.2023171587e+02 1.2289587845e+06
3.2019525609e+02 1.2290971119e+06
3.1945170168e+02 1.2333431206e+06
3.1927477752e+02 1.2436654449e+06
3.1917499208e+02 1.2510421278e+06
3.1914034412e+02 1.2580310071e+06
3.1919264564e+02 1.2682023617e+06
3.1919601238e+02 1.2721226759e+06
3.1923947999e+02 1.2769435572e+06
3.1927038210e+02 1.2814926978e+06
3.1931518044e+02 1.2871328267e+06
3.1932116752e+02 1.2901759428e+06
3.1933758916e+02 1.2933434595e+06
3.1935272447e+02 1.2985726366e+06
3.1932695940e+02 1.3031296555e+06
3.1935857944e+02 1.3052511061e+06
3.1947623868e+02 1.3104154113e+06
3.1987169146e+02 1.3116576445e+06
3.2002960595e+02 1.3177358901e+06
3.2000175499e+02 1.3242596546e+06
3.2004540632e+02 1.3332779952e+06
3.2005577850e+02 1.3374905794e+06
3.2010806991e+02 1.3436664267e+06
3.2014177064e+02 1.3483650515e+06
3.2018408468e+02 1.3539166579e+06
3.2019296639e+02 1.3574468556e+06
3.2021558102e+02 1.3617526958e+06
3.2022188474e+02 1.3660175033e+06
3.2022234195e+02 1.3698085154e+06
3.2020753766e+02 1.3709012513e+06
3.2035609346e+02 1.3779209022e+06
3.2045958041e+02 1.3785157015e+06
3.2110896873e+02 1.3844957266e+06
3.2122439725e+02 1.3902398331e+06
3.2135149935e+02 1.3963816477e+06
3.2133033602e+02 1.4033650783e+06
3.2162079321e+02 1.4088493242e+06
3.2106428416e+02 1.4119690223e+06
3.2090658047e+02 1.4213870216e+06
3.2083732124e+02 1.4298954286e+06
3.2082046678e+02 1.4371144097e+06
3.2085965662e+02 1.4457134512e+06
3.2088544963e+02 1.4506962816e+06
3.2093672102e+02 1.4569020873e+06
3.2097847607e+02 1.4625220370e+06
3.2149086697e+02 1.4657751562e+06
3.2102231503e+02 1.4686507211e+06
3.2103462224e+02 1.4726497584e+06
3.2105368101e+02 1.4773014627e+06
3.2105185117e+02 1.4810836267e+06
3.2104853584e+02 1.4866789932e+06
3.2105582443e+02 1.4876718130e+06
3.2119426878e+02 1.4926025529e+06
3.2163228808e+02 1.5006112109e+06
3.2157974945e+02 1.5093836689e+06
3.2157607008e+02 1.5167715999e+06
3.2161204667e+02 1.5244083439e+06
3.2164291720e+02 1.5297680959e+06
3.2214747108e+02 1.5310568500e+06
3.2169950835e+02 1.5366169815e+06
3.2210391328e+02 1.5413648306e+06
3.2174186068e+02 1.5426465852e+06
3.2178133868e+02 1.5486586729e+06
3.2179483799e+02 1.5530685672e+06
3.2180795512e+02 1.5615370052e+06
3.2180550373e+02 1.5649252971e+06
3.2180750393e+02 1.5672774106e+06
3.2187321230e+02 1.5702447500e+06
3.2209901921e+02 1.5740573665e+06
3.2250219957e+02 1.5786090088e+06
3.2262604946e+02 1.5856003055e+06
3.2303952114e+02 1.5873496927e+06
3.2275894256e+02 1.5926733635e+06
3.2271737665e+02 1.5967739230e+06
3.2289884211e+02 1.6000192180e+06
3.2250115309e+02 1.6054761742e+06
3.2238839697e+02 1.6149722677e+06
3.2235119331e+02 1.6237538241e+06
3.2236277994e+02 1.6318284418e+06
3.2284516617e+02 1.6364823558e+06
3.2240405132e+02 1.6395396568e+06
3.2280512459e+02 1.6418957547e+06
3.2244738763e+02 1.6458156122e+06
3.2249923415e+02 1.6525710720e+06
3.2254190237e+02 1.6589100664e+06
3.2257717686e+02 1.6650483741e+06
3.2259111557e+02 1.6699077252e+06
3.2260438770e+02 1.6750312406e+06
3.2259995076e+02 1.6786368913e+06
3.2259957589e+02 1.6820158243e+06
3.2260703908e+02 1.6844810100e+06
3.2269289575e+02 1.6876759541e+06
3.2308295863e+02 1.6916016029e+06
3.2316015015e+02 1.6983545225e+06
3.2339135859e+02 1.7023714510e+06
3.2307450763e+02 1.7077839370e+06
3.2305682443e+02 1.7165497839e+06
3.2356135868e+02 1.7216932059e+06
3.2308287293e+02 1.7249939581e+06
3.2348824479e+02 1.7270073726e+06
3.2312627107e+02 1.7323199264e+06
3.2317470515e+02 1.7391869449e+06
3.2322591169e+02 1.7460272092e+06
3.2326652911e+02 1.7526833460e+06
3.2329690207e+02 1.7587298116e+06
3.2330868082e+02 1.7638003664e+06
3.2331985625e+02 1.7690145449e+06
3.2331405942e+02 1.7725880854e+06
3.2331630318e+02 1.7759107718e+06
3.2333267749e+02 1.7786969360e+06
3.2344387498e+02 1.7823293793e+06
3.2369327832e+02 1.7854816023e+06
3.2394569439e+02 1.7973935918e+06
3.2401009797e+02 1.8080924389e+06
3.2422080968e+02 1.8142852421e+06
3.2386779396e+02 1.8175218724e+06
3.2381457650e+02 1.8275666863e+06
3.2429359736e+02 1.8322937449e+06
3.2381667254e+02 1.8365631680e+06
3.2414715656e+02 1.8442472095e+06
3.2385667135e+02 1.8455317158e+06
3.2410874909e+02 1.8506717280e+06
3.2390807734e+02 1.8533346206e+06
3.2409503990e+02 1.8575712769e+06
3.2396061203e+02 1.8607356502e+06
3.2400779524e+02 1.8676945129e+06
3.2404382024e+02 1.8743761308e+06
3.2406800703e+02 1.8804242872e+06
3.2407738499e+02 1.8857258663e+06
3.2408344734e+02 1.8908277959e+06
3.2408300005e+02 1.8948213127e+06
3.2409116119e+02 1.8982494457e+06
3.2411685420e+02 1.9010434060e+06
3.2417038956e+02 1.9032476772e+06
3.2452333894e+02 1.9082600112e+06
3.2454439846e+02 1.9129613296e+06
3.2463435702e+02 1.9153514604e+06
3.2467049391e+02 1.9218425502e+06
3.2453597140e+02 1.9250562021e+06
3.2512332399e+02 1.9273920207e+06
3.2480446406e+02 1.9308929361e+06
3.2451453544e+02 1.9353775029e+06
3.2490388642e+02 1.9392706123e+06
3.2453686277e+02 1.9444234591e+06
3.2458937453e+02 1.9538482781e+06
3.2464307939e+02 1.9616547730e+06
3.2473230966e+02 1.9676169429e+06
3.2469738872e+02 1.9696623835e+06
3.2474013935e+02 1.9766203325e+06
3.2477175277e+02 1.9835448723e+06
3.2479001315e+02 1.9895103223e+06
3.2479663902e+02 1.9949928821e+06
3.2480091541e+02 1.9999647574e+06
3.2480424893e+02 2.0041013257e+06
3.2482103417e+02 2.0074889444e+06
3.2486109955e+02 2.0104989156e+06
3.2492987087e+02 2.0128157341e+06
3.2508162106e+02 2.0192000732e+06
3.2519410421e+02 2.0286962847e+06
3.2531732570e+02 2.0383926864e+06
3.2529538930e+02 2.0408880569e+06
3.2524240954e+02 2.0513128609e+06
3.2559276954e+02 2.0584957587e+06
3.2525359332e+02 2.0622691865e+06
3.2559554585e+02 2.0642419428e+06
3.2552214005e+02 2.0715214945e+06
3.2529527928e+02 2.0718070564e+06
3.2535646763e+02 2.0816724848e+06
3.2541387062e+02 2.0900387900e+06
3.2543686436e+02 2.0959683055e+06
3.2545054779e+02 2.1045903814e+06
3.2548174707e+02 2.1136315929e+06
3.2554172688e+02 2.1187046411e+06
3.2552794704e+02 2.1228244256e+06
3.2555110267e+02 2.1292191748e+06
3.2556345435e+02 2.1335440847e+06
3.2559365321e+02 2.1370322245e+06
3.2565111712e+02 2.1400778355e+06
3.2566746225e+02 2.1420868363e+06
3.2599322834e+02 2.1461828986e+06
3.2575857536e+02 2.1521037856e+06
3.2606268810e+02 2.1544053391e+06
3.2586347531e+02 2.1623026699e+06
3.2599106365e+02 2.1667562618e+06
3.2598337775e+02 2.1727712600e+06
3.2637368684e+02 2.1772928807e+06
3.2598253889e+02 2.1775831641e+06
3.2611753618e+02 2.1834204255e+06
3.2602290935e+02 2.1890994425e+06
3.2621082563e+02 2.1933867719e+06
3.2607928211e+02 2.1988953212e+06
3.2615855094e+02 2.2018471143e+06
3.2642271933e+02 2.2053847154e+06
3.2612801870e+02 2.2109406177e+06
3.2611545050e+02 2.2201197595e+06
3.2624928325e+02 2.2266492594e+06
3.2612174312e+02 2.2297961965e+06
3.2627936901e+02 2.2338923856e+06
3.2614367925e+02 2.2396164678e+06
3.2629929595e+02 2.2412135552e+06
3.2630708700e+02 2.2471512259e+06
3.2618140750e+02 2.2498441594e+06
3.2631304740e+02 2.2529521999e+06
3.2632292961e+02 2.2576666973e+06
3.2623128397e+02 2.2602619360e+06
3.2639467178e+02 2.2654630080e+06
3.2629580707e+02 2.2710346839e+06
3.2670600475e+02 2.2730469940e+06
3.2700042151e+02 2.2760350565e+06
3.2637742244e+02 2.2820209083e+06
3.2668214208e+02 2.2857187259e+06
3.2648015918e+02 2.2933439770e+06
3.2666870190e+02 2.2989517521e+06
3.2660431947e+02 2.3049092458e+06
3.2669973055e+02 2.3104636309e+06
3.2713589928e+02 2.3112784110e+06
3.2674968572e+02 2.3168040878e+06
3.2704813867e+02 2.3205354037e+06
3.2676343339e+02 2.3227101211e+06
3.2691217958e+02 2.3289494944e+06
3.2682945099e+02 2.3330483654e+06
3.2691758202e+02 2.3393705602e+06
3.2689727609e+02 2.3439688762e+06
3.2687568665e+02 2.3490968950e+06
3.2694845563e+02 2.3529662712e+06
3.2726748810e+02 2.3541198303e+06
3.2684984050e+02 2.3593451842e+06
3.2699023102e+02 2.3622762742e+06
3.2683656221e+02 2.3696605498e+06
3.2683780835e+02 2.3803920691e+06
3.2703648773e+02 2.3833653109e+06
3.2685406483e+02 2.3912585743e+06
3.2707065320e+02 2.3939000666e+06
3.2711619376e+02 2.3983295303e+06
3.2688983522e+02 2.4024744487e+06
3.2728317338e+02 2.4047081549e+06
3.2754965288e+02 2.4090594183e+06
3.2694424470e+02 2.4138697050e+06
3.2701986196e+02 2.4255924918e+06
3.2712270449e+02 2.4375231878e+06
3.2725301756e+02 2.4497746826e+06
3.2753713878e+02 2.4524217588e+06
3.2783608470e+02 2.4558805295e+06
3.2740624767e+02 2.4622450889e+06
3.2759914804e+02 2.4645384049e+06
3.2757673982e+02 2.4750218958e+06
3.2767733914e+02 2.4776587919e+06
3.2763193160e+02 2.4875121452e+06
3.2758427431e+02 2.4985154773e+06
3.2781044141e+02 2.5000274362e+06
3.2754969153e+02 2.5100260968e+06
3.2752980718e+02 2.5217006772e+06
3.2819378516e+02 2.5247297426e+06
3.2790290524e+02 2.5264911236e+06
3.2753145792e+02 2.5338250998e+06
3.2791823257e+02 2.5343876241e+06
3.2792991165e+02 2.5401950431e+06
3.2755948790e+02 2.5461971859e+06
3.2799602751e+02 2.5505272508e+06
3.2806390511e+02 2.5548735982e+06
3.2761791328e+02 2.5590223166e+06
3.2769873618e+02 2.5721696642e+06
3.2781189024e+02 2.5858112664e+06
3.2795336524e+02 2.5998360537e+06
3.2838515298e+02 2.6120750516e+06
3.2811821577e+02 2.6144165913e+06
3.2844792366e+02 2.6232893983e+06
3.2852921986e+02 2.6253666089e+06
3.2829946158e+02 2.6294153000e+06
3.2850469934e+02 2.6355834076e+06
3.2845215440e+02 2.6368591137e+06
3.2849295540e+02 2.6450425621e+06
3.2838467580e+02 2.6488404614e+06
3.2856773981e+02 2.6553899296e+06
3.2832945871e+02 2.6608777291e+06
3.2829481771e+02 2.6733307913e+06
3.2863344323e+02 2.6768650327e+06
3.2828603031e+02 2.6859427153e+06
3.2875418628e+02 2.6869681262e+06
3.2885534054e+02 2.6911938673e+06
3.2830946815e+02 2.6989550826e+06
3.2836483744e+02 2.7122009923e+06
3.2844169154e+02 2.7258661955e+06
3.2854542488e+02 2.7398112964e+06
3.2867270335e+02 2.7541886432e+06
3.2881806770e+02 2.7688383728e+06
3.2932320177e+02 2.7722170773e+06
3.2942498673e+02 2.7777817363e+06
3.2897841101e+02 2.7839326169e+06
3.2934343568e+02 2.7905598382e+06
3.2915028949e+02 2.7992215716e+06
3.2926970084e+02 2.8034337592e+06
3.2933228877e+02 2.8150006021e+06
3.2921359843e+02 2.8168535847e+06
3.3015451094e+02 2.8234736043e+06
3.3034046571e+02 2.8249602440e+06
3.2918035544e+02 2.8305268642e+06
3.2956473409e+02 2.8352432549e+06
3.3005385013e+02 2.8360268560e+06
3.2968718074e+02 2.8429536623e+06
3.2917695533e+02 2.8447860378e+06
3.3011804067e+02 2.8512602287e+06
3.2971229619e+02 2.8524033254e+06
3.2968139494e+02 2.8554927481e+06
3.2920344586e+02 2.8594372686e+06
3.2974335314e+02 2.8633287684e+06
3.2976611865e+02 2.8705289812e+06
3.2925946230e+02 2.8747853988e+06
3.2980933857e+02 2.8789613906e+06
3.2985778302e+02 2.8839703791e+06
3.2988266013e+02 2.8899212514e+06
3.2933838481e+02 2.8906510604e+06
3.3017063675e+02 2.8968625952e+06
3.3019306102e+02 2.8998493199e+06
3.2995493576e+02 2.9040678999e+06
3.2943621311e+02 2.9073941899e+06
3.3052308279e+02 2.9119605799e+06
3.3045311087e+02 2.9149337007e+06
3.3002839460e+02 2.9208044385e+06
3.2955350644e+02 2.9247654509e+06
3.2986170466e+02 2.9325865888e+06
3.3025420521e+02 2.9348120617e+06
3.3039187970e+02 2.9377059275e+06
3.2969108299e+02 2.9432891700e+06
3.3012189468e+02 2.9473934943e+06
3.2995306405e+02 2.9500911963e+06
3.3020512008e+02 2.9557136435e+06
3.3015209289e+02 2.9571807029e+06
3.2984688840e+02 2.9624937630e+06
3.3038393252e+02 2.9662886781e+06
3.3020365184e+02 2.9692049708e+06
3.3009263885e+02 2.9754662885e+06
3.3020801608e+02 2.9780507421e+06
3.3002404230e+02 2.9833445191e+06
3.3033921845e+02 2.9857671093e+06
3.3017942411e+02 2.9922487174e+06
3.3020942422e+02 2.9938106996e+06
3.3056104861e+02 2.9967082149e+06
3.3017209118e+02 3.0066995444e+06
3.3065167639e+02 3.0090733846e+06
3.3060978869e+02 3.0125124499e+06
3.3033827164e+02 3.0186810894e+06
3.3018653638e+02 3.0217143857e+06
3.3074329462e+02 3.0250280107e+06
3.3043772432e+02 3.0288307173e+06
3.3071748970e+02 3.0332672093e+06
3.3021885342e+02 3.0370635829e+06
3.3026788981e+02 3.0530439688e+06
3.3053202641e+02 3.0605854163e+06
3.3065802187e+02 3.0651737849e+06
3.3033025415e+02 3.0693638885e+06
3.3075569009e+02 3.0712724344e+06
3.3060367180e+02 3.0779858526e+06
3.3083204977e+02 3.0801550062e+06
3.3040683723e+02 3.0864008730e+06
3.3100849970e+02 3.0920485854e+06
3.3081912994e+02 3.0949664653e+06
3.3068660200e+02 3.0997145859e+06
3.3049383367e+02 3.1036265741e+06
3.3104337889e+02 3.1092717330e+06
3.3082338247e+02 3.1104713948e+06
3.3074596845e+02 3.1153017188e+06
3.3059202208e+02 3.1216644208e+06
3.3103310429e+02 3.1240473942e+06
3.3084168773e+02 3.1263864331e+06
3.3113668496e+02 3.1325103320e+06
3.3082515986e+02 3.1348705894e+06
3.3069898139e+02 3.1394437696e+06
3.3087488590e+02 3.1431667777e+06
3.3089509076e+02 3.1481040259e+06
3.3087916084e+02 3.1513658919e+06
3.3073006823e+02 3.1565297393e+06
3.3081913148e+02 3.1582177999e+06
3.3129740969e+02 3.1622661905e+06
3.3100634188e+02 3.1652542413e+06
3.3108176297e+02 3.1720823548e+06
3.3094248605e+02 3.1756132284e+06
3.3098136828e+02 3.1788540780e+06
3.3126485664e+02 3.1822055107e+06
3.3126504101e+02 3.1845378700e+06
3.3112105809e+02 3.1892432771e+06
3.3107595259e+02 3.1942636267e+06
3.3105496926e+02 3.1977139571e+06
3.3104025958e+02 3.2005338135e+06
3.3117485283e+02 3.2075686675e+06
3.3120326108e+02 3.2093972342e+06
3.3147101513e+02 3.2126714237e+06
3.3114724873e+02 3.2182708812e+06
3.3165570974e+02 3.2218375217e+06
3.3124036568e+02 3.2262580636e+06
3.3149743061e+02 3.2295046432e+06
3.3143670221e+02 3.2352038614e+06
3.3109176533e+02 3.2371793548e+06
3.3132450737e+02 3.2466833841e+06
3.3150858229e+02 3.2476658719e+06
3.3130967593e+02 3.2515230491e+06
3.3143825545e+02 3.2564785810e+06
3.3137378323e+02 3.2626705794e+06
3.3157555931e+02 3.2634169308e+06
3.3140462455e+02 3.2683818524e+06
3.3143464255e+02 3.2735298451e+06
3.3151785162e+02 3.2774936132e+06
3.3200579192e+02 3.2806064977e+06
3.3150833730e+02 3.2858415389e+06
3.3168371213e+02 3.2892825217e+06
3.3153756391e+02 3.2905786888e+06
3.3156189788e+02 3.2960240884e+06
3.3160947101e+02 3.2986381631e+06
3.3170329858e+02 3.3051866765e+06
3.3162809198e+02 3.3071591462e+06
3.3166414171e+02 3.3131437155e+06
3.3167639146e+02 3.3144604771e+06
3.3184346216e+02 3.3201939992e+06
3.3172735362e+02 3.3231870361e+06
3.3175961763e+02 3.3289372133e+06
3.3226307669e+02 3.3305391810e+06
3.3188191575e+02 3.3371382588e+06
3.3184826947e+02 3.3389341991e+06
3.3182412765e+02 3.3413799224e+06
3.3185337367e+02 3.3470216612e+06
3.3189783728e+02 3.3505158871e+06
3.3196941722e+02 3.3562078854e+06
3.3221576043e+02 3.3598923779e+06
3.3198036068e+02 3.3626191168e+06
3.3199162591e+02 3.3665458201e+06
3.3242348134e+02 3.3721735262e+06
3.3201598430e+02 3.3739569456e+06
3.3201873769e+02 3.3774346517e+06
3.3208805968e+02 3.3806849516e+06
3.3214331707e+02 3.3880353675e+06
3.3215621184e+02 3.3920066208e+06
3.3230139928e+02 3.3937141595e+06
3.3243036373e+02 3.3977433938e+06
3.3217066212e+02 3.4004347305e+06
3.3217107872e+02 3.4039295663e+06
3.3222960622e+02 3.4086589475e+06
3.3228357594e+02 3.4150102813e+06
3.3224100240e+02 3.4160844503e+06
3.3226289040e+02 3.4205598128e+06
3.3234998537e+02 3.4242360605e+06
3.3233370903e+02 3.4306710103e+06
3.3244520542e+02 3.4316252923e+06
3.3234566626e+02 3.4356203886e+06
3.3266276361e+02 3.4400644003e+06
3.3239661838e+02 3.4442826194e+06
3.3241585914e+02 3.4485239218e+06
3.3250402447e+02 3.4537679474e+06
3.3258737222e+02 3.4580373755e+06
3.3248862415e+02 3.4621854834e+06
3.3252528569e+02 3.4646123155e+06
3.3260258270e+02 3.4693019493e+06
3.3253392110e+02 3.4706924456e+06
3.3271076569e+02 3.4745616153e+06
3.3263356760e+02 3.4822056339e+06
3.3259005161e+02 3.4844080751e+06
3.3265589667e+02 3.4899044196e+06
3.3264468523e+02 3.4913557619e+06
3.3263350250e+02 3.4951856336e+06
3.3264894274e+02 3.4989083432e+06
3.3277993964e+02 3.5022568550e+06
3.3276078001e+02 3.5068578867e+06
3.3271165303e+02 3.5109209368e+06
3.3287183710e+02 3.5146027163e+06
3.3275115629e+02 3.5187852537e+06
3.3281382299e+02 3.5225397264e+06
3.3280490897e+02 3.5286262983e+06
3.3281695361e+02 3.5320731885e+06
3.3301003883e+02 3.5336686336e+06
3.3298157357e+02 3.5391922320e+06
3.3287018443e+02 3.5428808366e+06
3.3300707483e+02 3.5455998681e+06
3.3290331994e+02 3.5502106411e+06
3.3300701126e+02 3.5558803672e+06
3.3295857688e+02 3.5581008017e+06
3.3297054372e+02 3.5633388194e+06
3.3299592401e+02 3.5672940648e+06
3.3300761085e+02 3.5716041280e+06
3.3301957583e+02 3.5744984867e+06
3.3302710465e+02 3.5774458989e+06
3.3314298737e+02 3.5830217060e+06
3.3307041955e+02 3.5868791358e+06
3.3312893074e+02 3.5917606984e+06
3.3309704336e+02 3.5936030217e+06
3.3326703431e+02 3.5983071734e+06
3.3331641935e+02 3.6020343048e+06
3.3315483796e+02 3.6055692306e+06
3.3319455108e+02 3.6102317829e+06
3.3318616472e+02 3.6132303414e+06
3.3324015050e+02 3.6177867093e+06
3.3323354091e+02 3.6213815072e+06
3.3335594658e+02 3.6257656088e+06
3.3325454510e+02 3.6276166461e+06
3.3328816002e+02 3.6346601009e+06
3.3330436870e+02 3.6386192189e+06
3.3338008002e+02 3.6410951862e+06
3.3333087197e+02 3.6457250520e+06
3.3338576679e+02 3.6483790360e+06
3.3338004249e+02 3.6512649450e+06
3.3339451891e+02 3.6553447164e+06
3.3337156740e+02 3.6589083132e+06
3.3342135404e+02 3.6626746757e+06
3.3343734315e+02 3.6683494237e+06
3.3340460216e+02 3.6728038501e+06
3.3353117130e+02 3.6775090846e+06
3.3347997397e+02 3.6783035714e+06
3.3350262731e+02 3.6848375832e+06
3.3357126372e+02 3.6897958106e+06
3.3356785137e+02 3.6917759853e+06
3.3346668744e+02 3.6950246284e+06
3.3358854524e+02 3.6982796644e+06
3.3358549383e+02 3.7029612587e+06
3.3373825246e+02 3.7092556874e+06
3.3351863062e+02 3.7113993312e+06
3.3366554426e+02 3.7172981480e+06
3.3361130920e+02 3.7199206804e+06
3.3378306416e+02 3.7215365702e+06
3.3376585264e+02 3.7276025775e+06
3.3371234361e+02 3.7296298652e+06
3.3359495699e+02 3.7335179000e+06
3.3377348211e+02 3.7378745965e+06
3.3378340532e+02 3.7425889853e+06
3.3356180767e+02 3.7479589234e+06
3.3366478560e+02 3.7518586046e+06
3.3383486960e+02 3.7562165088e+06
3.3366540717e+02 3.7577559810e+06
3.3382004122e+02 3.7611624956e+06
3.3375131024e+02 3.7645074908e+06
3.3390453236e+02 3.7712890521e+06
3.3356116388e+02 3.7733648127e+06
3.3378733282e+02 3.7792997031e+06
3.3378429126e+02 3.7816645982e+06
3.3397730862e+02 3.7849953575e+06
3.3400301977e+02 3.7905600918e+06
3.3361147835e+02 3.7945976341e+06
3.3359743146e+02 3.7964834641e+06
3.3399281075e+02 3.8008325503e+06
3.3391187757e+02 3.8056976013e+06
3.3388143145e+02 3.8088855175e+06
3.3365374264e+02 3.8132906468e+06
3.3367905323e+02 3.8175381689e+06
3.3414022835e+02 3.8203918960e+06
3.3416444148e+02 3.8256352847e+06
3.3404378925e+02 3.8273723872e+06
3.3375163438e+02 3.8310864580e+06
3.3381687802e+02 3.8367047841e+06
3.3408147408e+02 3.8407113161e+06
3.3418053014e+02 3.8442931623e+06
3.3390268747e+02 3.8475476981e+06
3.3399395489e+02 3.8540835829e+06
3.3417075398e+02 3.8576092071e+06
3.3414957517e+02 3.8611864762e+06
3.3407083192e+02 3.8624365754e+06
3.3410725793e+02 3.8673482346e+06
3.3416609695e+02 3.8715982707e+06
3.3421096672e+02 3.8756014937e+06
3.3412969469e+02 3.8783390799e+06
3.3416522220e+02 3.8846737516e+06
3.3421167228e+02 3.8860323481e+06
3.3422622669e+02 3.8934883827e+06
3.3422010727e+02 3.8975304165e+06
3.3417907475e+02 3.9006121852e+06
3.3414840292e+02 3.9046500150e+06
3.3423085127e+02 3.9062464055e+06
3.3420592669e+02 3.9125579634e+06
3.3422656115e+02 3.9158854410e+06
3.3416131501e+02 3.9200546863e+06
3.3426052378e+02 3.9219510182e+06
3.3421059741e+02 3.9260737041e+06
3.3414637091e+02 3.9306539134e+06
3.3416955860e+02 3.9360931856e+06
3.3415999825e+02 3.9398886337e+06
3.3420241950e+02 3.9433765787e+06
3.3423873088e+02 3.9468912255e+06
3.3432000777e+02 3.9503945595e+06
3.3414524867e+02 3.9553760883e+06
3.3418448669e+02 3.9602775079e+06
3.3421762815e+02 3.9608790518e+06
3.3437446853e+02 3.9647946066e+06
3.3426213236e+02 3.9706183966e+06
3.3436482295e+02 3.9732865290e+06
3.3426190807e+02 3.9786389539e+06
3.3423885633e+02 3.9809109410e+06
3.3419422412e+02 3.9842794391e+06
3.3433928753e+02 3.9882267494e+06
3.3442336875e+02 3.9945148025e+06
3.3433817777e+02 3.9965780325e+06
3.3432052951e+02 4.0022200557e+06
3.3429517061e+02 4.0051233650e+06
3.3425667776e+02 4.0099293460e+06
3.3443162906e+02 4.0147835623e+06
3.3478452602e+02 4.0160377213e+06
3.3468154863e+02 4.0200737497e+06
3.3435326478e+02 4.0253508405e+06
3.3445822690e+02 4.0294670080e+06
3.3454702189e+02 4.0331388089e+06
3.3446602925e+02 4.0378069165e+06
3.3440331443e+02 4.0422848135e+06
3.3456254902e+02 4.0453301482e+06
3.3446283133e+02 4.0467397035e+06
3.3444154370e+02 4.0514650794e+06
3.3501164930e+02 4.0549850152e+06
3.3487009921e+02 4.0602398172e+06
3.3413643375e+02 4.0635609411e+06
3.3452328932e+02 4.0681363559e+06
3.3484343717e+02 4.0704999152e+06
3.3448158123e+02 4.0766714900e+06
3.3502308869e+02 4.0783079744e+06
3.3496965593e+02 4.0832752609e+06
3.3472908384e+02 4.0886795571e+06
3.3450209042e+02 4.0952945688e+06
3.3469270148e+02 4.1039711605e+06
3.3489867244e+02 4.1081056098e+06
3.3509430579e+02 4.1115588169e+06
3.3513151957e+02 4.1135572254e+06
3.3458251261e+02 4.1182053415e+06
3.3453334636e+02 4.1297397723e+06
3.3441541587e+02 4.1348708977e+06
3.3562310639e+02 4.1402546329e+06
3.3528514829e+02 4.1407829658e+06
3.3545162209e+02 4.1467257894e+06
3.3490307770e+02 4.1503637935e+06
3.3507042559e+02 4.1568328386e+06
3.3564804249e+02 4.1631573298e+06
3.3527128272e+02 4.1660301390e+06
3.3539895866e+02 4.1710333332e+06
3.3561289692e+02 4.1753133861e+06
3.3553408297e+02 4.1765219216e+06
3.3585525803e+02 4.1816055725e+06
3.3557007673e+02 4.1854287675e+06
3.3563013099e+02 4.1897358808e+06
3.3571945841e+02 4.1926323966e+06
3.3596693963e+02 4.1960504684e+06
3.3570966038e+02 4.2023171639e+06
3.3602079514e+02 4.2055246022e+06
3.3584619144e+02 4.2148704254e+06
3.3608908283e+02 4.2164326437e+06
3.3599239949e+02 4.2227805927e+06
3.3587368988e+02 4.2257303315e+06
3.3617352177e+02 4.2272435838e+06
3.3624481707e+02 4.2329868736e+06
3.3596029012e+02 4.2409706943e+06
3.3608677459e+02 4.2675510663e+06
3.3615649304e+02 4.2801093211e+06
3.3626520658e+02 4.3022253008e+06
3.3631761359e+02 4.3113561807e+06
3.3641424408e+02 4.3303071953e+06
3.3644585980e+02 4.3350596420e+06
3.3657956017e+02 4.3392693820e+06
3.3653303863e+02 4.3517281808e+06
3.3661836442e+02 4.3554724048e+06
3.3659932701e+02 4.3582569329e+06
3.3661905532e+02 4.3659397192e+06
3.3666715721e+02 4.3717470680e+06
}