Pressao_entrada 3776320
Pressao_saida 101300.0
Velocidade_angular 1083.84946425
Temperatura 340.690856049


Ri 0.0875
Rg 0.0979
Rm 0.1035
Ro 0.1095
h 2e-06
hg 5e-06
beta1 2.29
beta2 1
N 10

n_r_1 25
n_r_2 25
n_r_3 25
n_t_1 20
n_t_2 20
n_t_3 20
n_t_4 20
n_t_5 20
n_z_h 10
n_z_hg 10

nCells 9.5000000000e+04
minVol 7.8451466584e-04
maxVol 1.5576770459e-02
totVol 4.4219894904e+02

min_U 0.0000000000e+00
max_U 3.1368196525e+02
min_Rho 8.5662490972e-01
max_Rho 5.9530969690e+01
min_P 1.0130000000e+05
max_P 6.5453978523e+06
min_T 3.1989337697e+02
max_T 3.5839510262e+02
Force 4.6477278008e+03
Shear 1.6294310566e+04
Inlet_Flow -1.9910656203e-05
Outlet_Flow 1.9805252223e-05
Sum_Flow -1.0540398059e-07
Perc_flow 5.4246959227e-01

T_crit 268.689772837
P_crit 11643294.8516
satSize 197
composition methane_0.723481/ethane_0.113896/n-propane_0.088029/isobutane_0.014036/n-butane_0.029276/isopentane_0.006316/n-pentane_0.007820/n-hexane_0.003409/n-heptane_0.001303/n-octane_0.000201/n-nonane_0.000000/n-decane_0.000000/nitrogen_0.009625/co2_0.002607


SaturationCurve
{
2.5144509337e+02 1.0130000000e+05
2.6367745925e+02 2.2954438724e+05
2.7100631821e+02 3.5778877448e+05
2.7637323903e+02 4.8603316172e+05
2.8065279855e+02 6.1427754896e+05
2.8423137360e+02 7.4252193620e+05
2.8731524077e+02 8.7076632344e+05
2.9002813149e+02 9.9901071068e+05
2.9245051598e+02 1.1272550979e+06
2.9463794198e+02 1.2554994852e+06
2.9663053466e+02 1.3837438724e+06
2.9845832663e+02 1.5119882596e+06
3.0014444480e+02 1.6402326469e+06
3.0170711682e+02 1.7684770341e+06
3.0316098906e+02 1.8967214214e+06
3.0451802365e+02 2.0249658086e+06
3.0578812747e+02 2.1532101958e+06
3.0697960450e+02 2.2814545831e+06
3.0809948856e+02 2.4096989703e+06
3.0915379258e+02 2.5379433576e+06
3.1014769876e+02 2.6661877448e+06
3.1108570563e+02 2.7944321320e+06
3.1197174339e+02 2.9226765193e+06
3.1280926549e+02 3.0509209065e+06
3.1360132207e+02 3.1791652938e+06
3.1435061946e+02 3.3074096810e+06
3.1505956885e+02 3.4356540682e+06
3.1573032634e+02 3.5638984555e+06
3.1636482628e+02 3.6921428427e+06
3.1696480905e+02 3.8203872299e+06
3.1753184447e+02 3.9486316172e+06
3.1806735159e+02 4.0768760044e+06
3.1857261552e+02 4.2051203917e+06
3.1904880181e+02 4.3333647789e+06
3.1949696878e+02 4.4616091661e+06
3.1991807811e+02 4.5898535534e+06
3.2031300405e+02 4.7180979406e+06
3.2068254135e+02 4.8463423279e+06
3.2102741215e+02 4.9745867151e+06
3.2134827198e+02 5.1028311023e+06
3.2164571499e+02 5.2310754896e+06
3.2192027850e+02 5.3593198768e+06
3.2217244695e+02 5.4875642641e+06
3.2240265534e+02 5.6158086513e+06
3.2261129223e+02 5.7440530385e+06
3.2279870227e+02 5.8722974258e+06
3.2296518842e+02 6.0005418130e+06
3.2311101382e+02 6.1287862003e+06
3.2323640330e+02 6.2570305875e+06
3.2334154470e+02 6.3852749747e+06
3.2342658979e+02 6.5135193620e+06
3.2349165507e+02 6.6417637492e+06
3.2353682219e+02 6.7700081365e+06
3.2356213821e+02 6.8982525237e+06
3.2356761558e+02 7.0264969109e+06
3.2355323186e+02 7.1547412982e+06
3.2351892923e+02 7.2829856854e+06
3.2346461362e+02 7.4112300727e+06
3.2339015370e+02 7.5394744599e+06
3.2329537943e+02 7.6677188471e+06
3.2318008032e+02 7.7959632344e+06
3.2304400330e+02 7.9242076216e+06
3.2288685019e+02 8.0524520089e+06
3.2270827462e+02 8.1806963961e+06
3.2250787847e+02 8.3089407833e+06
3.2228520763e+02 8.4371851706e+06
3.2203974703e+02 8.5654295578e+06
3.2177091473e+02 8.6936739451e+06
3.2147805508e+02 8.8219183323e+06
3.2116043055e+02 8.9501627195e+06
3.2081721208e+02 9.0784071068e+06
3.2044746764e+02 9.2066514940e+06
3.2005014849e+02 9.3348958813e+06
3.1962407278e+02 9.4631402685e+06
3.1916790558e+02 9.5913846557e+06
3.1868013469e+02 9.7196290430e+06
3.1815904078e+02 9.8478734302e+06
3.1760266048e+02 9.9761178174e+06
3.1700873999e+02 1.0104362205e+07
3.1637467633e+02 1.0232606592e+07
3.1569744174e+02 1.0360850979e+07
3.1497348512e+02 1.0489095366e+07
3.1419860102e+02 1.0617339754e+07
3.1336775242e+02 1.0745584141e+07
3.1247482519e+02 1.0873828528e+07
3.1151227905e+02 1.1002072915e+07
3.1047063552e+02 1.1130317303e+07
3.0933769871e+02 1.1258561690e+07
3.0809731433e+02 1.1386806077e+07
3.0672727917e+02 1.1515050464e+07
3.0519555598e+02 1.1643294852e+07
3.0345272674e+02 1.1771539239e+07
3.0141474700e+02 1.1899783626e+07
2.9891421744e+02 1.2028028013e+07
2.9549503632e+02 1.2156272401e+07
2.9549503632e+02 1.2156272399e+07
2.9362070551e+02 1.2205181845e+07
2.9174637470e+02 1.2239775177e+07
2.8987204389e+02 1.2260560864e+07
2.8799771308e+02 1.2267963473e+07
2.8612338227e+02 1.2262348965e+07
2.8424905146e+02 1.2244045819e+07
2.8237472065e+02 1.2213362343e+07
2.8050038985e+02 1.2170600382e+07
2.7862605904e+02 1.2116065763e+07
2.7675172823e+02 1.2050076133e+07
2.7487739742e+02 1.1972968037e+07
2.7300306661e+02 1.1885109897e+07
2.7112873580e+02 1.1786961193e+07
2.6925440499e+02 1.1673413059e+07
2.6738007418e+02 1.1558693842e+07
2.6550574337e+02 1.1431825137e+07
2.6363141256e+02 1.1295623168e+07
2.6175708175e+02 1.1150823418e+07
2.5988275094e+02 1.0997885727e+07
2.5800842013e+02 1.0837232012e+07
2.5613408932e+02 1.0669276521e+07
2.5425975852e+02 1.0494433370e+07
2.5238542771e+02 1.0313119981e+07
2.5051109690e+02 1.0125759488e+07
2.4863676609e+02 9.9327827607e+06
2.4676243528e+02 9.7346299875e+06
2.4488810447e+02 9.5317515820e+06
2.4301377366e+02 9.3246082192e+06
2.4113944285e+02 9.1136697814e+06
2.3926511204e+02 8.8994132019e+06
2.3739078123e+02 8.6823193190e+06
2.3551645042e+02 8.4628690831e+06
2.3364211961e+02 8.2415395526e+06
2.3176778880e+02 8.0188001289e+06
2.2989345799e+02 7.7951093621e+06
2.2801912718e+02 7.5709124796e+06
2.2614479638e+02 7.3466396046e+06
2.2427046557e+02 7.1227045091e+06
2.2239613476e+02 6.8995037029e+06
2.2052180395e+02 6.6774156855e+06
2.1864747314e+02 6.4568002524e+06
2.1677314233e+02 6.2379978199e+06
2.1489881152e+02 6.0213287857e+06
2.1302448071e+02 5.8070929779e+06
2.1115014990e+02 5.5955692480e+06
2.0927581909e+02 5.3870152552e+06
2.0740148828e+02 5.1816674675e+06
2.0552715747e+02 4.9797413835e+06
2.0365282666e+02 4.7814319587e+06
2.0177849585e+02 4.5869142102e+06
1.9990416505e+02 4.3963439644e+06
1.9802983424e+02 4.2098587111e+06
1.9615550343e+02 4.0275785288e+06
1.9428117262e+02 3.8496070478e+06
1.9240684181e+02 3.6760324250e+06
1.9053251100e+02 3.5069283071e+06
1.8865818019e+02 3.3423547661e+06
1.8678384938e+02 3.1823591947e+06
1.8490951857e+02 3.0269771558e+06
1.8303518776e+02 2.8762331799e+06
1.8116085695e+02 2.7301415097e+06
1.7928652614e+02 2.5887067924e+06
1.7741219533e+02 2.4519247195e+06
1.7553786452e+02 2.3197826179e+06
1.7366353372e+02 2.1922599944e+06
1.7178920291e+02 2.0693290369e+06
1.6991487210e+02 1.9509550770e+06
1.6804054129e+02 1.8370970163e+06
1.6616621048e+02 1.7277077201e+06
1.6429187967e+02 1.6227343830e+06
1.6241754886e+02 1.5221188679e+06
1.6054321805e+02 1.4257980223e+06
1.5866888724e+02 1.3337039749e+06
1.5679455643e+02 1.2457644143e+06
1.5492022562e+02 1.1619028527e+06
1.5304589481e+02 1.0820388773e+06
1.5117156400e+02 1.0060883906e+06
1.4929723319e+02 9.3396384258e+05
1.4742290238e+02 8.6557445548e+05
1.4554857158e+02 8.0082644374e+05
1.4367424077e+02 7.3962323020e+05
1.4179990996e+02 6.8186566027e+05
1.3992557915e+02 6.2745221546e+05
1.3805124834e+02 5.7627922771e+05
1.3617691753e+02 5.2824109594e+05
1.3430258672e+02 4.8323050582e+05
1.3242825591e+02 4.4113865411e+05
1.3055392510e+02 4.0185547849e+05
1.2867959429e+02 3.6526989363e+05
1.2680526348e+02 3.3127003448e+05
1.2493093267e+02 2.9974350716e+05
1.2305660186e+02 2.7057764798e+05
1.2118227105e+02 2.4365979086e+05
1.1930794025e+02 2.1887754326e+05
1.1743360944e+02 1.9611907062e+05
1.1555927863e+02 1.7527338893e+05
1.1368494782e+02 1.5623066498e+05
1.1181061701e+02 1.3888252360e+05
1.0993628620e+02 1.2312236045e+05
1.0806195539e+02 1.0884565908e+05
}

T_margin 20.2980325741
T_sat_margin 318.128057296
T_hull_margin 338.42608987
P_hull_margin 4092284.12286

caseHull
{
3.4252246481e+02 1.0480443880e+06
3.4252696493e+02 1.0548397852e+06
3.4253353229e+02 1.0601733808e+06
3.4254213409e+02 1.0666795923e+06
3.4255405833e+02 1.0746148508e+06
3.4256920798e+02 1.0837717896e+06
3.4259073940e+02 1.0944738963e+06
3.4261928255e+02 1.1064917128e+06
3.4272578928e+02 1.1176604548e+06
3.4265646610e+02 1.1201930230e+06
3.4274998171e+02 1.1295777025e+06
3.4269816729e+02 1.1353224792e+06
3.4279120126e+02 1.1459846554e+06
3.4274072251e+02 1.1522376215e+06
3.4282057995e+02 1.1604914491e+06
3.4277754775e+02 1.1706256800e+06
3.4286721940e+02 1.1795770477e+06
3.4280873338e+02 1.1907583037e+06
3.4290316797e+02 1.1970286509e+06
3.4311091418e+02 1.2108062385e+06
3.4283574555e+02 1.2122298312e+06
3.4295601028e+02 1.2189382316e+06
3.4313419966e+02 1.2266251923e+06
3.4317907467e+02 1.2290886683e+06
3.4286433554e+02 1.2351537041e+06
3.4300080592e+02 1.2397729938e+06
3.4310894529e+02 1.2463721420e+06
3.4311629462e+02 1.2525848128e+06
3.4289632522e+02 1.2588746909e+06
3.4306079618e+02 1.2646477392e+06
3.4318323759e+02 1.2670662274e+06
3.4315505314e+02 1.2728707787e+06
3.4317945398e+02 1.2825229568e+06
3.4293649198e+02 1.2840170120e+06
3.4311614685e+02 1.2891374357e+06
3.4321352015e+02 1.2939212960e+06
3.4298208034e+02 1.3100610565e+06
3.4340181118e+02 1.3123092789e+06
3.4318285501e+02 1.3167989704e+06
3.4329993331e+02 1.3214181747e+06
3.4345666838e+02 1.3320852000e+06
3.4303321255e+02 1.3372239305e+06
3.4344190520e+02 1.3382393166e+06
3.4324781938e+02 1.3446139946e+06
3.4339803740e+02 1.3513116036e+06
3.4337666229e+02 1.3555973943e+06
3.4308684362e+02 1.3649193472e+06
3.4331878605e+02 1.3743971790e+06
3.4354230169e+02 1.3869601006e+06
3.4348973026e+02 1.3883989998e+06
3.4314350262e+02 1.3933356105e+06
3.4337775410e+02 1.3992312305e+06
3.4364769695e+02 1.4088846143e+06
3.4355043255e+02 1.4112951212e+06
3.4342546500e+02 1.4193270994e+06
3.4319969235e+02 1.4217615198e+06
3.4368319341e+02 1.4291574975e+06
3.4359641197e+02 1.4318038060e+06
3.4347243524e+02 1.4393939870e+06
3.4348209189e+02 1.4434884992e+06
3.4325633206e+02 1.4504347130e+06
3.4366407995e+02 1.4577808389e+06
3.4352012479e+02 1.4596248461e+06
3.4352209908e+02 1.4692205450e+06
3.4371599628e+02 1.4711643061e+06
3.4331130427e+02 1.4787893373e+06
3.4371983054e+02 1.4819370656e+06
3.4376960523e+02 1.4894485985e+06
3.4357039988e+02 1.4964990691e+06
3.4360842375e+02 1.4986849490e+06
3.4336776870e+02 1.5070670836e+06
3.4379437128e+02 1.5109381543e+06
3.4365049134e+02 1.5177401162e+06
3.4387654397e+02 1.5198939825e+06
3.4362323100e+02 1.5247506273e+06
3.4342549868e+02 1.5345913273e+06
3.4369112988e+02 1.5364459390e+06
3.4391932180e+02 1.5462194115e+06
3.4390326657e+02 1.5486970067e+06
3.4368123602e+02 1.5542643834e+06
3.4348925444e+02 1.5616653663e+06
3.4397867013e+02 1.5668310645e+06
3.4376623608e+02 1.5722776596e+06
3.4393345107e+02 1.5745600902e+06
3.4374073058e+02 1.5843773149e+06
3.4355623228e+02 1.5875185245e+06
3.4408883578e+02 1.5933037534e+06
3.4395038346e+02 1.5963359332e+06
3.4383179496e+02 1.6056209356e+06
3.4362656117e+02 1.6125463321e+06
3.4380264558e+02 1.6153690088e+06
3.4386053529e+02 1.6211985347e+06
3.4411025406e+02 1.6268323621e+06
3.4409614828e+02 1.6345475718e+06
3.4369120626e+02 1.6358014191e+06
3.4400747043e+02 1.6445135601e+06
3.4386269987e+02 1.6463471560e+06
3.4420802363e+02 1.6553243560e+06
3.4374923325e+02 1.6579003476e+06
3.4393137705e+02 1.6632845165e+06
3.4404796648e+02 1.6708107098e+06
3.4379298345e+02 1.6775852177e+06
3.4421339174e+02 1.6834726634e+06
3.4396518728e+02 1.6871425657e+06
3.4433363921e+02 1.6931054825e+06
3.4382919533e+02 1.6958964490e+06
3.4426398570e+02 1.7050506361e+06
3.4385356829e+02 1.7111811277e+06
3.4399547690e+02 1.7161355305e+06
3.4387222651e+02 1.7225912256e+06
3.4400132635e+02 1.7241714667e+06
3.4388453065e+02 1.7301470597e+06
3.4389887279e+02 1.7372804510e+06
3.4391005010e+02 1.7428471652e+06
3.4392359441e+02 1.7480211942e+06
3.4393403468e+02 1.7516985313e+06
3.4395588320e+02 1.7568495590e+06
3.4440030968e+02 1.7623805131e+06
3.4413386093e+02 1.7705074327e+06
3.4447977272e+02 1.7753709908e+06
3.4443141326e+02 1.7800628233e+06
3.4425644685e+02 1.7892518932e+06
3.4454230833e+02 1.7952618727e+06
3.4421616843e+02 1.8007915005e+06
3.4450129374e+02 1.8095329359e+06
3.4441357857e+02 1.8160555079e+06
3.4431496215e+02 1.8214702983e+06
3.4470397123e+02 1.8226962405e+06
3.4429618734e+02 1.8298888706e+06
3.4467638140e+02 1.8350430831e+06
3.4444503793e+02 1.8409786349e+06
3.4458204124e+02 1.8475751764e+06
3.4437595171e+02 1.8540722160e+06
3.4437096072e+02 1.8582781215e+06
3.4461845930e+02 1.8654689956e+06
3.4448126862e+02 1.8672084927e+06
3.3810920016e+02 1.9012000345e+06
3.3791672481e+02 1.9056367436e+06
3.3584577942e+02 1.9241667933e+06
3.3753858970e+02 1.9657859376e+06
3.3946614128e+02 1.9772144732e+06
3.4462074844e+02 1.9862176812e+06
3.4466384613e+02 1.9871472935e+06
3.3700180549e+02 2.0022126756e+06
3.4499206560e+02 2.0688967803e+06
3.4521928230e+02 2.0724581021e+06
3.4547563490e+02 2.0787893407e+06
3.4483478097e+02 2.0840527226e+06
3.4007558811e+02 2.1175999745e+06
3.3983213507e+02 2.1203302174e+06
3.3959745172e+02 2.1247872692e+06
3.3936711758e+02 2.1306235431e+06
3.3891300776e+02 2.1372078174e+06
3.3799954487e+02 2.1435327675e+06
3.3821871112e+02 2.1883475069e+06
3.3979810247e+02 2.2330299885e+06
3.3957072980e+02 2.2359375451e+06
3.3873745440e+02 2.2435079135e+06
3.3796142753e+02 2.2482006995e+06
3.3784010556e+02 2.2549104715e+06
3.3862829821e+02 2.2604818622e+06
3.3897312559e+02 2.2624288710e+06
3.3916829989e+02 2.2725463580e+06
3.3929168535e+02 2.2735573644e+06
3.3903083014e+02 2.2827912062e+06
3.3861863364e+02 2.2895422998e+06
3.3802678206e+02 2.3108804918e+06
3.3895897018e+02 2.3160199180e+06
3.3903284324e+02 2.3192526629e+06
3.3951685861e+02 2.3274694866e+06
3.3901585240e+02 2.3308558900e+06
3.3912052289e+02 2.3596986233e+06
3.3912979597e+02 2.3727917190e+06
3.3918416902e+02 2.3814626265e+06
3.3917738844e+02 2.3935730006e+06
3.3891841676e+02 2.4126720189e+06
3.3933816353e+02 2.4228671517e+06
3.3932535724e+02 2.4337912642e+06
3.3982401745e+02 2.4394434153e+06
3.3941009860e+02 2.4470895338e+06
3.3976212120e+02 2.4510517989e+06
3.3939914084e+02 2.4572766575e+06
3.3987763142e+02 2.4627007342e+06
3.3983501084e+02 2.4759597493e+06
3.3959613954e+02 2.4897666465e+06
3.3958406991e+02 2.4990197078e+06
3.4005150337e+02 2.5038739803e+06
3.3997382507e+02 2.5138605939e+06
3.3971614113e+02 2.5154305463e+06
3.3872704530e+02 2.5215401925e+06
3.4018883453e+02 2.5388514337e+06
3.4025732697e+02 2.5474437802e+06
3.3982907630e+02 2.5526249872e+06
3.3930992833e+02 2.5618613180e+06
3.3995051994e+02 2.5694916731e+06
3.4039151443e+02 2.5736810668e+06
3.4054118662e+02 2.5842672509e+06
3.4011472247e+02 2.5879595997e+06
3.4009302157e+02 2.5952034539e+06
3.4047145556e+02 2.5992461005e+06
3.4075180359e+02 2.6121464416e+06
3.4068002360e+02 2.6313883931e+06
3.4037308956e+02 2.6403698459e+06
3.4056227935e+02 2.6411204442e+06
3.4036882314e+02 2.6466645856e+06
3.4059562877e+02 2.6538687710e+06
3.4039739266e+02 2.6660548834e+06
3.4042331552e+02 2.6717253661e+06
3.4054749479e+02 2.6749994063e+06
3.4087385339e+02 2.6833943089e+06
3.4102348458e+02 2.6852455202e+06
3.4051667349e+02 2.6975363906e+06
3.4035164539e+02 2.7067864965e+06
3.4077370653e+02 2.7119568258e+06
3.4027172617e+02 2.7189456434e+06
3.4056678222e+02 2.7283087797e+06
3.4062099172e+02 2.7324893163e+06
3.4062833761e+02 2.7353401302e+06
3.4040923059e+02 2.7429904961e+06
3.4039360418e+02 2.7494875376e+06
3.4038431557e+02 2.7535282903e+06
3.3960050042e+02 2.7725909008e+06
3.3929444029e+02 2.7730722767e+06
3.3952134553e+02 2.7820303081e+06
3.3905346398e+02 2.7858064972e+06
3.3900301433e+02 2.8019342035e+06
3.3890263250e+02 2.8097333425e+06
3.3886556134e+02 2.8302615009e+06
3.3876669658e+02 2.8444187740e+06
3.3870261476e+02 2.8701140362e+06
3.3855887364e+02 2.8900472980e+06
3.3843388566e+02 2.9219333484e+06
3.3820951248e+02 2.9475339181e+06
3.3800672159e+02 2.9870800274e+06
3.3768297877e+02 3.0183740361e+06
3.4001229616e+02 3.0307053695e+06
3.4008251549e+02 3.0317852708e+06
3.3739948471e+02 3.0677191261e+06
3.3696046535e+02 3.1046105541e+06
3.3663448489e+02 3.1671027890e+06
3.3618153174e+02 3.2090336085e+06
3.3644302383e+02 3.2267723388e+06
3.3615322772e+02 3.2592780758e+06
3.3591962762e+02 3.2890488180e+06
3.3607115335e+02 3.2910459058e+06
3.3582445422e+02 3.3265653666e+06
3.3580454352e+02 3.3357454859e+06
3.3639456711e+02 3.3424415315e+06
3.3649289817e+02 3.3463323475e+06
3.3579519755e+02 3.3595730693e+06
3.3621383491e+02 3.3654283635e+06
3.3624215272e+02 3.3691614451e+06
3.3625107843e+02 3.3813209837e+06
3.3612460484e+02 3.3875334116e+06
3.3611175310e+02 3.3954865992e+06
3.3592449660e+02 3.4030212951e+06
3.3614959122e+02 3.4129525012e+06
3.3606650256e+02 3.4197623191e+06
3.3613701562e+02 3.4239289745e+06
3.3622396596e+02 3.4369305541e+06
3.3603371603e+02 3.4385098144e+06
3.3614677041e+02 3.4483338268e+06
3.3609310060e+02 3.4542567527e+06
3.3605966530e+02 3.4582274161e+06
3.3638245731e+02 3.4648601556e+06
3.3656475588e+02 3.4707436580e+06
3.3628519873e+02 3.4736600474e+06
3.3655227865e+02 3.4821114282e+06
3.3681358897e+02 3.4826916240e+06
3.3631175663e+02 3.4893119197e+06
3.3576159143e+02 3.4971956044e+06
3.3621613071e+02 3.5051547705e+06
3.3686534543e+02 3.5123993317e+06
3.3684738998e+02 3.5203872456e+06
3.3653697043e+02 3.5254051951e+06
3.3670738638e+02 3.5304908524e+06
3.3635357179e+02 3.5369024256e+06
3.3710540677e+02 3.5461315399e+06
3.3711568563e+02 3.5499193523e+06
3.3712859898e+02 3.5581048366e+06
3.3729237307e+02 3.5623939799e+06
3.3701593418e+02 3.5651179263e+06
3.3744239782e+02 3.5712642678e+06
3.3716691471e+02 3.5770470386e+06
3.3666717220e+02 3.5862740401e+06
3.3720065771e+02 3.5874805229e+06
3.3722531611e+02 3.5955052771e+06
3.3731735501e+02 3.6039828507e+06
3.3652765752e+02 3.6157384118e+06
3.3764546997e+02 3.6288300314e+06
3.3804210027e+02 3.6320251648e+06
3.3764967772e+02 3.6369391594e+06
3.3751300068e+02 3.6429032742e+06
3.3748061005e+02 3.6489320578e+06
3.3752452068e+02 3.6547224016e+06
3.3762811132e+02 3.6604887652e+06
3.3767025841e+02 3.6675122831e+06
3.3756545184e+02 3.6725595047e+06
3.3755884500e+02 3.6776042418e+06
3.3762267693e+02 3.6823440723e+06
3.3773985084e+02 3.6869794964e+06
3.3788517506e+02 3.6913821633e+06
3.3819941370e+02 3.6996485937e+06
3.3834496493e+02 3.7034419436e+06
3.3858549997e+02 3.7103746588e+06
3.3868100902e+02 3.7135705680e+06
3.3883585487e+02 3.7188571306e+06
3.3919227407e+02 3.7256881868e+06
3.3944505595e+02 3.7318295602e+06
3.3893331496e+02 3.7367217228e+06
3.3821443113e+02 3.7453806996e+06
3.3802239833e+02 3.7488789875e+06
3.3793025612e+02 3.7550255440e+06
3.3799304999e+02 3.7577930358e+06
3.3851023700e+02 3.7634091828e+06
3.3848746303e+02 3.7703507663e+06
3.3801580882e+02 3.7767335146e+06
3.3793262792e+02 3.7795827325e+06
3.3823981814e+02 3.7858530794e+06
3.3890398678e+02 3.7938139505e+06
3.3886273698e+02 3.7971699593e+06
3.3886066998e+02 3.8062578266e+06
3.3878437525e+02 3.8103983379e+06
3.3884661903e+02 3.8171691800e+06
3.3880094210e+02 3.8197038613e+06
3.3878045581e+02 3.8284242814e+06
3.3928932041e+02 3.8312321805e+06
3.3961403290e+02 3.8352425379e+06
3.3914708608e+02 3.8413268691e+06
3.3911333863e+02 3.8475715062e+06
3.3903575255e+02 3.8531128242e+06
3.3898041004e+02 3.8607592917e+06
3.3905071493e+02 3.8650591520e+06
3.3913865868e+02 3.8721159928e+06
3.3899355499e+02 3.8737153040e+06
3.3869917977e+02 3.8811634913e+06
3.3884953796e+02 3.8875837774e+06
3.3859437808e+02 3.8934786302e+06
3.3850416418e+02 3.8953454465e+06
3.3859578605e+02 3.9019193828e+06
3.3839051685e+02 3.9085584288e+06
3.3829707222e+02 3.9116401389e+06
3.3893643914e+02 3.9218301877e+06
3.3938074295e+02 3.9257950140e+06
3.3910417206e+02 3.9310951289e+06
3.3928493145e+02 3.9333358656e+06
3.3867085079e+02 3.9399147321e+06
3.3867691385e+02 3.9576472774e+06
3.3926785536e+02 3.9713704356e+06
3.3920110702e+02 3.9738242316e+06
3.3863086246e+02 3.9893195068e+06
3.3861200425e+02 4.0043488175e+06
3.3931440371e+02 4.0095655848e+06
3.3948387101e+02 4.0164244398e+06
3.3937657036e+02 4.0220106986e+06
3.3856652442e+02 4.0290460814e+06
3.3853343755e+02 4.0406129736e+06
3.3955267729e+02 4.0486609339e+06
3.3985475517e+02 4.0501184273e+06
3.3849012269e+02 4.0591398310e+06
3.3845846721e+02 4.0669467376e+06
3.3843009037e+02 4.0800566359e+06
3.3842034638e+02 4.0839296364e+06
3.3842608987e+02 4.0922841229e+06
3.3852850124e+02 4.0963771194e+06
3.3938192090e+02 4.1078071479e+06
3.3938942583e+02 4.1094086779e+06
3.3972826997e+02 4.1158536506e+06
3.4004930304e+02 4.1265595513e+06
3.4019177220e+02 4.1370463243e+06
3.4036442062e+02 4.1490092245e+06
3.4052588561e+02 4.1564259841e+06
3.4073288910e+02 4.1641690665e+06
3.4092257818e+02 4.1690249664e+06
3.4113542709e+02 4.1730111327e+06
3.4135688781e+02 4.1763612226e+06
3.4154066361e+02 4.1846573432e+06
3.4154944695e+02 4.1887587102e+06
3.4157596954e+02 4.1935549419e+06
3.4161719172e+02 4.1987071335e+06
3.4182056094e+02 4.2068848763e+06
3.4186590852e+02 4.2126672564e+06
3.4183250507e+02 4.2185630338e+06
3.4235460242e+02 4.2232725924e+06
3.4188750056e+02 4.2272180137e+06
3.4016179310e+02 4.2357073573e+06
3.4014297595e+02 4.2357942654e+06
3.4020385543e+02 4.2480265826e+06
3.4215939257e+02 4.2552840239e+06
3.4241420485e+02 4.2582158685e+06
3.4222383618e+02 4.2678618234e+06
3.4223760230e+02 4.2722433986e+06
3.4274850038e+02 4.2774797143e+06
3.4233090521e+02 4.2838161206e+06
3.4046773774e+02 4.3272636729e+06
3.4051301113e+02 4.3397827362e+06
3.4290773741e+02 4.3510678326e+06
3.4312051488e+02 4.3531797801e+06
3.4226735485e+02 4.3665619271e+06
3.4069375966e+02 4.3931340783e+06
3.4073400241e+02 4.4026143962e+06
3.4087297615e+02 4.4383260995e+06
3.4091625872e+02 4.4431018158e+06
3.4104149432e+02 4.4660341545e+06
3.4129027251e+02 4.4704184834e+06
3.4144338874e+02 4.4751924564e+06
3.4122664184e+02 4.4780946454e+06
3.4404611751e+02 4.4881458045e+06
3.4395846890e+02 4.4888621044e+06
3.4395126849e+02 4.4987023867e+06
3.4414304510e+02 4.5096712090e+06
3.4413157926e+02 4.5154258624e+06
3.4419876090e+02 4.5298988308e+06
3.4438364633e+02 4.5368881238e+06
3.4434391403e+02 4.5437387855e+06
3.4455731842e+02 4.5498307754e+06
3.4438708362e+02 4.5628955604e+06
3.4452941601e+02 4.5698029321e+06
3.4457116822e+02 4.5793159234e+06
3.4480031645e+02 4.5884311611e+06
3.4517723856e+02 4.5946562580e+06
3.4517268133e+02 4.6015736457e+06
3.4476288005e+02 4.6144903443e+06
3.4489706801e+02 4.6216858577e+06
3.4520771345e+02 4.6343863154e+06
3.4498915016e+02 4.6416386168e+06
3.4518594034e+02 4.6439454111e+06
3.4572876082e+02 4.6509939134e+06
3.4570780082e+02 4.6578879593e+06
3.4517332952e+02 4.6656531792e+06
3.4526943595e+02 4.6747247283e+06
3.4523523015e+02 4.6876034328e+06
3.4536048500e+02 4.6972692951e+06
3.4549796270e+02 4.7186166710e+06
3.4568437992e+02 4.7322263456e+06
3.4557465611e+02 4.7363608728e+06
3.4564773924e+02 4.7420164091e+06
3.4613888081e+02 4.7500504090e+06
3.4594026625e+02 4.7670047069e+06
3.4590782954e+02 4.7808629395e+06
3.4617106475e+02 4.7891524906e+06
3.4598909851e+02 4.7930889656e+06
3.4613754570e+02 4.8094805215e+06
3.4662279096e+02 4.8140214639e+06
3.4609999968e+02 4.8232962942e+06
3.4652172001e+02 4.8269570149e+06
3.4634772005e+02 4.8314461408e+06
3.4639184592e+02 4.8358502489e+06
3.4653233750e+02 4.8637740006e+06
3.4642311252e+02 4.8685604470e+06
3.4651817630e+02 4.8771055270e+06
3.4656159371e+02 4.8828772388e+06
3.4718246094e+02 4.8985060877e+06
3.4680390050e+02 4.9045598107e+06
3.4710281786e+02 4.9143640027e+06
3.4686448862e+02 4.9212803794e+06
3.4681305316e+02 4.9276678120e+06
3.4713819825e+02 4.9533266322e+06
3.4758011069e+02 4.9736283219e+06
3.4728992872e+02 4.9818580819e+06
3.4752448491e+02 4.9879479531e+06
3.4770624763e+02 4.9965652261e+06
3.4752506081e+02 5.0320793785e+06
3.4747341456e+02 5.0387936733e+06
3.4803109048e+02 5.0447569917e+06
3.4772870136e+02 5.0573230449e+06
3.4779936716e+02 5.0711655339e+06
3.4833645731e+02 5.0731844484e+06
3.4816290587e+02 5.0777137367e+06
3.4808179451e+02 5.0871612667e+06
3.4812516383e+02 5.0898957701e+06
3.4795218908e+02 5.1062264465e+06
3.4846256288e+02 5.1115469670e+06
3.4825973014e+02 5.1283930443e+06
3.4826197347e+02 5.1386538312e+06
3.4870567590e+02 5.1593595550e+06
3.4914910097e+02 5.1683055527e+06
3.4901492984e+02 5.1731921106e+06
3.4886140845e+02 5.1912682621e+06
3.4948479751e+02 5.2137889673e+06
3.5040517043e+02 5.2247903233e+06
3.5111969222e+02 5.2305218975e+06
3.5119848665e+02 5.2327483605e+06
3.4983792234e+02 5.2399634960e+06
3.4970453913e+02 5.2460694497e+06
3.4922382870e+02 5.2538182157e+06
3.4954937926e+02 5.2713482359e+06
3.4968462756e+02 5.2792700093e+06
3.4908247846e+02 5.3061385879e+06
3.4951934037e+02 5.3137382905e+06
3.4938933172e+02 5.3454198699e+06
3.4934703217e+02 5.3624389320e+06
3.4968768789e+02 5.3686475118e+06
3.4959593399e+02 5.3998682946e+06
3.5063273111e+02 5.4119359047e+06
3.5126554854e+02 5.4188453294e+06
3.5135582938e+02 5.4238941558e+06
3.5131083734e+02 5.4323182054e+06
3.5177171598e+02 5.4380714977e+06
3.5162722563e+02 5.4454367704e+06
3.5169238505e+02 5.4505196437e+06
3.5177703644e+02 5.4571184034e+06
3.5166569247e+02 5.4622963642e+06
3.5158527122e+02 5.4682474986e+06
3.5128196130e+02 5.4759002665e+06
3.5137143680e+02 5.4850346192e+06
3.5177247628e+02 5.4907059169e+06
3.5187201856e+02 5.4987471311e+06
3.5171094300e+02 5.5065638124e+06
3.5179840267e+02 5.5133238119e+06
3.5176889270e+02 5.5218396950e+06
3.5257047353e+02 5.5256809077e+06
3.5303895804e+02 5.5301648849e+06
3.5267040860e+02 5.5346351529e+06
3.5202994706e+02 5.5416553582e+06
3.5192417309e+02 5.5481601651e+06
3.5196534053e+02 5.5570401916e+06
3.5208923228e+02 5.5614060931e+06
3.5189797255e+02 5.5787537043e+06
3.5270235241e+02 5.5856041041e+06
3.5317915541e+02 5.5918371115e+06
3.5280143719e+02 5.5956768158e+06
3.5299250424e+02 5.6009553990e+06
3.5236622718e+02 5.6081056223e+06
3.5062656558e+02 5.6200238047e+06
3.5094774826e+02 5.6296582178e+06
3.5063578016e+02 5.6440655236e+06
3.5093040109e+02 5.6511858591e+06
3.5124595385e+02 5.6558383892e+06
3.5091263072e+02 5.6683137059e+06
3.5087511800e+02 5.6872433452e+06
3.5235466058e+02 5.6951077573e+06
3.5269157277e+02 5.7005659408e+06
3.5284659205e+02 5.7085758147e+06
3.5240662873e+02 5.7100951229e+06
3.5260496633e+02 5.7160844784e+06
3.5271333028e+02 5.7221739884e+06
3.5313050433e+02 5.7283253793e+06
3.5333667752e+02 5.7344177351e+06
3.5279446311e+02 5.7390685432e+06
3.5279607697e+02 5.7507111460e+06
3.5261560365e+02 5.7623360086e+06
3.5285055174e+02 5.7775256339e+06
3.5314421302e+02 5.7885084007e+06
3.5280510336e+02 5.7963459132e+06
3.5305783714e+02 5.8018242556e+06
3.5378714187e+02 5.8084109733e+06
3.5342307572e+02 5.8101502889e+06
3.5284777383e+02 5.8161128397e+06
3.5322290846e+02 5.8233795073e+06
3.5338853624e+02 5.8503484531e+06
3.5314563412e+02 5.8527569461e+06
3.5299308079e+02 5.8593369797e+06
3.5308901449e+02 5.8832443444e+06
3.5328999220e+02 5.8888500970e+06
3.5335435493e+02 5.8943596884e+06
3.5371953664e+02 5.9001273171e+06
3.5396192594e+02 5.9057047227e+06
3.5362551959e+02 5.9130131606e+06
3.5385256920e+02 5.9210123933e+06
3.5365891693e+02 5.9347895523e+06
3.5352114374e+02 5.9356266299e+06
3.5187235647e+02 5.9432852720e+06
3.5219260127e+02 5.9532540082e+06
3.5248119925e+02 5.9601233362e+06
3.5276365149e+02 5.9636571354e+06
3.5367112927e+02 5.9798627231e+06
3.5341792003e+02 5.9860130916e+06
3.5244164310e+02 5.9928077159e+06
3.5214315805e+02 5.9975360470e+06
3.5275588586e+02 6.0058241052e+06
3.5307119734e+02 6.0149198175e+06
3.5339057524e+02 6.0203234188e+06
3.5410673467e+02 6.0275832087e+06
3.5497488907e+02 6.0379346443e+06
3.5471508125e+02 6.0425069539e+06
3.5444898388e+02 6.0469485041e+06
3.5276800714e+02 6.0559056289e+06
3.5303962287e+02 6.0564047193e+06
3.5488581816e+02 6.4415949016e+06
3.5511086605e+02 6.4682201737e+06
3.5535973632e+02 6.4835361316e+06
3.5559904692e+02 6.4907127270e+06
3.5664444038e+02 6.5084705189e+06
3.5644235596e+02 6.5177462704e+06
3.5623628366e+02 6.5264139323e+06
3.5601472983e+02 6.5339819077e+06
3.5585644480e+02 6.5372226965e+06
3.5521507096e+02 6.5435038981e+06
}