Pressao_entrada 4274320
Pressao_saida 101300.0
Velocidade_angular 1083.84946425
Temperatura 337.925649088


Ri 0.0875
Rg 0.0979
Rm 0.1035
Ro 0.1095
h 7e-06
hg 5e-06
beta1 2.29
beta2 1
N 10

n_r_1 25
n_r_2 25
n_r_3 25
n_t_1 20
n_t_2 20
n_t_3 20
n_t_4 20
n_t_5 20
n_z_h 10
n_z_hg 10

nCells 9.5000000000e+04
minVol 2.7458013305e-03
maxVol 5.4518696606e-02
totVol 1.1229770950e+03

min_U 0.0000000000e+00
max_U 3.7346946983e+02
min_Rho 9.5593121885e-01
max_Rho 3.9299002096e+01
min_P 1.0130000000e+05
max_P 4.3334375931e+06
min_T 2.8172221816e+02
max_T 3.3779394840e+02
Force 4.1408735952e+03
Shear 8.3732172166e+03
Inlet_Flow -4.2135447655e-04
Outlet_Flow 4.2101625285e-04
Sum_Flow -3.3822369930e-07
Perc_flow 1.6941309680e+00

T_crit 262.541844473
P_crit 11013078.7121
satSize 199
composition methane_0.734168/ethane_0.124349/n-propane_0.077956/isobutane_0.004409/n-butane_0.030661/isopentane_0.002004/n-pentane_0.009218/n-hexane_0.003707/n-heptane_0.001202/n-octane_0.000100/n-nonane_0.000000/n-decane_0.000000/nitrogen_0.006012/co2_0.006212


SaturationCurve
{
2.4915930383e+02 1.0130000000e+05
2.6088780147e+02 2.2254198569e+05
2.6799039283e+02 3.4378397138e+05
2.7319753542e+02 4.6502595707e+05
2.7734392688e+02 5.8626794276e+05
2.8080323494e+02 7.0750992845e+05
2.8377694501e+02 8.2875191414e+05
2.8638680155e+02 9.4999389983e+05
2.8871232441e+02 1.0712358855e+06
2.9080849725e+02 1.1924778712e+06
2.9271503018e+02 1.3137198569e+06
2.9446160566e+02 1.4349618426e+06
2.9607103674e+02 1.5562038283e+06
2.9756126412e+02 1.6774458140e+06
2.9894667105e+02 1.7986877997e+06
3.0023897890e+02 1.9199297854e+06
3.0144787496e+02 2.0411717710e+06
3.0258146353e+02 2.1624137567e+06
3.0364659717e+02 2.2836557424e+06
3.0464912454e+02 2.4048977281e+06
3.0559407906e+02 2.5261397138e+06
3.0648582452e+02 2.6473816995e+06
3.0732816918e+02 2.7686236852e+06
3.0812445608e+02 2.8898656709e+06
3.0887763542e+02 3.0111076566e+06
3.0959032308e+02 3.1323496423e+06
3.1026484840e+02 3.2535916279e+06
3.1090329353e+02 3.3748336136e+06
3.1150752598e+02 3.4960755993e+06
3.1207922588e+02 3.6173175850e+06
3.1261990886e+02 3.7385595707e+06
3.1313094535e+02 3.8598015564e+06
3.1361357701e+02 3.9810435421e+06
3.1406893079e+02 4.1022855278e+06
3.1449803090e+02 4.2235275135e+06
3.1490180923e+02 4.3447694992e+06
3.1528111422e+02 4.4660114848e+06
3.1563671868e+02 4.5872534705e+06
3.1596932650e+02 4.7084954562e+06
3.1627957850e+02 4.8297374419e+06
3.1656805760e+02 4.9509794276e+06
3.1683529324e+02 5.0722214133e+06
3.1708176530e+02 5.1934633990e+06
3.1730790752e+02 5.3147053847e+06
3.1751411047e+02 5.4359473704e+06
3.1770072409e+02 5.5571893561e+06
3.1786805999e+02 5.6784313417e+06
3.1801639331e+02 5.7996733274e+06
3.1814596437e+02 5.9209153131e+06
3.1825698007e+02 6.0421572988e+06
3.1834961495e+02 6.1633992845e+06
3.1842401216e+02 6.2846412702e+06
3.1848028408e+02 6.4058832559e+06
3.1851851278e+02 6.5271252416e+06
3.1853875031e+02 6.6483672273e+06
3.1854101872e+02 6.7696092130e+06
3.1852530990e+02 6.8908511986e+06
3.1849158520e+02 7.0120931843e+06
3.1843977481e+02 7.1333351700e+06
3.1836977694e+02 7.2545771557e+06
3.1828145667e+02 7.3758191414e+06
3.1817464460e+02 7.4970611271e+06
3.1804913513e+02 7.6183031128e+06
3.1790468443e+02 7.7395450985e+06
3.1774100797e+02 7.8607870842e+06
3.1755777768e+02 7.9820290699e+06
3.1735461852e+02 8.1032710555e+06
3.1713110447e+02 8.2245130412e+06
3.1688675388e+02 8.3457550269e+06
3.1662102395e+02 8.4669970126e+06
3.1633330419e+02 8.5882389983e+06
3.1602290884e+02 8.7094809840e+06
3.1568906771e+02 8.8307229697e+06
3.1533091547e+02 8.9519649554e+06
3.1494747870e+02 9.0732069411e+06
3.1453766036e+02 9.1944489268e+06
3.1410022107e+02 9.3156909124e+06
3.1363375614e+02 9.4369328981e+06
3.1313666738e+02 9.5581748838e+06
3.1260712814e+02 9.6794168695e+06
3.1204303932e+02 9.8006588552e+06
3.1144197362e+02 9.9219008409e+06
3.1080110368e+02 1.0043142827e+07
3.1011710831e+02 1.0164384812e+07
3.0938604774e+02 1.0285626798e+07
3.0860319469e+02 1.0406868784e+07
3.0776280016e+02 1.0528110769e+07
3.0685776031e+02 1.0649352755e+07
3.0587912765e+02 1.0770594741e+07
3.0481536696e+02 1.0891836726e+07
3.0365117063e+02 1.1013078712e+07
3.0236546395e+02 1.1134320698e+07
3.0092779634e+02 1.1255562683e+07
2.9929115548e+02 1.1376804669e+07
2.9737557616e+02 1.1498046655e+07
2.9502195586e+02 1.1619288641e+07
2.9179847431e+02 1.1740530626e+07
2.9179847431e+02 1.1740530625e+07
2.8999245382e+02 1.1787638073e+07
2.8818643332e+02 1.1820726019e+07
2.8638041283e+02 1.1840380152e+07
2.8457439233e+02 1.1847088938e+07
2.8276837184e+02 1.1841265914e+07
2.8096235134e+02 1.1823268847e+07
2.7915633085e+02 1.1793416337e+07
2.7735031036e+02 1.1752002164e+07
2.7554428986e+02 1.1699307457e+07
2.7373826937e+02 1.1635610739e+07
2.7193224887e+02 1.1561195994e+07
2.7012622838e+02 1.1476359211e+07
2.6832020789e+02 1.1381414964e+07
2.6651418739e+02 1.1276709544e+07
2.6470816690e+02 1.1162682668e+07
2.6290214640e+02 1.1035282450e+07
2.6109612591e+02 1.0905848424e+07
2.5929010542e+02 1.0765778717e+07
2.5748408492e+02 1.0617430988e+07
2.5567806443e+02 1.0461441218e+07
2.5387204393e+02 1.0298264520e+07
2.5206602344e+02 1.0128337255e+07
2.5026000294e+02 9.9520985481e+06
2.4845398245e+02 9.7699956289e+06
2.4664796196e+02 9.5824857147e+06
2.4484194146e+02 9.3900364637e+06
2.4303592097e+02 9.1931253833e+06
2.4122990047e+02 8.9922380546e+06
2.3942387998e+02 8.7878652173e+06
2.3761785949e+02 8.5804988856e+06
2.3581183899e+02 8.3706278954e+06
2.3400581850e+02 8.1587334382e+06
2.3219979800e+02 7.9452850945e+06
2.3039377751e+02 7.7307377390e+06
2.2858775701e+02 7.5155294269e+06
2.2678173652e+02 7.3000801527e+06
2.2497571603e+02 7.0847912352e+06
2.2316969553e+02 6.8700450496e+06
2.2136367504e+02 6.6562048825e+06
2.1955765454e+02 6.4436147784e+06
2.1775163405e+02 6.2325993341e+06
2.1594561356e+02 6.0234634633e+06
2.1413959306e+02 5.8164921830e+06
2.1233357257e+02 5.6119504817e+06
2.1052755207e+02 5.4100833196e+06
2.0872153158e+02 5.2111157889e+06
2.0691551108e+02 5.0152534445e+06
2.0510949059e+02 4.8226827952e+06
2.0330347010e+02 4.6335719327e+06
2.0149744960e+02 4.4480712705e+06
1.9969142911e+02 4.2663143630e+06
1.9788540861e+02 4.0884187761e+06
1.9607938812e+02 3.9144869848e+06
1.9427336763e+02 3.7446072751e+06
1.9246734713e+02 3.5788546329e+06
1.9066132664e+02 3.4172916032e+06
1.8885530614e+02 3.2599691115e+06
1.8704928565e+02 3.1069272373e+06
1.8524326516e+02 2.9581959409e+06
1.8343724466e+02 2.8137957391e+06
1.8163122417e+02 2.6737383346e+06
1.7982520367e+02 2.5380271974e+06
1.7801918318e+02 2.4066581040e+06
1.7621316268e+02 2.2796196329e+06
1.7440714219e+02 2.1568936218e+06
1.7260112170e+02 2.0384555870e+06
1.7079510120e+02 1.9242751100e+06
1.6898908071e+02 1.8143161931e+06
1.6718306021e+02 1.7085375874e+06
1.6537703972e+02 1.6068930961e+06
1.6357101923e+02 1.5093318560e+06
1.6176499873e+02 1.4157985986e+06
1.5995897824e+02 1.3262338951e+06
1.5815295774e+02 1.2405743854e+06
1.5634693725e+02 1.1587529948e+06
1.5454091675e+02 1.0806991395e+06
1.5273489626e+02 1.0063389232e+06
1.5092887577e+02 9.3559532539e+05
1.4912285527e+02 8.6838838432e+05
1.4731683478e+02 8.0463537484e+05
1.4551081428e+02 7.4425098291e+05
1.4370479379e+02 6.8714747820e+05
1.4189877330e+02 6.3323488578e+05
1.4009275280e+02 5.8242115823e+05
1.3828673231e+02 5.3461234925e+05
1.3648071181e+02 4.8971278980e+05
1.3467469132e+02 4.4762526788e+05
1.3286867083e+02 4.0825121276e+05
1.3106265033e+02 3.7149088454e+05
1.2925662984e+02 3.3724356977e+05
1.2745060934e+02 3.0540778383e+05
1.2564458885e+02 2.7588148043e+05
1.2383856835e+02 2.4856226876e+05
1.2203254786e+02 2.2334763831e+05
1.2022652737e+02 2.0013519165e+05
1.1842050687e+02 1.7882288485e+05
1.1661448638e+02 1.5930927538e+05
1.1480846588e+02 1.4149377698e+05
1.1300244539e+02 1.2527692077e+05
1.1119642490e+02 1.1056062166e+05
}

T_margin 20.2176898345
T_sat_margin 309.669714364
T_hull_margin 329.887404199
P_hull_margin 3146619.76194

caseHull
{
3.2169733118e+02 1.0390638101e+06
3.2156061436e+02 1.0419227986e+06
3.2105662939e+02 1.0465482723e+06
3.2085220572e+02 1.0503470244e+06
3.2069696900e+02 1.0523220535e+06
3.2064451292e+02 1.0562041293e+06
3.2117355843e+02 1.0599078125e+06
3.2096161459e+02 1.0629062296e+06
3.2069933267e+02 1.0645149793e+06
3.2053702492e+02 1.0685019140e+06
3.2035417821e+02 1.0728230393e+06
3.2014416990e+02 1.0764038654e+06
3.1944287949e+02 1.0790823170e+06
3.1901299922e+02 1.0861701186e+06
3.1859508610e+02 1.0925372391e+06
3.1877174891e+02 1.0998589370e+06
3.1834524295e+02 1.1014649071e+06
3.1854518325e+02 1.1035061073e+06
3.1814595043e+02 1.1076672238e+06
3.1819662698e+02 1.1152893626e+06
3.1811805236e+02 1.1175108480e+06
3.1806640678e+02 1.1210683224e+06
3.1811451118e+02 1.1236320118e+06
3.1799095074e+02 1.1278521350e+06
3.1789349908e+02 1.1317079395e+06
3.1809976317e+02 1.1359942722e+06
3.1786505004e+02 1.1371271830e+06
3.1805936299e+02 1.1404391163e+06
3.1791819863e+02 1.1442354967e+06
3.1794748216e+02 1.1481979125e+06
3.1805761179e+02 1.1542397441e+06
3.1798648370e+02 1.1565871083e+06
3.1790581032e+02 1.1619624262e+06
3.1834015779e+02 1.1629048616e+06
3.1782747796e+02 1.1659101271e+06
3.1778473823e+02 1.1722593911e+06
3.1772445890e+02 1.1765746684e+06
3.1772314144e+02 1.1827870843e+06
3.1781190861e+02 1.1924215363e+06
3.1786637425e+02 1.1991478197e+06
3.1790530103e+02 1.2041267136e+06
3.1794743201e+02 1.2089118769e+06
3.1802390803e+02 1.2173256766e+06
3.1806287300e+02 1.2237869556e+06
3.1794493166e+02 1.2273126706e+06
3.1798397182e+02 1.2295997379e+06
3.1824589210e+02 1.2327106915e+06
3.1872270033e+02 1.2369820860e+06
3.1869775302e+02 1.2426545356e+06
3.1893728318e+02 1.2479065432e+06
3.1872593182e+02 1.2496653507e+06
3.1877074838e+02 1.2542418229e+06
3.1887331659e+02 1.2604764777e+06
3.1885020579e+02 1.2639378950e+06
3.1878703200e+02 1.2704233294e+06
3.1872760842e+02 1.2755447627e+06
3.1869522230e+02 1.2825482832e+06
3.1865692549e+02 1.2875375005e+06
3.1864713842e+02 1.2937447769e+06
3.1870742821e+02 1.3027792882e+06
3.1876206589e+02 1.3102394059e+06
3.1881765134e+02 1.3163512278e+06
3.1885994844e+02 1.3214660536e+06
3.1891458020e+02 1.3291281514e+06
3.1892380607e+02 1.3340184078e+06
3.1885515959e+02 1.3408881123e+06
3.1916749592e+02 1.3450263421e+06
3.1954168905e+02 1.3513624679e+06
3.1953661366e+02 1.3569231778e+06
3.1959145907e+02 1.3652715908e+06
3.1963727500e+02 1.3722187125e+06
3.1969714135e+02 1.3795656467e+06
3.1973810174e+02 1.3850933610e+06
3.1977488033e+02 1.3913862925e+06
3.1977468497e+02 1.3954428526e+06
3.1979363947e+02 1.4021221126e+06
3.1973022392e+02 1.4048864632e+06
3.2007430864e+02 1.4078163379e+06
3.2029212006e+02 1.4128927979e+06
3.2060340100e+02 1.4140925010e+06
3.2033884013e+02 1.4189572726e+06
3.2055723120e+02 1.4217479444e+06
3.2042780733e+02 1.4252257017e+06
3.2050846295e+02 1.4302343720e+06
3.2045646730e+02 1.4377825587e+06
3.2088611108e+02 1.4407834493e+06
3.2042439524e+02 1.4453071707e+06
3.2040444537e+02 1.4529083518e+06
3.2039808660e+02 1.4595452929e+06
3.2040593006e+02 1.4662789794e+06
3.2045140417e+02 1.4747202732e+06
3.2049574619e+02 1.4819830212e+06
3.2098570613e+02 1.4847681228e+06
3.2055006955e+02 1.4892645297e+06
3.2058530427e+02 1.4947835549e+06
3.2060908512e+02 1.5005028623e+06
3.2060722176e+02 1.5050042327e+06
3.2061125717e+02 1.5111221421e+06
3.2057156139e+02 1.5151686322e+06
3.2073234072e+02 1.5165192872e+06
3.2118484158e+02 1.5205499405e+06
3.2117362406e+02 1.5285881955e+06
3.2117638348e+02 1.5359233046e+06
3.2119096317e+02 1.5427668569e+06
3.2123625811e+02 1.5507771886e+06
3.2127919891e+02 1.5580235562e+06
3.2133212799e+02 1.5656397911e+06
3.2136584174e+02 1.5715306635e+06
3.2137740164e+02 1.5763977003e+06
3.2136758493e+02 1.5804895844e+06
3.2172521407e+02 1.5833105331e+06
3.2135996435e+02 1.5857796526e+06
3.2134000147e+02 1.5891791118e+06
3.2134263692e+02 1.5912636982e+06
3.2173803247e+02 1.5971752674e+06
3.2181163645e+02 1.6039282507e+06
3.2192707994e+02 1.6104463961e+06
3.2202224580e+02 1.6117163526e+06
3.2207841419e+02 1.6169640833e+06
3.2198646231e+02 1.6203397659e+06
3.2226012993e+02 1.6230536608e+06
3.2197483791e+02 1.6292983144e+06
3.2197536541e+02 1.6379410908e+06
3.2199089927e+02 1.6458668806e+06
3.2201777518e+02 1.6537946164e+06
3.2245588339e+02 1.6590414114e+06
3.2206204002e+02 1.6622364778e+06
3.2238551375e+02 1.6666125322e+06
3.2210446583e+02 1.6697766941e+06
3.2235260519e+02 1.6737811440e+06
3.2214938053e+02 1.6771883185e+06
3.2237096318e+02 1.6812381158e+06
3.2218102311e+02 1.6835149500e+06
3.2218727324e+02 1.6884190368e+06
3.2217724202e+02 1.6930925554e+06
3.2254021939e+02 1.6955154640e+06
3.2216026410e+02 1.6978216659e+06
3.2214894070e+02 1.7017011499e+06
3.2216547098e+02 1.7039098541e+06
3.2242623775e+02 1.7065189056e+06
3.2270155059e+02 1.7176981985e+06
3.2271276785e+02 1.7268791904e+06
3.2273808157e+02 1.7354867088e+06
3.2277002848e+02 1.7436628545e+06
3.2281363710e+02 1.7517637897e+06
3.2285521353e+02 1.7593966821e+06
3.2289594387e+02 1.7667537950e+06
3.2292371209e+02 1.7734331366e+06
3.2292212759e+02 1.7781551071e+06
3.2290634759e+02 1.7827732775e+06
3.2288509973e+02 1.7869848771e+06
3.2288310920e+02 1.7911037866e+06
3.2292186204e+02 1.7937277454e+06
3.2310519050e+02 1.7986248212e+06
3.2350521012e+02 1.8024414130e+06
3.2319931469e+02 1.8062588977e+06
3.2333350917e+02 1.8137930706e+06
3.2350510078e+02 1.8212133353e+06
3.2346951919e+02 1.8220739340e+06
3.2370679726e+02 1.8286513493e+06
3.2347830480e+02 1.8318413495e+06
3.2393307433e+02 1.8358802934e+06
3.2350150360e+02 1.8416326433e+06
3.2353526360e+02 1.8506704534e+06
3.2403436865e+02 1.8535246383e+06
3.2357410823e+02 1.8594521416e+06
3.2388053244e+02 1.8618153248e+06
3.2361836238e+02 1.8679620910e+06
3.2365979200e+02 1.8759978384e+06
3.2370730172e+02 1.8785214875e+06
3.2369402491e+02 1.8833185503e+06
3.2369291351e+02 1.8869349341e+06
3.2371744903e+02 1.8904176084e+06
3.2371251776e+02 1.8955617794e+06
3.2369602470e+02 1.9006482982e+06
3.2379620200e+02 1.9036043673e+06
3.2367646973e+02 1.9047359702e+06
3.2368794808e+02 1.9088122620e+06
3.2375335662e+02 1.9116414097e+06
3.2413353058e+02 1.9152675439e+06
3.2407677196e+02 1.9199784733e+06
3.2420013198e+02 1.9248444789e+06
3.2427005832e+02 1.9280796022e+06
3.2422112693e+02 1.9350244027e+06
3.2425424556e+02 1.9452633422e+06
3.2526083766e+02 1.9496277359e+06
3.2498545862e+02 1.9511200342e+06
3.2429557530e+02 1.9547733219e+06
3.2433933178e+02 1.9640434121e+06
3.2483370472e+02 1.9669714434e+06
3.2438240175e+02 1.9724268746e+06
3.2465902812e+02 1.9757655678e+06
3.2498728728e+02 1.9776965035e+06
3.2442127895e+02 1.9806134386e+06
3.2452268074e+02 1.9846509110e+06
3.2444861310e+02 1.9877754946e+06
3.2443139146e+02 1.9935552814e+06
3.2439119958e+02 2.0024583812e+06
3.2443499661e+02 2.0055257297e+06
3.2442422454e+02 2.0095664996e+06
3.2439627487e+02 2.0113996255e+06
3.2445849416e+02 2.0137721911e+06
3.2455423573e+02 2.0167273191e+06
3.2444560186e+02 2.0202250844e+06
3.2494376018e+02 2.0236188656e+06
3.2454294386e+02 2.0290977249e+06
3.2494544806e+02 2.0344482114e+06
3.2468379441e+02 2.0377465591e+06
3.2496517166e+02 2.0458317414e+06
3.2486252805e+02 2.0464865120e+06
3.2507105602e+02 2.0548228121e+06
3.2499783386e+02 2.0564139502e+06
3.2530342225e+02 2.0633669363e+06
3.2504127458e+02 2.0672341662e+06
3.2555214323e+02 2.0711934843e+06
3.2563829330e+02 2.0731056109e+06
3.2508785757e+02 2.0771271292e+06
3.2570723377e+02 2.0809694880e+06
3.2544567970e+02 2.0826228838e+06
3.2513434722e+02 2.0868053476e+06
3.2528447062e+02 2.0922075498e+06
3.2517682717e+02 2.0955463567e+06
3.2516322330e+02 2.1019251370e+06
3.2521307655e+02 2.1041350930e+06
3.2508956261e+02 2.1116840134e+06
3.2506837085e+02 2.1215486427e+06
3.2522682625e+02 2.1246209256e+06
3.2509367238e+02 2.1313678312e+06
3.2522281772e+02 2.1344746899e+06
3.2516201159e+02 2.1412695980e+06
3.2542348288e+02 2.1417414071e+06
3.2527801342e+02 2.1509829729e+06
3.2572247658e+02 2.1545954529e+06
3.2543725455e+02 2.1608245969e+06
3.2575908800e+02 2.1667496728e+06
3.2563121262e+02 2.1701897516e+06
3.2580362508e+02 2.1778245861e+06
3.2585519195e+02 2.1892155493e+06
3.2590545301e+02 2.1994576225e+06
3.2632759923e+02 2.2036666694e+06
3.2661538256e+02 2.2056743846e+06
3.2595435870e+02 2.2097558058e+06
3.2614148171e+02 2.2137418121e+06
3.2639822482e+02 2.2163228100e+06
3.2599396660e+02 2.2186331823e+06
3.2598689588e+02 2.2239636741e+06
3.2602500541e+02 2.2275562941e+06
3.2587243088e+02 2.2342091799e+06
3.2603482179e+02 2.2425010525e+06
3.2580584261e+02 2.2445920909e+06
3.2601919876e+02 2.2482436031e+06
3.2579120116e+02 2.2548831501e+06
3.2606004773e+02 2.2584135614e+06
3.2616234022e+02 2.2627725918e+06
3.2582255121e+02 2.2653477136e+06
3.2589635137e+02 2.2755246711e+06
3.2601954781e+02 2.2859873819e+06
3.2618339710e+02 2.2958279469e+06
3.2638388593e+02 2.3062369805e+06
3.2660803012e+02 2.3153880828e+06
3.2663308698e+02 2.3180481751e+06
3.2685404796e+02 2.3255627376e+06
3.2668457376e+02 2.3286821049e+06
3.2707707785e+02 2.3352632471e+06
3.2673292625e+02 2.3395056002e+06
3.2676796426e+02 2.3487019865e+06
3.2675489963e+02 2.3584548449e+06
3.2679473463e+02 2.3656847501e+06
3.2664901044e+02 2.3704135524e+06
3.2678893084e+02 2.3735399151e+06
3.2678300439e+02 2.3795416939e+06
3.2658906563e+02 2.3823568153e+06
3.2681299598e+02 2.3856024091e+06
3.2689463335e+02 2.3900160844e+06
3.2658242932e+02 2.3946615581e+06
3.2731087286e+02 2.3973185009e+06
3.2727436708e+02 2.3996896085e+06
3.2662510546e+02 2.4066868020e+06
3.2670679842e+02 2.4192396174e+06
3.2683400976e+02 2.4309600220e+06
3.2700772052e+02 2.4436164746e+06
3.2721160829e+02 2.4544833277e+06
3.2781485462e+02 2.4638678543e+06
3.2744613393e+02 2.4669729589e+06
3.2769046031e+02 2.4763450555e+06
3.2761994053e+02 2.4779826556e+06
3.2766625988e+02 2.4895768892e+06
3.2802421978e+02 2.4913161626e+06
3.2785417018e+02 2.4945454794e+06
3.2756778696e+02 2.4997159289e+06
3.2770884024e+02 2.5089720454e+06
3.2745021794e+02 2.5117347298e+06
3.2770384484e+02 2.5166862719e+06
3.2737584805e+02 2.5241074150e+06
3.2772433138e+02 2.5307906255e+06
3.2734843473e+02 2.5361526391e+06
3.2737453525e+02 2.5488124694e+06
3.2743313512e+02 2.5605806866e+06
3.2754370664e+02 2.5736411308e+06
3.2769403017e+02 2.5844919996e+06
3.2788795512e+02 2.5977794624e+06
3.2809926048e+02 2.6069647779e+06
3.2837496719e+02 2.6205920164e+06
3.2840657342e+02 2.6233770719e+06
3.2888035488e+02 2.6288597050e+06
3.2839224057e+02 2.6303533314e+06
3.2884870532e+02 2.6334821434e+06
3.2900260826e+02 2.6390126971e+06
3.2840093547e+02 2.6408166650e+06
3.2871939904e+02 2.6437590851e+06
3.2839961717e+02 2.6486874481e+06
3.2842619353e+02 2.6571767899e+06
3.2849473950e+02 2.6631215164e+06
3.2891168970e+02 2.6670908960e+06
3.2863780493e+02 2.6695066469e+06
3.2847424332e+02 2.6748560374e+06
3.2917379548e+02 2.6777953473e+06
3.2953317440e+02 2.6800173909e+06
3.2895776872e+02 2.6823704594e+06
3.2840196763e+02 2.6905912731e+06
3.2903430395e+02 2.7009979072e+06
3.2912859107e+02 2.7034172973e+06
3.2837850189e+02 2.7078190087e+06
3.2910729066e+02 2.7162153190e+06
3.2922926233e+02 2.7199754913e+06
3.2839462141e+02 2.7235926963e+06
3.2919740052e+02 2.7342100592e+06
3.2928834344e+02 2.7368885554e+06
3.2920491837e+02 2.7381540142e+06
3.2847067421e+02 2.7419019613e+06
3.2856479548e+02 2.7566768348e+06
3.2935208326e+02 2.7657024002e+06
3.2934689259e+02 2.7739183910e+06
3.2872160930e+02 2.7759750006e+06
3.2889766802e+02 2.7883875873e+06
3.2944509768e+02 2.7940283799e+06
3.2947383641e+02 2.7945093964e+06
3.2951269973e+02 2.8064512735e+06
3.2948235800e+02 2.8083744798e+06
3.2919363923e+02 2.8133758754e+06
3.2940443714e+02 2.8187578878e+06
3.2952902505e+02 2.8250477645e+06
3.2951575994e+02 2.8280082482e+06
3.2929511745e+02 2.8338702663e+06
3.2953486676e+02 2.8412219282e+06
3.2969624690e+02 2.8443617913e+06
3.2921117226e+02 2.8478691664e+06
3.2967282233e+02 2.8577317321e+06
3.2959964065e+02 2.8621047033e+06
3.2917302340e+02 2.8647018519e+06
3.3005083184e+02 2.8696223243e+06
3.3035292049e+02 2.8728730681e+06
3.2965699197e+02 2.8761815431e+06
3.2915992624e+02 2.8776202005e+06
3.3059728940e+02 2.8819308065e+06
3.3108249693e+02 2.8845141751e+06
3.3094993147e+02 2.8868853969e+06
3.2920161783e+02 2.8955000537e+06
3.2926092392e+02 2.9056856813e+06
3.2983886179e+02 2.9132976667e+06
3.2995014385e+02 2.9198159513e+06
3.2941531051e+02 2.9294076831e+06
3.2964994793e+02 2.9340463404e+06
3.2994514331e+02 2.9360863471e+06
3.3001937498e+02 2.9422079088e+06
3.3040778577e+02 2.9479774277e+06
3.3002480408e+02 2.9520367019e+06
3.2998345451e+02 2.9528373139e+06
3.3037840911e+02 2.9573916663e+06
3.3029241038e+02 2.9597368312e+06
3.3054362672e+02 2.9650652977e+06
3.3040270293e+02 2.9687920794e+06
3.3051334488e+02 2.9688663961e+06
3.3011591832e+02 2.9748593945e+06
3.3042010413e+02 2.9758124090e+06
3.3105130001e+02 2.9787671017e+06
3.3096530090e+02 2.9842335015e+06
3.3018024861e+02 2.9911905006e+06
3.3053791724e+02 2.9950397362e+06
3.3061971779e+02 2.9968046809e+06
3.3094909685e+02 2.9998336238e+06
3.3135605029e+02 3.0030460581e+06
3.3092547551e+02 3.0061473751e+06
3.3025775242e+02 3.0132497354e+06
3.3058137592e+02 3.0158560666e+06
3.3104566424e+02 3.0222384155e+06
3.3088191558e+02 3.0256913326e+06
3.3031524035e+02 3.0293627296e+06
3.3029825607e+02 3.0330823947e+06
3.3062894465e+02 3.0357606875e+06
3.3070125128e+02 3.0407375127e+06
3.3088403697e+02 3.0439485200e+06
3.3067246518e+02 3.0468500150e+06
3.3038190350e+02 3.0499482628e+06
3.3062742680e+02 3.0558663248e+06
3.3096623791e+02 3.0586891069e+06
3.3056922910e+02 3.0643597513e+06
3.3042292609e+02 3.0650036697e+06
3.3099011125e+02 3.0738124101e+06
3.3099240213e+02 3.0768568175e+06
3.3057286321e+02 3.0803628630e+06
3.3047311653e+02 3.0836563919e+06
3.3080332350e+02 3.0852458855e+06
3.3103384866e+02 3.0902306615e+06
3.3059213353e+02 3.0914885150e+06
3.3052961312e+02 3.0969246295e+06
3.3095682390e+02 3.0998213582e+06
3.3073728849e+02 3.1039098751e+06
3.3063519680e+02 3.1055277563e+06
3.3104874058e+02 3.1073424809e+06
3.3066033015e+02 3.1133784607e+06
3.3104006765e+02 3.1161411936e+06
3.3063952463e+02 3.1203393484e+06
3.3114336130e+02 3.1209090446e+06
3.3086730140e+02 3.1243916729e+06
3.3079777700e+02 3.1296831585e+06
3.3060172335e+02 3.1313196619e+06
3.3097833939e+02 3.1364750648e+06
3.3077088286e+02 3.1372925649e+06
3.2988740420e+02 3.1466197619e+06
3.3016910822e+02 3.1515260048e+06
3.2997255287e+02 3.1555823238e+06
3.3005408929e+02 3.1632397382e+06
3.3088203449e+02 3.1684910175e+06
3.3086126145e+02 3.1707517197e+06
3.3096581978e+02 3.1761511371e+06
3.3092878629e+02 3.1794146567e+06
3.3095232726e+02 3.1812853356e+06
3.3085381982e+02 3.1854935133e+06
3.3137383452e+02 3.1866655206e+06
3.3100363283e+02 3.1909889947e+06
3.3090069364e+02 3.1933653105e+06
3.3088044194e+02 3.1992285726e+06
3.3114102856e+02 3.2005113576e+06
3.3106166298e+02 3.2033201251e+06
3.3103776459e+02 3.2070882005e+06
3.3078272688e+02 3.2110963003e+06
3.3077218975e+02 3.2156520658e+06
3.3111012401e+02 3.2162405137e+06
3.3124069209e+02 3.2217430122e+06
3.3110364118e+02 3.2231617468e+06
3.3123275444e+02 3.2303104409e+06
3.3150630918e+02 3.2355835722e+06
3.3148170293e+02 3.2388570715e+06
3.3106901431e+02 3.2409665817e+06
3.3125294158e+02 3.2454659255e+06
3.3162258942e+02 3.2476734689e+06
3.3126572290e+02 3.2498083616e+06
3.3138017521e+02 3.2548347044e+06
3.3108392677e+02 3.2582419305e+06
3.3129616938e+02 3.2592283744e+06
3.3142929175e+02 3.2634731030e+06
3.3144901905e+02 3.2659847039e+06
3.3137366740e+02 3.2712025794e+06
3.3148443217e+02 3.2753430261e+06
3.3129902955e+02 3.2786192767e+06
3.3142874777e+02 3.2831325115e+06
3.3143692734e+02 3.2884489635e+06
3.3159817143e+02 3.2891090816e+06
3.3127845880e+02 3.2921876403e+06
3.3159852292e+02 3.2970585314e+06
3.3147798793e+02 3.2986562923e+06
3.3132769105e+02 3.3040542122e+06
3.3154433324e+02 3.3055524056e+06
3.3165070741e+02 3.3085872877e+06
3.3155746700e+02 3.3122664582e+06
3.3158680076e+02 3.3170691019e+06
3.3142993742e+02 3.3184017050e+06
3.3146198684e+02 3.3228718500e+06
3.3197707126e+02 3.3267231832e+06
3.3176337793e+02 3.3305762682e+06
3.3212387803e+02 3.3319816358e+06
3.3168542487e+02 3.3359149253e+06
3.3204325939e+02 3.3387856108e+06
3.3157382313e+02 3.3426040339e+06
3.3168281620e+02 3.3448186218e+06
3.3190537603e+02 3.3490950328e+06
3.3162629152e+02 3.3524991554e+06
3.3177410429e+02 3.3550724945e+06
3.3219203051e+02 3.3608042264e+06
3.3183240599e+02 3.3642112915e+06
3.3177560205e+02 3.3650160097e+06
3.3197732023e+02 3.3683002452e+06
3.3173134189e+02 3.3716357990e+06
3.3182304581e+02 3.3745067746e+06
3.3198607017e+02 3.3783805733e+06
3.3178700287e+02 3.3827487275e+06
3.3187833600e+02 3.3848703638e+06
3.3190148323e+02 3.3891987993e+06
3.3198318025e+02 3.3920856491e+06
3.3196504777e+02 3.3961346924e+06
3.3219506970e+02 3.3977181551e+06
3.3189719567e+02 3.4031599704e+06
3.3198825962e+02 3.4056919309e+06
3.3211872629e+02 3.4079274924e+06
3.3195245823e+02 3.4145440135e+06
3.3216878358e+02 3.4172160629e+06
3.3211448926e+02 3.4208279647e+06
3.3224908497e+02 3.4268904760e+06
3.3215437406e+02 3.4294434718e+06
3.3212175939e+02 3.4316451291e+06
3.3216331645e+02 3.4355310860e+06
3.3207733957e+02 3.4375596989e+06
3.3216983826e+02 3.4417281393e+06
3.3220967617e+02 3.4453211169e+06
3.3212686312e+02 3.4480326098e+06
3.3227450477e+02 3.4509891930e+06
3.3228145976e+02 3.4550363478e+06
3.3229099302e+02 3.4578051280e+06
3.3226773703e+02 3.4601855825e+06
3.3235713060e+02 3.4665643187e+06
3.3266099983e+02 3.4670379998e+06
3.3231483428e+02 3.4703562390e+06
3.3228187212e+02 3.4760523415e+06
3.3239871696e+02 3.4786419987e+06
3.3231341910e+02 3.4829471301e+06
3.3240779974e+02 3.4830997944e+06
3.3247195309e+02 3.4883367440e+06
3.3242901336e+02 3.4914476689e+06
3.3260165746e+02 3.4946469570e+06
3.3248337105e+02 3.4977781381e+06
3.3237202476e+02 3.5010328282e+06
3.3252005610e+02 3.5041166915e+06
3.3252406218e+02 3.5067340087e+06
3.3247046407e+02 3.5114533256e+06
3.3251991929e+02 3.5159448661e+06
3.3249914334e+02 3.5192646405e+06
3.3253132007e+02 3.5224950564e+06
3.3260976931e+02 3.5231482495e+06
3.3261633774e+02 3.5265210440e+06
3.3262243591e+02 3.5299415654e+06
3.3269829621e+02 3.5325810284e+06
3.3270188671e+02 3.5384310013e+06
3.3259657162e+02 3.5409711185e+06
3.3285147032e+02 3.5437297927e+06
3.3274737508e+02 3.5457715410e+06
3.3275297273e+02 3.5510493456e+06
3.3275813667e+02 3.5532804173e+06
3.3278132826e+02 3.5579969586e+06
3.3281843938e+02 3.5596828044e+06
3.3287952684e+02 3.5643407633e+06
3.3284642931e+02 3.5662039803e+06
3.3285513683e+02 3.5692131521e+06
3.3288002042e+02 3.5740483072e+06
3.3277771188e+02 3.5760963609e+06
3.3263421162e+02 3.5790008518e+06
3.3290838745e+02 3.5819744704e+06
3.3295439559e+02 3.5884714905e+06
3.3275625043e+02 3.5891793171e+06
3.3298815601e+02 3.5947613366e+06
3.3298731825e+02 3.5960809269e+06
3.3301893853e+02 3.5997280095e+06
3.3289978820e+02 3.6042730556e+06
3.3309690170e+02 3.6075511683e+06
3.3284560972e+02 3.6112580788e+06
3.3300712932e+02 3.6133218016e+06
3.3310044041e+02 3.6181882026e+06
3.3278705450e+02 3.6197105257e+06
3.3304688225e+02 3.6245233332e+06
3.3295484053e+02 3.6274309268e+06
3.3286146031e+02 3.6302390266e+06
3.3312641119e+02 3.6335485598e+06
3.3311504559e+02 3.6373596700e+06
3.3306053895e+02 3.6393370067e+06
3.3320994197e+02 3.6435555965e+06
3.3303115872e+02 3.6468623025e+06
3.3320921010e+02 3.6483855335e+06
3.3320599883e+02 3.6538310239e+06
3.3326021124e+02 3.6545641140e+06
3.3326629499e+02 3.6600942796e+06
3.3332625221e+02 3.6610728319e+06
3.3322994709e+02 3.6666780512e+06
3.3336567838e+02 3.6695731594e+06
3.3336208194e+02 3.6738922623e+06
3.3341052999e+02 3.6759787171e+06
3.3326627567e+02 3.6776743881e+06
3.3339345023e+02 3.6822120156e+06
3.3346047806e+02 3.6848819038e+06
3.3343191613e+02 3.6876487714e+06
3.3329261865e+02 3.6920209088e+06
3.3352258829e+02 3.6957261082e+06
3.3354776016e+02 3.6994496151e+06
3.3364219289e+02 3.7031847153e+06
3.3356360551e+02 3.7046013648e+06
3.3357423864e+02 3.7074467764e+06
3.3366315062e+02 3.7125099813e+06
3.3334873596e+02 3.7146422037e+06
3.3363797308e+02 3.7181690819e+06
3.3363727626e+02 3.7214816874e+06
3.3366469864e+02 3.7263575329e+06
3.3369665105e+02 3.7291231077e+06
3.3339755782e+02 3.7312433138e+06
3.3375112165e+02 3.7359239709e+06
3.3370423202e+02 3.7377425258e+06
3.3374597004e+02 3.7413488728e+06
3.3384616510e+02 3.7448128426e+06
3.3379898050e+02 3.7496332953e+06
3.3380612933e+02 3.7523798692e+06
3.3347280762e+02 3.7535500299e+06
3.3382743305e+02 3.7571972419e+06
3.3384168708e+02 3.7615876593e+06
3.3384306825e+02 3.7642315350e+06
3.3389734192e+02 3.7691135282e+06
3.3354163242e+02 3.7718777336e+06
3.3387899665e+02 3.7742585703e+06
3.3393466603e+02 3.7782539239e+06
3.3395335591e+02 3.7804040592e+06
3.3397043809e+02 3.7833680806e+06
3.3395800423e+02 3.7893166766e+06
3.3395124731e+02 3.7922489357e+06
3.3363275153e+02 3.7941291095e+06
3.3409496394e+02 3.7980065481e+06
3.3405016182e+02 3.8013421225e+06
3.3394255095e+02 3.8052493885e+06
3.3400754423e+02 3.8077940028e+06
3.3407942824e+02 3.8105215988e+06
3.3372411550e+02 3.8138637082e+06
3.3406112904e+02 3.8181909608e+06
3.3408250521e+02 3.8211630858e+06
3.3416601740e+02 3.8229363578e+06
3.3411284735e+02 3.8267704263e+06
3.3399587773e+02 3.8302900240e+06
3.3422672148e+02 3.8329211682e+06
3.3383693181e+02 3.8362354783e+06
3.3400015993e+02 3.8415023485e+06
3.3429225192e+02 3.8440219164e+06
3.3419208383e+02 3.8475492662e+06
3.3423723217e+02 3.8512803667e+06
3.3411544346e+02 3.8532712303e+06
3.3395766746e+02 3.8571638519e+06
3.3406457861e+02 3.8620635341e+06
3.3420788870e+02 3.8630391705e+06
3.3410797021e+02 3.8676770276e+06
3.3421668221e+02 3.8690640217e+06
3.3409797968e+02 3.8737959959e+06
3.3426954496e+02 3.8762448461e+06
3.3409380142e+02 3.8797222958e+06
3.3418470570e+02 3.8825194205e+06
3.3425123303e+02 3.8853082165e+06
3.3421930892e+02 3.8898212326e+06
3.3425144010e+02 3.8927173762e+06
3.3417538390e+02 3.8970025182e+06
3.3416097983e+02 3.9012792456e+06
3.3420397656e+02 3.9038500189e+06
3.3422060685e+02 3.9071728128e+06
3.3422017923e+02 3.9107032630e+06
3.3425772831e+02 3.9129803996e+06
3.3422261973e+02 3.9176240449e+06
3.3422427403e+02 3.9213627033e+06
3.3422060546e+02 3.9224344649e+06
3.3422808965e+02 3.9254417211e+06
3.3437276189e+02 3.9311968909e+06
3.3427562049e+02 3.9316561672e+06
3.3421697174e+02 3.9359708442e+06
3.3431911013e+02 3.9409857434e+06
3.3423884405e+02 3.9422712976e+06
3.3421967017e+02 3.9448891206e+06
3.3433125371e+02 3.9502639073e+06
3.3424509912e+02 3.9531144486e+06
3.3434565681e+02 3.9571905589e+06
3.3430033041e+02 3.9595751681e+06
3.3426876071e+02 3.9622315550e+06
3.3423962896e+02 3.9659863250e+06
3.3430896694e+02 3.9703522798e+06
3.3442546301e+02 3.9719356329e+06
3.3436981317e+02 3.9756096602e+06
3.3431293234e+02 3.9798300811e+06
3.3458924950e+02 3.9829896766e+06
3.3430090105e+02 3.9848097372e+06
3.3433004241e+02 3.9898285717e+06
3.3428722941e+02 3.9930010492e+06
3.3470836040e+02 3.9969429722e+06
3.3439216555e+02 3.9974482332e+06
3.3465026020e+02 4.0016511854e+06
3.3438345022e+02 4.0053296769e+06
3.3436238073e+02 4.0097253480e+06
3.3465721984e+02 4.0134420106e+06
3.3448517197e+02 4.0154609108e+06
3.3435237473e+02 4.0174829656e+06
3.3462790895e+02 4.0233592243e+06
3.3449000859e+02 4.0259737527e+06
3.3442691109e+02 4.0293599218e+06
3.3460383118e+02 4.0334101181e+06
3.3455340376e+02 4.0382981504e+06
3.3477119895e+02 4.0410644683e+06
3.3455108407e+02 4.0454837865e+06
3.3448941136e+02 4.0473501352e+06
3.3474530798e+02 4.0518677809e+06
3.3453342502e+02 4.0584242268e+06
3.3491289524e+02 4.0616591395e+06
3.3511387646e+02 4.0642330816e+06
3.3464722876e+02 4.0692114476e+06
3.3426949258e+02 4.0729589898e+06
3.3456170348e+02 4.0814476475e+06
3.3505360328e+02 4.0889462142e+06
3.3479426817e+02 4.0899257185e+06
3.3457063241e+02 4.0981251688e+06
3.3473737173e+02 4.1053232684e+06
3.3496520265e+02 4.1089962308e+06
3.3514522540e+02 4.1113728194e+06
3.3534406915e+02 4.1133967463e+06
3.3463386218e+02 4.1191331961e+06
3.3548347290e+02 4.1234535607e+06
3.3535987126e+02 4.1265234464e+06
3.3457787881e+02 4.1301454345e+06
3.3446487905e+02 4.1339261898e+06
3.3561529703e+02 4.1414642453e+06
3.3543660001e+02 4.1442311779e+06
3.3570219143e+02 4.1461339688e+06
3.3492077431e+02 4.1494492198e+06
3.3507542563e+02 4.1554201880e+06
3.3570098306e+02 4.1569468550e+06
3.3552928976e+02 4.1588743630e+06
3.3526755476e+02 4.1643935895e+06
3.3567683287e+02 4.1658515403e+06
3.3539427653e+02 4.1694812462e+06
3.3552562635e+02 4.1748771316e+06
3.3561487591e+02 4.1782561518e+06
3.3569606412e+02 4.1793822258e+06
3.3571280321e+02 4.1820425653e+06
3.3607064518e+02 4.1852959926e+06
3.3582378961e+02 4.1885658455e+06
3.3593280301e+02 4.1936837251e+06
3.3586300380e+02 4.1959449047e+06
3.3613061358e+02 4.1985302851e+06
3.3615257585e+02 4.2049153975e+06
3.3589749194e+02 4.2075485550e+06
3.3628488238e+02 4.2105672309e+06
3.3630790911e+02 4.2141564808e+06
3.3626220552e+02 4.2150082893e+06
3.3597677114e+02 4.2212289341e+06
3.3609066065e+02 4.2431887374e+06
3.3615641221e+02 4.2540745439e+06
3.3626152491e+02 4.2733359778e+06
3.3630982256e+02 4.2805744928e+06
3.3654893494e+02 4.2915783039e+06
3.3640816862e+02 4.2979917065e+06
3.3643388769e+02 4.3005716098e+06
3.3652603245e+02 4.3136168955e+06
3.3652766372e+02 4.3169598343e+06
3.3657722260e+02 4.3170234653e+06
3.3666546511e+02 4.3260630274e+06
3.3661384265e+02 4.3293982381e+06
3.3665927490e+02 4.3334288247e+06
}