Pressao_entrada 1198330
Pressao_saida 101300.0
Velocidade_angular 1083.84946425
Temperatura 346.933097537


Ri 0.0875
Rg 0.0979
Rm 0.1035
Ro 0.1095
h 2e-06
hg 5e-06
beta1 2.29
beta2 1
N 10

n_r_1 25
n_r_2 25
n_r_3 25
n_t_1 20
n_t_2 20
n_t_3 20
n_t_4 20
n_t_5 20
n_z_h 10
n_z_hg 10

nCells 9.5000000000e+04
minVol 7.8451466584e-04
maxVol 1.5576770459e-02
totVol 4.4219894904e+02

min_U 0.0000000000e+00
max_U 1.2075633636e+02
min_Rho 8.4824078316e-01
max_Rho 2.3231342848e+01
min_P 1.0130000000e+05
max_P 2.6742421022e+06
min_T 3.4128194612e+02
max_T 3.5726956831e+02
Force 1.7141819513e+03
Shear 1.8758956914e+03
Inlet_Flow -3.1554531400e-06
Outlet_Flow 3.1570791631e-06
Sum_Flow 1.6260230694e-09
Perc_flow 2.8723763368e-01

T_crit 275.013329195
P_crit 12742463.5102
satSize 200
composition methane_0.711759/ethane_0.123199/n-propane_0.081155/isobutane_0.004940/n-butane_0.035894/isopentane_0.002823/n-pentane_0.013712/n-hexane_0.008469/n-heptane_0.004840/n-octane_0.001210/n-nonane_0.000202/n-decane_0.000000/nitrogen_0.005747/co2_0.006050


SaturationCurve
{
2.7404950042e+02 1.0130000000e+05
2.8814529671e+02 2.4175737234e+05
2.9625622464e+02 3.8221474467e+05
3.0207372040e+02 5.2267211701e+05
3.0664385472e+02 6.6312948934e+05
3.1042060261e+02 8.0358686168e+05
3.1364393464e+02 9.4404423401e+05
3.1645651518e+02 1.0845016064e+06
3.1895022975e+02 1.2249589787e+06
3.2118788012e+02 1.3654163510e+06
3.2321441674e+02 1.5058737234e+06
3.2506321567e+02 1.6463310957e+06
3.2675980481e+02 1.7867884680e+06
3.2832418967e+02 1.9272458404e+06
3.2977236772e+02 2.0677032127e+06
3.3111735066e+02 2.2081605850e+06
3.3236987591e+02 2.3486179574e+06
3.3353891526e+02 2.4890753297e+06
3.3463204670e+02 2.6295327020e+06
3.3565573192e+02 2.7699900744e+06
3.3661552686e+02 2.9104474467e+06
3.3751624417e+02 3.0509048191e+06
3.3836208010e+02 3.1913621914e+06
3.3915671499e+02 3.3318195637e+06
3.3990339367e+02 3.4722769361e+06
3.4060499045e+02 3.6127343084e+06
3.4126406213e+02 3.7531916807e+06
3.4188289163e+02 3.8936490531e+06
3.4246352415e+02 4.0341064254e+06
3.4300779731e+02 4.1745637977e+06
3.4351736650e+02 4.3150211701e+06
3.4399372632e+02 4.4554785424e+06
3.4443822875e+02 4.5959359147e+06
3.4485209868e+02 4.7363932871e+06
3.4523644718e+02 4.8768506594e+06
3.4559228303e+02 5.0173080318e+06
3.4592052253e+02 5.1577654041e+06
3.4622199814e+02 5.2982227764e+06
3.4649746589e+02 5.4386801488e+06
3.4674761184e+02 5.5791375211e+06
3.4697305779e+02 5.7195948934e+06
3.4717436616e+02 5.8600522658e+06
3.4735204431e+02 6.0005096381e+06
3.4750654831e+02 6.1409670104e+06
3.4763828617e+02 6.2814243828e+06
3.4774762070e+02 6.4218817551e+06
3.4783487197e+02 6.5623391274e+06
3.4790031940e+02 6.7027964998e+06
3.4794420354e+02 6.8432538721e+06
3.4796672757e+02 6.9837112445e+06
3.4796805853e+02 7.1241686168e+06
3.4794832825e+02 7.2646259891e+06
3.4790763412e+02 7.4050833615e+06
3.4784603952e+02 7.5455407338e+06
3.4776357413e+02 7.6859981061e+06
3.4766023390e+02 7.8264554785e+06
3.4753598084e+02 7.9669128508e+06
3.4739074259e+02 8.1073702231e+06
3.4722441167e+02 8.2478275955e+06
3.4703684455e+02 8.3882849678e+06
3.4682786031e+02 8.5287423401e+06
3.4659723913e+02 8.6691997125e+06
3.4634472029e+02 8.8096570848e+06
3.4606999991e+02 8.9501144572e+06
3.4577272813e+02 9.0905718295e+06
3.4545250592e+02 9.2310292018e+06
3.4510888120e+02 9.3714865742e+06
3.4474134438e+02 9.5119439465e+06
3.4434932307e+02 9.6524013188e+06
3.4393217594e+02 9.7928586912e+06
3.4348918549e+02 9.9333160635e+06
3.4301954944e+02 1.0073773436e+07
3.4252237073e+02 1.0214230808e+07
3.4199664552e+02 1.0354688181e+07
3.4144124895e+02 1.0495145553e+07
3.4085491804e+02 1.0635602925e+07
3.4023623109e+02 1.0776060298e+07
3.3958358263e+02 1.0916517670e+07
3.3889515274e+02 1.1056975042e+07
3.3816886914e+02 1.1197432415e+07
3.3740235982e+02 1.1337889787e+07
3.3659289331e+02 1.1478347159e+07
3.3573730224e+02 1.1618804532e+07
3.3483188422e+02 1.1759261904e+07
3.3387227125e+02 1.1899719276e+07
3.3285325430e+02 1.2040176649e+07
3.3176854294e+02 1.2180634021e+07
3.3061042766e+02 1.2321091393e+07
3.2936929160e+02 1.2461548766e+07
3.2803288059e+02 1.2602006138e+07
3.2658516578e+02 1.2742463510e+07
3.2500448017e+02 1.2882920883e+07
3.2326026461e+02 1.3023378255e+07
3.2130689138e+02 1.3163835627e+07
3.1907051905e+02 1.3304293000e+07
3.1641595513e+02 1.3444750372e+07
3.1303553826e+02 1.3585207744e+07
3.0771330963e+02 1.3725665117e+07
3.0771330963e+02 1.3725665115e+07
3.0576871708e+02 1.3753740692e+07
3.0382412454e+02 1.3769857542e+07
3.0187953199e+02 1.3774260573e+07
2.9993493944e+02 1.3767167021e+07
2.9799034690e+02 1.3748775280e+07
2.9604575435e+02 1.3719272514e+07
2.9410116180e+02 1.3678840999e+07
2.9215656926e+02 1.3627663214e+07
2.9021197671e+02 1.3565925714e+07
2.8826738416e+02 1.3493821911e+07
2.8632279162e+02 1.3411554005e+07
2.8437819907e+02 1.3319334544e+07
2.8243360652e+02 1.3217388716e+07
2.8048901398e+02 1.3105961066e+07
2.7854442143e+02 1.2985344935e+07
2.7465523634e+02 1.2713900700e+07
2.7271064379e+02 1.2568259556e+07
2.7076605125e+02 1.2413108534e+07
2.6882145870e+02 1.2249685475e+07
2.6687686615e+02 1.2078414191e+07
2.6493227361e+02 1.1899603264e+07
2.6298768106e+02 1.1713544624e+07
2.6104308851e+02 1.1520532700e+07
2.5909849597e+02 1.1320871590e+07
2.5715390342e+02 1.1114879446e+07
2.5520931087e+02 1.0902892166e+07
2.5326471833e+02 1.0685266849e+07
2.5132012578e+02 1.0462385096e+07
2.4937553323e+02 1.0234655949e+07
2.4743094069e+02 1.0002518179e+07
2.4548634814e+02 9.7664414764e+06
2.4354175559e+02 9.5269259231e+06
2.4159716305e+02 9.2844992378e+06
2.3965257050e+02 9.0397113515e+06
2.3770797795e+02 8.7931263445e+06
2.3576338541e+02 8.5453123460e+06
2.3381879286e+02 8.2968306074e+06
2.3187420031e+02 8.0482252765e+06
2.2992960777e+02 7.8000152363e+06
2.2798501522e+02 7.5526887571e+06
2.2604042267e+02 7.3067009548e+06
2.2409583013e+02 7.0624734542e+06
2.2215123758e+02 6.8203954100e+06
2.2020664503e+02 6.5808251206e+06
2.1826205249e+02 6.3440917212e+06
2.1631745994e+02 6.1104967156e+06
2.1437286739e+02 5.8803152964e+06
2.1242827485e+02 5.6537975052e+06
2.1048368230e+02 5.4311693094e+06
2.0853908975e+02 5.2126336595e+06
2.0659449721e+02 4.9983715673e+06
2.0464990466e+02 4.7885432205e+06
2.0270531211e+02 4.5832891300e+06
2.0076071957e+02 4.3827312968e+06
1.9881612702e+02 4.1869743774e+06
1.9687153447e+02 3.9961068280e+06
1.9492694193e+02 3.8102020084e+06
1.9298234938e+02 3.6293192308e+06
1.9103775683e+02 3.4535047457e+06
1.8909316429e+02 3.2827926587e+06
1.8714857174e+02 3.1172057780e+06
1.8520397919e+02 2.9567563931e+06
1.8325938665e+02 2.8014469876e+06
1.8131479410e+02 2.6512708888e+06
1.7937020155e+02 2.5062128593e+06
1.7742560901e+02 2.3662496351e+06
1.7548101646e+02 2.2313504147e+06
1.7353642391e+02 2.1014773051e+06
1.7159183137e+02 1.9765857294e+06
1.6964723882e+02 1.8566248000e+06
1.6770264627e+02 1.7415376622e+06
1.6575805373e+02 1.6312618110e+06
1.6381346118e+02 1.5257293864e+06
1.6186886863e+02 1.4248674481e+06
1.5992427609e+02 1.3285982339e+06
1.5797968354e+02 1.2368394047e+06
1.5603509099e+02 1.1495042780e+06
1.5409049845e+02 1.0665020519e+06
1.5214590590e+02 9.8773802345e+05
1.5020131335e+02 9.1311380111e+05
1.4825672081e+02 8.4252751468e+05
1.4631212826e+02 7.7587402381e+05
1.4436753571e+02 7.1304512681e+05
1.4242294317e+02 6.5392977166e+05
1.4047835062e+02 5.9841427050e+05
1.3853375808e+02 5.4638251947e+05
1.3658916553e+02 4.9771622509e+05
1.3464457298e+02 4.5229513862e+05
1.3269998044e+02 4.0999729960e+05
1.3075538789e+02 3.7069928971e+05
1.2881079534e+02 3.3427649778e+05
1.2686620280e+02 3.0060339678e+05
1.2492161025e+02 2.6955383339e+05
1.2297701770e+02 2.4100133047e+05
1.2103242516e+02 2.1481940266e+05
1.1908783261e+02 1.9088188505e+05
1.1714324006e+02 1.6906327458e+05
1.1519864752e+02 1.4923908353e+05
1.1325405497e+02 1.3128620418e+05
1.1130946242e+02 1.1508328347e+05
}

T_margin 20.2287224808
T_sat_margin 334.957834048
T_hull_margin 355.186556529
P_hull_margin 2674233.1958

caseHull
{
3.4816002438e+02 4.1864700581e+05
3.4816847797e+02 4.2095181360e+05
3.4817941824e+02 4.2355566512e+05
3.4819389913e+02 4.2692557242e+05
3.4820225649e+02 4.2885374678e+05
3.4821147763e+02 4.3096823468e+05
3.4822122889e+02 4.3320038100e+05
3.4823178587e+02 4.3560682008e+05
3.4824278997e+02 4.3811320691e+05
3.4825457541e+02 4.4078813257e+05
3.4828176286e+02 4.4186256786e+05
3.4826672493e+02 4.4354517827e+05
3.4827963117e+02 4.4646595453e+05
3.4829280706e+02 4.4945105898e+05
3.4832940075e+02 4.5192563546e+05
3.4830671271e+02 4.5259581783e+05
3.4832081932e+02 4.5579152264e+05
3.4833563160e+02 4.5914077182e+05
3.4836405230e+02 4.5932187557e+05
3.4835057972e+02 4.6252705254e+05
3.4836620026e+02 4.6605860267e+05
3.4838192067e+02 4.6961478732e+05
3.4836275903e+02 4.7112486698e+05
3.4837068632e+02 4.7320056083e+05
3.4838252930e+02 4.7598971888e+05
3.4839001480e+02 4.7772205239e+05
3.4839864047e+02 4.7970022221e+05
3.4840802976e+02 4.8184592422e+05
3.4841846042e+02 4.8421539781e+05
3.4842953478e+02 4.8672637664e+05
3.4844158571e+02 4.8944714870e+05
3.4845417507e+02 4.9228699162e+05
3.4846771355e+02 4.9532999611e+05
3.4849957824e+02 4.9723595158e+05
3.4844138336e+02 4.9847447222e+05
3.4844720773e+02 5.0008685711e+05
3.4845836615e+02 5.0271699208e+05
3.4846560616e+02 5.0439259350e+05
3.4848346282e+02 5.0847699403e+05
3.4849394228e+02 5.1085432144e+05
3.4850507488e+02 5.1338041360e+05
3.4853458202e+02 5.1539679901e+05
3.4851727566e+02 5.1613540495e+05
3.4853004243e+02 5.1901605711e+05
3.4854384443e+02 5.2211807154e+05
3.4859702830e+02 5.2432317417e+05
3.4855810159e+02 5.2532201131e+05
3.4857337070e+02 5.2874143986e+05
3.4860081865e+02 5.2923672350e+05
3.4858898904e+02 5.3224058134e+05
3.4867737765e+02 5.3508973233e+05
3.4860558437e+02 5.3594701114e+05
3.4862245476e+02 5.3971736160e+05
3.4866052055e+02 5.4184419882e+05
3.4864026412e+02 5.4368712984e+05
3.4868194449e+02 5.4639591554e+05
3.4862485580e+02 5.4923681818e+05
3.4862607339e+02 5.4961896309e+05
3.4863974830e+02 5.5191576635e+05
3.4864754673e+02 5.5469609106e+05
3.4865645726e+02 5.5672782230e+05
3.4866638723e+02 5.5898077773e+05
3.4867762722e+02 5.6151528015e+05
3.4868966776e+02 5.6422835895e+05
3.4870295588e+02 5.6720825542e+05
3.4872691143e+02 5.6809171914e+05
3.4871691036e+02 5.7033550295e+05
3.4873207767e+02 5.7372255909e+05
3.4876302739e+02 5.7532848215e+05
3.4874776945e+02 5.7722790300e+05
3.4870984858e+02 5.8062430976e+05
3.4871172730e+02 5.8114443643e+05
3.4872714158e+02 5.8480072954e+05
3.4873555267e+02 5.8671639397e+05
3.4874495050e+02 5.8884990773e+05
3.4875589335e+02 5.9131132143e+05
3.4876769395e+02 5.9396097044e+05
3.4878447273e+02 5.9486613499e+05
3.4878092767e+02 5.9691554000e+05
3.4879485158e+02 6.0002519524e+05
3.4881013201e+02 6.0342820390e+05
3.4883919338e+02 6.0521561680e+05
3.4882594205e+02 6.0695555111e+05
3.4886008789e+02 6.0931296533e+05
3.4884309820e+02 6.1076908592e+05
3.4886064950e+02 6.1468075062e+05
3.4892368370e+02 6.1629449812e+05
3.4887947445e+02 6.1886202216e+05
3.4894593601e+02 6.2123855427e+05
3.4889864924e+02 6.2312466150e+05
3.4899464739e+02 6.2452180167e+05
3.4891906124e+02 6.2764827376e+05
3.4887678960e+02 6.3060225397e+05
3.4887688893e+02 6.3073172141e+05
3.4657936856e+02 6.3612556272e+05
3.4650608237e+02 6.3887775192e+05
3.4684066479e+02 6.4100770150e+05
3.4644611481e+02 6.4343857503e+05
3.4697125181e+02 6.4595848261e+05
3.4651616079e+02 6.4803864706e+05
3.4638816721e+02 6.4957866259e+05
3.4561285027e+02 6.5759749067e+05
3.4645705181e+02 6.7366177270e+05
3.4902520639e+02 6.7787867680e+05
3.4901850387e+02 6.7805652044e+05
3.4730696682e+02 6.8625122891e+05
3.4622282211e+02 6.9857393326e+05
3.4915754922e+02 7.0437225016e+05
3.4914239673e+02 7.0546559407e+05
3.4929076670e+02 7.0907712817e+05
3.4916487141e+02 7.1041309945e+05
3.4934159987e+02 7.1296826465e+05
3.4911244193e+02 7.1516165444e+05
3.4911922382e+02 7.1681985005e+05
3.4913430499e+02 7.2026123172e+05
3.4914173448e+02 7.2092832623e+05
3.4673731796e+02 7.2906278595e+05
3.4663345580e+02 7.3003189727e+05
3.4654650120e+02 7.3225586747e+05
3.4648638343e+02 7.3552880951e+05
3.4631449739e+02 7.3946668977e+05
3.4559039242e+02 7.4340646844e+05
3.4631680321e+02 7.4660108356e+05
3.4625159756e+02 7.4968911394e+05
3.4611676327e+02 7.5631409351e+05
3.4621405592e+02 7.5794971986e+05
3.4635371465e+02 7.6273840258e+05
3.4616555404e+02 7.6517491635e+05
3.4575909842e+02 7.6793159965e+05
3.4629987319e+02 7.6965736821e+05
3.4639990836e+02 7.7123518517e+05
3.4560645105e+02 7.7389267972e+05
3.4559307487e+02 7.7759290854e+05
3.4616470968e+02 7.8156240685e+05
3.4634697843e+02 7.8270307500e+05
3.4584838260e+02 7.8445447059e+05
3.4602155941e+02 7.8836379931e+05
3.4592717464e+02 7.8925407507e+05
3.4583277971e+02 7.9206547887e+05
3.4610992966e+02 7.9336705699e+05
3.4600277225e+02 7.9746259618e+05
3.4597252314e+02 8.0201400697e+05
3.4597417083e+02 8.0334368542e+05
3.4574861854e+02 8.0743889857e+05
3.4644567587e+02 8.1076854369e+05
3.4620603118e+02 8.1257104521e+05
3.4580494754e+02 8.1629782576e+05
3.4598179258e+02 8.1875182177e+05
3.4634041775e+02 8.2147761889e+05
3.4638589603e+02 8.2481776312e+05
3.4646543960e+02 8.2884176968e+05
3.4642593211e+02 8.2966871247e+05
3.4646174485e+02 8.3171517826e+05
3.4559690338e+02 8.3465558867e+05
3.4659198829e+02 8.3854055888e+05
3.4667650061e+02 8.4182600613e+05
3.4689643304e+02 8.4296359029e+05
3.4646233222e+02 8.4576880413e+05
3.4531406947e+02 8.5232501599e+05
3.4650260079e+02 8.5530963785e+05
3.4661203428e+02 8.5722272389e+05
3.4657197240e+02 8.6044911952e+05
3.4663442652e+02 8.6079591668e+05
3.4639579874e+02 8.6470619260e+05
3.4639628995e+02 8.6571900391e+05
3.4606693822e+02 8.6850062168e+05
3.4500826718e+02 8.7524962254e+05
3.4641367331e+02 8.7842694700e+05
3.4676032901e+02 8.8049786632e+05
3.4609370128e+02 8.8468916274e+05
3.4671468154e+02 8.8946096353e+05
3.4674957767e+02 8.9096389285e+05
3.4461350976e+02 8.9626544424e+05
3.4593013105e+02 9.0662441733e+05
3.4612147079e+02 9.0957078604e+05
3.4612433015e+02 9.1226372752e+05
3.4678159025e+02 9.1654087074e+05
3.4640990885e+02 9.1898020765e+05
3.4564983744e+02 9.2079996472e+05
3.4423912782e+02 9.2502514167e+05
3.4377144168e+02 9.4909705394e+05
3.4434601960e+02 9.6455011894e+05
3.4452666550e+02 9.6834423149e+05
3.4627981155e+02 9.7498811740e+05
3.4602483947e+02 9.7625850112e+05
3.4533152835e+02 9.7810597861e+05
3.4390517684e+02 9.8051457070e+05
3.4341516439e+02 9.8641189733e+05
3.4354183550e+02 9.9926258867e+05
3.4294615816e+02 1.0127787689e+06
3.4324970502e+02 1.0172247869e+06
3.4339645249e+02 1.0292368824e+06
3.4353981550e+02 1.0321340033e+06
3.4309621575e+02 1.0386899049e+06
3.4326420846e+02 1.0447443310e+06
3.4310732742e+02 1.0496871576e+06
3.4305084951e+02 1.0582049277e+06
3.4315233506e+02 1.0594025839e+06
3.4282363603e+02 1.0668469240e+06
3.4326612843e+02 1.0727300256e+06
3.4342291441e+02 1.0738104602e+06
3.4300151484e+02 1.0751726427e+06
3.4312098964e+02 1.0827039979e+06
3.4353908325e+02 1.0849000557e+06
3.4341432376e+02 1.0880028167e+06
3.4363873014e+02 1.0896892139e+06
3.4330757064e+02 1.0915649218e+06
3.4352077825e+02 1.0942006957e+06
3.4298881868e+02 1.0960557877e+06
3.4231731210e+02 1.0977765633e+06
3.4326462440e+02 1.1029204683e+06
3.4376154733e+02 1.1065709936e+06
3.4355594816e+02 1.1097401305e+06
3.4378876551e+02 1.1112562634e+06
3.4367650013e+02 1.1147586064e+06
3.4378346352e+02 1.1158284206e+06
3.4397698896e+02 1.1186316258e+06
3.4370727990e+02 1.1207461698e+06
3.4314332501e+02 1.1241511660e+06
3.4375989221e+02 1.1256713162e+06
3.4364771416e+02 1.1302873090e+06
3.4423701455e+02 1.1326619911e+06
3.4402456339e+02 1.1348176196e+06
3.4384512911e+02 1.1384277204e+06
3.4381543071e+02 1.1419948190e+06
3.4312731692e+02 1.1452078322e+06
3.4397709045e+02 1.1488945870e+06
3.4375165145e+02 1.1507134330e+06
3.4384926767e+02 1.1518633902e+06
3.4386263079e+02 1.1547082681e+06
3.4398298890e+02 1.1575606544e+06
3.4418050026e+02 1.1602838475e+06
3.4433533093e+02 1.1607613324e+06
3.4440961989e+02 1.1630117970e+06
3.4463184095e+02 1.1655967918e+06
3.4481657975e+02 1.1681854349e+06
3.4495754759e+02 1.1706040217e+06
3.4505740775e+02 1.1730495952e+06
3.4487834201e+02 1.1761827223e+06
3.4436787706e+02 1.1782368596e+06
3.4407893788e+02 1.1798391396e+06
3.4397197653e+02 1.1815355231e+06
3.4413578431e+02 1.1841131487e+06
3.4455019376e+02 1.1859665872e+06
3.4409490721e+02 1.1967661950e+06
3.4396650749e+02 1.1978907945e+06
3.4415524545e+02 1.1991186818e+06
3.4533295986e+02 1.2092851587e+06
3.4533155153e+02 1.2113407771e+06
3.4540945954e+02 1.2127772429e+06
3.4491204226e+02 1.2159624569e+06
3.4529548797e+02 1.2180464567e+06
3.4524682026e+02 1.2214701141e+06
3.4529008732e+02 1.2227310981e+06
3.4517353817e+02 1.2250487199e+06
3.4489886388e+02 1.2282852017e+06
3.4506307965e+02 1.2297747421e+06
3.4490953756e+02 1.2324824746e+06
3.4471639642e+02 1.2361250182e+06
3.4450646302e+02 1.2380219651e+06
3.4420975617e+02 1.2416560647e+06
3.4424998359e+02 1.2432544817e+06
3.4474856851e+02 1.2474145046e+06
3.4452477821e+02 1.2524619231e+06
3.4433484215e+02 1.2554564917e+06
3.4473551571e+02 1.2561714035e+06
3.4421427241e+02 1.2590900244e+06
3.4424997233e+02 1.2608883129e+06
3.4448530747e+02 1.2631887209e+06
3.4462665674e+02 1.2685303713e+06
3.4519844709e+02 1.2768455659e+06
3.4509599284e+02 1.2857675820e+06
3.4467314842e+02 1.2899470867e+06
3.4471436444e+02 1.3005757688e+06
3.4497496579e+02 1.3010986410e+06
3.4486330139e+02 1.3084753339e+06
3.4473456215e+02 1.3173146922e+06
3.4480046763e+02 1.3200781961e+06
3.4481304212e+02 1.3256240292e+06
3.4494739863e+02 1.3340222098e+06
3.4503447752e+02 1.3386172588e+06
3.4571300492e+02 1.3431811432e+06
3.4531643188e+02 1.3451420327e+06
3.4549541412e+02 1.3486960759e+06
3.4568123387e+02 1.3542304024e+06
3.4579228381e+02 1.3585994076e+06
3.4661153473e+02 1.3644445362e+06
3.4708213824e+02 1.3662898803e+06
3.4673636337e+02 1.3707162006e+06
3.4770904774e+02 1.3794322178e+06
3.4821055866e+02 1.3797868524e+06
3.4820162574e+02 1.3821648485e+06
3.4768809537e+02 1.3841231641e+06
3.4707739555e+02 1.3919715399e+06
3.4775937617e+02 1.3952712316e+06
3.4805922981e+02 1.3954462708e+06
3.4783126494e+02 1.3982226187e+06
3.4604985888e+02 1.4079684625e+06
3.4630062371e+02 1.4189149191e+06
3.4827503088e+02 1.4273026297e+06
3.4850561559e+02 1.4298997033e+06
3.4798378196e+02 1.4330684542e+06
3.4791201860e+02 1.4339146555e+06
3.4648708305e+02 1.4379964628e+06
3.4858895410e+02 1.4435248279e+06
3.4861653646e+02 1.4451886176e+06
3.4749953745e+02 1.4482136798e+06
3.4658377272e+02 1.4520001315e+06
3.4685231512e+02 1.4615221650e+06
3.4778262751e+02 1.4661841263e+06
3.4815896317e+02 1.4681345991e+06
3.4834218598e+02 1.4699863136e+06
3.4867317456e+02 1.4724927320e+06
3.4827269842e+02 1.4746484765e+06
3.4842419599e+02 1.4781972421e+06
3.4826791073e+02 1.4789368585e+06
3.4716616922e+02 1.4841934606e+06
3.4870507309e+02 1.4871680731e+06
3.4863581724e+02 1.4883298794e+06
3.4745344135e+02 1.4913505688e+06
3.4833200404e+02 1.4927421866e+06
3.4862481554e+02 1.4955754607e+06
3.4848912922e+02 1.4968249010e+06
3.4855179688e+02 1.5000523460e+06
3.4810168733e+02 1.5013704209e+06
3.4776456354e+02 1.5067056411e+06
3.4721497556e+02 1.5089970669e+06
3.4802435162e+02 1.5110374578e+06
3.4831887188e+02 1.5150439840e+06
3.4854576839e+02 1.5193405956e+06
3.4827158090e+02 1.5208282696e+06
3.4750066813e+02 1.5225324538e+06
3.4855807704e+02 1.5272462060e+06
3.4859632009e+02 1.5301105736e+06
3.4876965386e+02 1.5310350762e+06
3.4861414033e+02 1.5335047614e+06
3.4853199502e+02 1.5366646146e+06
3.4877212989e+02 1.5396536836e+06
3.4865078694e+02 1.5405758382e+06
3.4866553976e+02 1.5461058853e+06
3.4867995482e+02 1.5480044627e+06
3.4870391263e+02 1.5505125611e+06
3.4783643148e+02 1.5531813987e+06
3.4877401465e+02 1.5588077055e+06
3.4889376352e+02 1.5604345059e+06
3.4810060955e+02 1.5638395721e+06
3.4888595099e+02 1.5677580450e+06
3.4886118948e+02 1.5707092001e+06
3.4887431342e+02 1.5723310798e+06
3.4887547411e+02 1.5737045704e+06
3.4905460372e+02 1.5778966726e+06
3.4837168794e+02 1.5809455621e+06
3.4950144164e+02 1.5835678454e+06
3.4949256695e+02 1.5849600014e+06
3.4858269473e+02 1.5884116711e+06
3.4905696597e+02 1.5899632459e+06
3.4953993016e+02 1.5930228534e+06
3.4954753414e+02 1.5938167100e+06
3.4876682226e+02 1.5978263097e+06
3.4889395608e+02 1.6022531976e+06
3.4905038424e+02 1.6037778093e+06
3.4897712186e+02 1.6067464466e+06
3.4902399150e+02 1.6081948475e+06
3.4965749172e+02 1.6113168126e+06
3.4967260487e+02 1.6127697726e+06
3.4969186151e+02 1.6141438689e+06
3.4972205358e+02 1.6182790251e+06
3.4970342285e+02 1.6189171831e+06
3.4973275335e+02 1.6228658622e+06
3.4974131212e+02 1.6250118388e+06
3.4983828367e+02 1.6275219114e+06
3.4976740056e+02 1.6285564075e+06
3.4980648156e+02 1.6309258471e+06
3.4979498425e+02 1.6326257091e+06
3.4981258592e+02 1.6355736021e+06
3.4982441200e+02 1.6369794654e+06
3.4984879801e+02 1.6397719732e+06
3.4986105644e+02 1.6420657563e+06
3.4987437472e+02 1.6441243149e+06
3.4988710202e+02 1.6467437704e+06
3.4992557458e+02 1.6479752032e+06
3.4991198614e+02 1.6507185775e+06
3.4994946200e+02 1.6530081161e+06
3.4993905049e+02 1.6550786021e+06
3.4997430175e+02 1.6572143738e+06
3.4997654572e+02 1.6612596647e+06
3.4998637011e+02 1.6633852070e+06
3.5000666046e+02 1.6656923783e+06
3.5003784595e+02 1.6682372776e+06
3.5002258406e+02 1.6691759297e+06
3.5004590838e+02 1.6715460991e+06
3.5005087171e+02 1.6734920034e+06
3.5007215056e+02 1.6765340574e+06
3.5008696501e+02 1.6784224262e+06
3.5011461932e+02 1.6816184944e+06
3.5011199594e+02 1.6818891279e+06
3.5015695727e+02 1.6848702232e+06
3.5014078570e+02 1.6865911816e+06
3.5018635611e+02 1.6902565566e+06
3.5017744177e+02 1.6924179606e+06
3.5018111913e+02 1.6932712029e+06
3.5035651163e+02 1.6963285630e+06
3.5021403294e+02 1.6980762907e+06
3.5022919310e+02 1.7011776041e+06
3.5026037350e+02 1.7037442114e+06
3.5025742166e+02 1.7044262893e+06
3.5027077312e+02 1.7079885088e+06
3.5029593868e+02 1.7093054476e+06
3.5030289653e+02 1.7113915510e+06
3.5033240836e+02 1.7146723325e+06
3.5032809472e+02 1.7167144937e+06
3.5034576315e+02 1.7190449132e+06
3.5035702282e+02 1.7202311866e+06
3.5037654547e+02 1.7235981036e+06
3.5041356097e+02 1.7264413308e+06
3.5040920790e+02 1.7280114983e+06
3.5046301854e+02 1.7305635232e+06
3.5044314962e+02 1.7317881982e+06
3.5046062465e+02 1.7356062460e+06
3.5050359228e+02 1.7367306506e+06
3.5046963762e+02 1.7383659605e+06
3.5050411576e+02 1.7408972460e+06
3.5053625749e+02 1.7429436015e+06
3.5051834565e+02 1.7465938705e+06
3.5055313376e+02 1.7488881787e+06
3.5058030968e+02 1.7515597368e+06
3.5055588226e+02 1.7526679793e+06
3.5060703855e+02 1.7553248823e+06
3.5058460207e+02 1.7570419168e+06
3.5060529215e+02 1.7598734483e+06
3.5061901740e+02 1.7614161087e+06
3.5064205415e+02 1.7638536190e+06
3.5065971630e+02 1.7658656974e+06
3.5075296022e+02 1.7695601455e+06
3.5070872213e+02 1.7715779811e+06
3.5069873030e+02 1.7727551828e+06
3.5071520646e+02 1.7764353861e+06
3.5074196761e+02 1.7775678617e+06
3.5074882878e+02 1.7808872002e+06
3.5114818647e+02 1.7825101383e+06
3.5078615952e+02 1.7838526021e+06
3.5077043167e+02 1.7857848742e+06
3.5083759751e+02 1.7889639001e+06
3.5085904582e+02 1.7906131119e+06
3.5081273561e+02 1.7928198989e+06
3.5085198800e+02 1.7946148525e+06
3.5084434337e+02 1.7977848835e+06
3.5086686507e+02 1.8009591136e+06
3.5088201929e+02 1.8027001445e+06
3.5097341421e+02 1.8049952999e+06
3.5091849200e+02 1.8068446193e+06
3.5097126558e+02 1.8083233433e+06
3.5095031914e+02 1.8125422231e+06
3.5097432509e+02 1.8139991534e+06
3.5103444927e+02 1.8160392888e+06
3.5099780572e+02 1.8176671117e+06
3.5105295062e+02 1.8196969410e+06
3.5104037899e+02 1.8222948252e+06
3.5102055298e+02 1.8244121207e+06
3.5113318932e+02 1.8281644679e+06
3.5110293913e+02 1.8288503172e+06
3.5107037860e+02 1.8326350796e+06
3.5109414449e+02 1.8331320049e+06
3.5114015853e+02 1.8373335507e+06
3.5110744757e+02 1.8386260000e+06
3.5114985884e+02 1.8397906621e+06
3.5113258003e+02 1.8423092585e+06
3.5114955237e+02 1.8443806493e+06
3.5119260501e+02 1.8478495345e+06
3.5124303611e+02 1.8508573857e+06
3.5120219775e+02 1.8523154259e+06
3.5128768531e+02 1.8535256390e+06
3.5125750901e+02 1.8573882437e+06
3.5124913232e+02 1.8594619905e+06
3.5138547705e+02 1.8616504729e+06
3.5129995864e+02 1.8632492014e+06
3.5128341053e+02 1.8650585597e+06
3.5134356542e+02 1.8703096728e+06
3.5138775636e+02 1.8730039402e+06
3.5134561793e+02 1.8751030349e+06
3.5141311334e+02 1.8787728826e+06
3.5138650972e+02 1.8814468159e+06
3.5141475060e+02 1.8843316879e+06
3.5141315565e+02 1.8854156060e+06
3.5142966952e+02 1.8874854215e+06
3.5149421274e+02 1.8915434549e+06
3.5152665437e+02 1.8921147864e+06
3.5163105108e+02 1.8953228693e+06
3.5160773774e+02 1.8974035774e+06
3.5158630801e+02 1.8991666292e+06
3.5157612940e+02 1.9011366091e+06
3.5153607477e+02 1.9039825535e+06
3.5161605479e+02 1.9052805071e+06
3.5201248748e+02 1.9094337660e+06
3.5164148415e+02 1.9107848253e+06
3.5186492289e+02 1.9122906109e+06
3.5161174803e+02 1.9153359594e+06
3.5174230424e+02 1.9181267854e+06
3.5168360221e+02 1.9206468021e+06
3.5174037265e+02 1.9220492187e+06
3.5164823232e+02 1.9238683416e+06
3.5179779466e+02 1.9265452048e+06
3.5169640291e+02 1.9284347900e+06
3.5171346705e+02 1.9309508129e+06
3.5181045218e+02 1.9322890669e+06
3.5211591477e+02 1.9359237287e+06
3.5202207768e+02 1.9382007697e+06
3.5184150836e+02 1.9393630759e+06
3.5190929210e+02 1.9414657705e+06
3.5224318910e+02 1.9449129375e+06
3.5180279238e+02 1.9457479609e+06
3.5195704671e+02 1.9480122928e+06
3.5189555861e+02 1.9523101231e+06
3.5199054589e+02 1.9563634327e+06
3.5191876136e+02 1.9581351570e+06
3.5208326151e+02 1.9592331453e+06
3.5191027466e+02 1.9631122362e+06
3.5202124127e+02 1.9641775258e+06
3.5196363028e+02 1.9674845293e+06
3.5195925592e+02 1.9684091779e+06
3.5196393650e+02 1.9709962183e+06
3.5199166069e+02 1.9757891343e+06
3.5200135435e+02 1.9775299501e+06
3.5200083277e+02 1.9802428727e+06
3.5205234596e+02 1.9822612647e+06
3.5221201190e+02 1.9860209232e+06
3.5210841018e+02 1.9872478500e+06
3.5228066105e+02 1.9885463887e+06
3.5235021313e+02 1.9911876783e+06
3.5208884721e+02 1.9943151287e+06
3.5241276331e+02 1.9964195765e+06
3.5215781471e+02 1.9983665429e+06
3.5213356570e+02 1.9998511206e+06
3.5228207905e+02 2.0037093820e+06
3.5246976910e+02 2.0065128237e+06
3.5217869263e+02 2.0073440998e+06
3.5250618559e+02 2.0100534895e+06
3.5220044466e+02 2.0130133119e+06
3.5248442277e+02 2.0142743432e+06
3.5222198907e+02 2.0158542352e+06
3.5220809488e+02 2.0187712224e+06
3.5224293286e+02 2.0218584605e+06
3.5225769580e+02 2.0239366081e+06
3.5226605567e+02 2.0246760127e+06
3.5257528746e+02 2.0283546157e+06
3.5237149493e+02 2.0294069977e+06
3.5240279125e+02 2.0330442091e+06
3.5237352732e+02 2.0355290692e+06
3.5239629095e+02 2.0377594154e+06
3.5266088827e+02 2.0401306707e+06
3.5270557568e+02 2.0426167812e+06
3.5228850125e+02 2.0434660903e+06
3.5241859897e+02 2.0456887311e+06
3.5271187119e+02 2.0482256235e+06
3.5276053470e+02 2.0509377019e+06
3.5244175544e+02 2.0534442167e+06
3.5241326294e+02 2.0575867822e+06
3.5246598060e+02 2.0606987318e+06
3.5269134261e+02 2.0628040288e+06
3.5241847613e+02 2.0634265925e+06
3.5249167532e+02 2.0673763426e+06
3.5249364149e+02 2.0695062346e+06
3.5274123830e+02 2.0715063953e+06
3.5251734087e+02 2.0733567858e+06
3.5299105115e+02 2.0745670060e+06
3.5253804967e+02 2.0779737283e+06
3.5254590550e+02 2.0800634016e+06
3.5274147310e+02 2.0818760429e+06
3.5284946724e+02 2.0848664106e+06
3.5310716641e+02 2.0871078694e+06
3.5332161371e+02 2.0894178429e+06
3.5276279065e+02 2.0912125499e+06
3.5292023627e+02 2.0925489319e+06
3.5285958184e+02 2.0960481167e+06
3.5255996223e+02 2.0984175814e+06
3.5278322440e+02 2.1001766548e+06
3.5307424132e+02 2.1029947338e+06
3.5301359054e+02 2.1056360664e+06
3.5303210931e+02 2.1074199915e+06
3.5280369577e+02 2.1089477590e+06
3.5314790878e+02 2.1105410953e+06
3.5265806899e+02 2.1126763709e+06
3.5267728901e+02 2.1159145254e+06
3.5310234937e+02 2.1183776098e+06
3.5308568851e+02 2.1198948511e+06
3.5274869638e+02 2.1230715214e+06
3.5283004685e+02 2.1240236506e+06
3.5282555701e+02 2.1285160981e+06
3.5281104467e+02 2.1312786438e+06
3.5315757913e+02 2.1339028868e+06
3.5307636808e+02 2.1352974150e+06
3.5337584800e+02 2.1387661523e+06
3.5323526526e+02 2.1403085354e+06
3.5324330114e+02 2.1435547877e+06
3.5286196574e+02 2.1456049686e+06
3.5323027285e+02 2.1474288881e+06
3.5314819206e+02 2.1495082478e+06
3.5326411921e+02 2.1521864012e+06
3.5348380567e+02 2.1540194523e+06
3.5331705012e+02 2.1573673964e+06
3.5337416309e+02 2.1598456793e+06
3.5330767196e+02 2.1622162425e+06
3.5321691040e+02 2.1636311607e+06
3.5325525023e+02 2.1654623360e+06
3.5306822015e+02 2.1680070632e+06
3.5355745222e+02 2.1689967241e+06
3.5313071926e+02 2.1713719623e+06
3.5320798336e+02 2.1735598118e+06
3.5330676498e+02 2.1766090916e+06
3.5328735297e+02 2.1786049945e+06
3.5296486609e+02 2.1810247490e+06
3.5363035953e+02 2.1835814004e+06
3.5385426703e+02 2.1847968784e+06
3.5331036170e+02 2.1881050702e+06
3.5355910425e+02 2.1893611312e+06
3.5335549568e+02 2.1936877067e+06
3.5338965302e+02 2.1957846465e+06
3.5354332462e+02 2.1963812171e+06
3.5324232091e+02 2.1995856167e+06
3.5300894694e+02 2.2036183999e+06
3.5309517311e+02 2.2064821149e+06
3.5319680981e+02 2.2082545203e+06
3.5345401015e+02 2.2115773940e+06
3.5353514152e+02 2.2135527863e+06
3.5319157329e+02 2.2144021940e+06
3.5288187492e+02 2.2166029663e+06
3.5362271720e+02 2.2194922264e+06
3.5374604377e+02 2.2209766100e+06
3.5360426033e+02 2.2248319870e+06
3.5349018577e+02 2.2257957056e+06
3.5351722559e+02 2.2282618348e+06
3.5382351312e+02 2.2301162336e+06
3.5386128860e+02 2.2324480310e+06
3.5370036466e+02 2.2366049063e+06
3.5377652806e+02 2.2369776522e+06
3.5406884469e+02 2.2405410658e+06
3.5355911759e+02 2.2428585687e+06
3.5357661469e+02 2.2453302583e+06
3.5377375399e+02 2.2466945793e+06
3.5393859117e+02 2.2496714000e+06
3.5376845036e+02 2.2511766327e+06
3.5377644569e+02 2.2540000737e+06
3.5385742074e+02 2.2547809535e+06
3.5414976576e+02 2.2586451733e+06
3.5363449711e+02 2.2604489465e+06
3.5363715206e+02 2.2633750581e+06
3.5385044033e+02 2.2645267050e+06
3.5401963600e+02 2.2680313972e+06
3.5365793621e+02 2.2694812074e+06
3.5385393103e+02 2.2724007756e+06
3.5393740178e+02 2.2729211724e+06
3.5423057475e+02 2.2771720914e+06
3.5372434321e+02 2.2791502901e+06
3.5381832076e+02 2.2812094060e+06
3.5370160027e+02 2.2820691269e+06
3.5406880041e+02 2.2840539137e+06
3.5410038279e+02 2.2867839689e+06
3.5432834571e+02 2.2887594126e+06
3.5393058871e+02 2.2912856042e+06
3.5426624134e+02 2.2949189139e+06
3.5431455478e+02 2.2968251573e+06
3.5383127081e+02 2.2986540951e+06
3.5377807869e+02 2.3020552514e+06
3.5400647217e+02 2.3028091377e+06
3.5426788180e+02 2.3059140396e+06
3.5418419903e+02 2.3066447787e+06
3.5401142460e+02 2.3112236661e+06
3.5397808325e+02 2.3177787352e+06
3.5395996360e+02 2.3200144967e+06
3.5398670136e+02 2.3211167953e+06
3.5386735394e+02 2.3230714815e+06
3.5435366067e+02 2.3264306667e+06
3.5426870047e+02 2.3270923974e+06
3.5450287375e+02 2.3298078449e+06
3.5409803349e+02 2.3318463740e+06
3.5463935680e+02 2.3355662850e+06
3.5470644393e+02 2.3375524685e+06
3.5407080681e+02 2.3393017415e+06
3.5408852385e+02 2.3425827423e+06
3.5417626364e+02 2.3445555048e+06
3.5397289447e+02 2.3462876943e+06
3.5435830022e+02 2.3486569775e+06
3.5459919973e+02 2.3516820363e+06
3.5419643397e+02 2.3537074778e+06
3.5428247155e+02 2.3541356925e+06
3.5417532419e+02 2.3618440573e+06
3.5469018654e+02 2.3648915984e+06
3.5420482853e+02 2.3659624104e+06
3.5427751201e+02 2.3688494094e+06
3.5408801608e+02 2.3708645373e+06
3.5457343089e+02 2.3721545265e+06
3.5430511984e+02 2.3764268026e+06
3.5426340728e+02 2.3766246676e+06
3.5447841254e+02 2.3797360267e+06
3.5403998458e+02 2.3825660276e+06
3.5398402662e+02 2.3849100668e+06
3.5414578356e+02 2.3867045507e+06
3.5425951850e+02 2.3891933044e+06
3.5377063670e+02 2.3901378106e+06
3.5386113534e+02 2.3939745484e+06
3.5396680673e+02 2.3962538857e+06
3.5407342858e+02 2.3970036054e+06
3.5392732058e+02 2.4004937273e+06
3.5427685684e+02 2.4014068216e+06
3.5408367360e+02 2.4055653070e+06
3.5359783304e+02 2.4066269311e+06
3.5441980359e+02 2.4121124063e+06
3.5465042971e+02 2.4142544876e+06
3.5450602735e+02 2.4156441178e+06
3.5447048382e+02 2.4185993363e+06
3.5455250408e+02 2.4259519865e+06
3.5436965901e+02 2.4304705914e+06
3.5467230963e+02 2.4345540818e+06
3.5471733778e+02 2.4356890297e+06
3.5477326877e+02 2.4391650109e+06
3.5456356674e+02 2.4419100312e+06
3.5479667003e+02 2.4437405514e+06
3.5461106692e+02 2.4461874256e+06
3.5474784969e+02 2.4502418400e+06
3.5469176563e+02 2.4540796420e+06
3.5506171220e+02 2.4598108540e+06
3.5479680532e+02 2.4601815983e+06
3.5489723213e+02 2.4641864359e+06
3.5494419419e+02 2.4678034090e+06
3.5470531663e+02 2.4709090106e+06
3.5458093782e+02 2.4765855611e+06
3.5482531203e+02 2.4808693124e+06
3.5480112918e+02 2.4864989369e+06
3.5492761564e+02 2.4875335961e+06
3.5502405229e+02 2.4902316836e+06
3.5504722296e+02 2.4955664524e+06
3.5490072920e+02 2.4976683212e+06
3.5532951152e+02 2.5019326306e+06
3.5500560694e+02 2.5029691962e+06
3.5473764973e+02 2.5109969338e+06
3.5489599400e+02 2.5128132495e+06
3.5514157624e+02 2.5148527017e+06
3.5498974225e+02 2.5168004390e+06
3.5516497112e+02 2.5206350118e+06
3.5551939339e+02 2.5255716877e+06
3.5545045108e+02 2.5296607090e+06
3.5505813054e+02 2.5332021299e+06
3.5499408571e+02 2.5356925101e+06
3.5540386105e+02 2.5387245722e+06
3.5525430068e+02 2.5410111494e+06
3.5517547838e+02 2.5431297132e+06
3.5518014930e+02 2.5435556165e+06
3.5511299553e+02 2.5471327640e+06
3.5520921842e+02 2.5518740341e+06
3.5529392246e+02 2.5526335508e+06
3.5637210199e+02 2.6043211346e+06
3.5636469175e+02 2.6043214429e+06
3.5594917650e+02 2.6166074889e+06
3.5584306337e+02 2.6267590202e+06
3.5550863192e+02 2.6341241132e+06
3.5570201962e+02 2.6421267637e+06
3.5524981241e+02 2.6447315133e+06
3.5563441227e+02 2.6475213047e+06
3.5531761426e+02 2.6506879941e+06
3.5540480289e+02 2.6532875193e+06
3.5569503975e+02 2.6578690422e+06
3.5561481501e+02 2.6620808333e+06
3.5553460884e+02 2.6658805434e+06
3.5546397828e+02 2.6691179735e+06
3.5539415618e+02 2.6716512617e+06
3.5518655653e+02 2.6742331958e+06
}