Pressao_entrada 1198330
Pressao_saida 101300.0
Velocidade_angular 1083.84946425
Temperatura 343.771012037


Ri 0.0875
Rg 0.0979
Rm 0.1035
Ro 0.1095
h 3e-06
hg 5e-06
beta1 2.29
beta2 1
N 10

n_r_1 25
n_r_2 25
n_r_3 25
n_t_1 20
n_t_2 20
n_t_3 20
n_t_4 20
n_t_5 20
n_z_h 10
n_z_hg 10

nCells 9.5000000000e+04
minVol 1.1767719988e-03
maxVol 2.3365155688e-02
totVol 5.7835457822e+02

min_U 0.0000000000e+00
max_U 1.1855145440e+02
min_Rho 8.5637197664e-01
max_Rho 1.7013553896e+01
min_P 1.0130000000e+05
max_P 1.9523592179e+06
min_T 3.3813031082e+02
max_T 3.5046310375e+02
Force 1.4327965398e+03
Shear 1.8159367471e+03
Inlet_Flow -6.9454213188e-06
Outlet_Flow 6.9420700321e-06
Sum_Flow -3.3512867025e-09
Perc_flow 1.2805377881e-01

T_crit 275.013329195
P_crit 12742463.5102
satSize 200
composition methane_0.711759/ethane_0.123199/n-propane_0.081155/isobutane_0.004940/n-butane_0.035894/isopentane_0.002823/n-pentane_0.013712/n-hexane_0.008469/n-heptane_0.004840/n-octane_0.001210/n-nonane_0.000202/n-decane_0.000000/nitrogen_0.005747/co2_0.006050


SaturationCurve
{
2.7404950042e+02 1.0130000000e+05
2.8814529671e+02 2.4175737234e+05
2.9625622464e+02 3.8221474467e+05
3.0207372040e+02 5.2267211701e+05
3.0664385472e+02 6.6312948934e+05
3.1042060261e+02 8.0358686168e+05
3.1364393464e+02 9.4404423401e+05
3.1645651518e+02 1.0845016064e+06
3.1895022975e+02 1.2249589787e+06
3.2118788012e+02 1.3654163510e+06
3.2321441674e+02 1.5058737234e+06
3.2506321567e+02 1.6463310957e+06
3.2675980481e+02 1.7867884680e+06
3.2832418967e+02 1.9272458404e+06
3.2977236772e+02 2.0677032127e+06
3.3111735066e+02 2.2081605850e+06
3.3236987591e+02 2.3486179574e+06
3.3353891526e+02 2.4890753297e+06
3.3463204670e+02 2.6295327020e+06
3.3565573192e+02 2.7699900744e+06
3.3661552686e+02 2.9104474467e+06
3.3751624417e+02 3.0509048191e+06
3.3836208010e+02 3.1913621914e+06
3.3915671499e+02 3.3318195637e+06
3.3990339367e+02 3.4722769361e+06
3.4060499045e+02 3.6127343084e+06
3.4126406213e+02 3.7531916807e+06
3.4188289163e+02 3.8936490531e+06
3.4246352415e+02 4.0341064254e+06
3.4300779731e+02 4.1745637977e+06
3.4351736650e+02 4.3150211701e+06
3.4399372632e+02 4.4554785424e+06
3.4443822875e+02 4.5959359147e+06
3.4485209868e+02 4.7363932871e+06
3.4523644718e+02 4.8768506594e+06
3.4559228303e+02 5.0173080318e+06
3.4592052253e+02 5.1577654041e+06
3.4622199814e+02 5.2982227764e+06
3.4649746589e+02 5.4386801488e+06
3.4674761184e+02 5.5791375211e+06
3.4697305779e+02 5.7195948934e+06
3.4717436616e+02 5.8600522658e+06
3.4735204431e+02 6.0005096381e+06
3.4750654831e+02 6.1409670104e+06
3.4763828617e+02 6.2814243828e+06
3.4774762070e+02 6.4218817551e+06
3.4783487197e+02 6.5623391274e+06
3.4790031940e+02 6.7027964998e+06
3.4794420354e+02 6.8432538721e+06
3.4796672757e+02 6.9837112445e+06
3.4796805853e+02 7.1241686168e+06
3.4794832825e+02 7.2646259891e+06
3.4790763412e+02 7.4050833615e+06
3.4784603952e+02 7.5455407338e+06
3.4776357413e+02 7.6859981061e+06
3.4766023390e+02 7.8264554785e+06
3.4753598084e+02 7.9669128508e+06
3.4739074259e+02 8.1073702231e+06
3.4722441167e+02 8.2478275955e+06
3.4703684455e+02 8.3882849678e+06
3.4682786031e+02 8.5287423401e+06
3.4659723913e+02 8.6691997125e+06
3.4634472029e+02 8.8096570848e+06
3.4606999991e+02 8.9501144572e+06
3.4577272813e+02 9.0905718295e+06
3.4545250592e+02 9.2310292018e+06
3.4510888120e+02 9.3714865742e+06
3.4474134438e+02 9.5119439465e+06
3.4434932307e+02 9.6524013188e+06
3.4393217594e+02 9.7928586912e+06
3.4348918549e+02 9.9333160635e+06
3.4301954944e+02 1.0073773436e+07
3.4252237073e+02 1.0214230808e+07
3.4199664552e+02 1.0354688181e+07
3.4144124895e+02 1.0495145553e+07
3.4085491804e+02 1.0635602925e+07
3.4023623109e+02 1.0776060298e+07
3.3958358263e+02 1.0916517670e+07
3.3889515274e+02 1.1056975042e+07
3.3816886914e+02 1.1197432415e+07
3.3740235982e+02 1.1337889787e+07
3.3659289331e+02 1.1478347159e+07
3.3573730224e+02 1.1618804532e+07
3.3483188422e+02 1.1759261904e+07
3.3387227125e+02 1.1899719276e+07
3.3285325430e+02 1.2040176649e+07
3.3176854294e+02 1.2180634021e+07
3.3061042766e+02 1.2321091393e+07
3.2936929160e+02 1.2461548766e+07
3.2803288059e+02 1.2602006138e+07
3.2658516578e+02 1.2742463510e+07
3.2500448017e+02 1.2882920883e+07
3.2326026461e+02 1.3023378255e+07
3.2130689138e+02 1.3163835627e+07
3.1907051905e+02 1.3304293000e+07
3.1641595513e+02 1.3444750372e+07
3.1303553826e+02 1.3585207744e+07
3.0771330963e+02 1.3725665117e+07
3.0771330963e+02 1.3725665115e+07
3.0576871708e+02 1.3753740692e+07
3.0382412454e+02 1.3769857542e+07
3.0187953199e+02 1.3774260573e+07
2.9993493944e+02 1.3767167021e+07
2.9799034690e+02 1.3748775280e+07
2.9604575435e+02 1.3719272514e+07
2.9410116180e+02 1.3678840999e+07
2.9215656926e+02 1.3627663214e+07
2.9021197671e+02 1.3565925714e+07
2.8826738416e+02 1.3493821911e+07
2.8632279162e+02 1.3411554005e+07
2.8437819907e+02 1.3319334544e+07
2.8243360652e+02 1.3217388716e+07
2.8048901398e+02 1.3105961066e+07
2.7854442143e+02 1.2985344935e+07
2.7465523634e+02 1.2713900700e+07
2.7271064379e+02 1.2568259556e+07
2.7076605125e+02 1.2413108534e+07
2.6882145870e+02 1.2249685475e+07
2.6687686615e+02 1.2078414191e+07
2.6493227361e+02 1.1899603264e+07
2.6298768106e+02 1.1713544624e+07
2.6104308851e+02 1.1520532700e+07
2.5909849597e+02 1.1320871590e+07
2.5715390342e+02 1.1114879446e+07
2.5520931087e+02 1.0902892166e+07
2.5326471833e+02 1.0685266849e+07
2.5132012578e+02 1.0462385096e+07
2.4937553323e+02 1.0234655949e+07
2.4743094069e+02 1.0002518179e+07
2.4548634814e+02 9.7664414764e+06
2.4354175559e+02 9.5269259231e+06
2.4159716305e+02 9.2844992378e+06
2.3965257050e+02 9.0397113515e+06
2.3770797795e+02 8.7931263445e+06
2.3576338541e+02 8.5453123460e+06
2.3381879286e+02 8.2968306074e+06
2.3187420031e+02 8.0482252765e+06
2.2992960777e+02 7.8000152363e+06
2.2798501522e+02 7.5526887571e+06
2.2604042267e+02 7.3067009548e+06
2.2409583013e+02 7.0624734542e+06
2.2215123758e+02 6.8203954100e+06
2.2020664503e+02 6.5808251206e+06
2.1826205249e+02 6.3440917212e+06
2.1631745994e+02 6.1104967156e+06
2.1437286739e+02 5.8803152964e+06
2.1242827485e+02 5.6537975052e+06
2.1048368230e+02 5.4311693094e+06
2.0853908975e+02 5.2126336595e+06
2.0659449721e+02 4.9983715673e+06
2.0464990466e+02 4.7885432205e+06
2.0270531211e+02 4.5832891300e+06
2.0076071957e+02 4.3827312968e+06
1.9881612702e+02 4.1869743774e+06
1.9687153447e+02 3.9961068280e+06
1.9492694193e+02 3.8102020084e+06
1.9298234938e+02 3.6293192308e+06
1.9103775683e+02 3.4535047457e+06
1.8909316429e+02 3.2827926587e+06
1.8714857174e+02 3.1172057780e+06
1.8520397919e+02 2.9567563931e+06
1.8325938665e+02 2.8014469876e+06
1.8131479410e+02 2.6512708888e+06
1.7937020155e+02 2.5062128593e+06
1.7742560901e+02 2.3662496351e+06
1.7548101646e+02 2.2313504147e+06
1.7353642391e+02 2.1014773051e+06
1.7159183137e+02 1.9765857294e+06
1.6964723882e+02 1.8566248000e+06
1.6770264627e+02 1.7415376622e+06
1.6575805373e+02 1.6312618110e+06
1.6381346118e+02 1.5257293864e+06
1.6186886863e+02 1.4248674481e+06
1.5992427609e+02 1.3285982339e+06
1.5797968354e+02 1.2368394047e+06
1.5603509099e+02 1.1495042780e+06
1.5409049845e+02 1.0665020519e+06
1.5214590590e+02 9.8773802345e+05
1.5020131335e+02 9.1311380111e+05
1.4825672081e+02 8.4252751468e+05
1.4631212826e+02 7.7587402381e+05
1.4436753571e+02 7.1304512681e+05
1.4242294317e+02 6.5392977166e+05
1.4047835062e+02 5.9841427050e+05
1.3853375808e+02 5.4638251947e+05
1.3658916553e+02 4.9771622509e+05
1.3464457298e+02 4.5229513862e+05
1.3269998044e+02 4.0999729960e+05
1.3075538789e+02 3.7069928971e+05
1.2881079534e+02 3.3427649778e+05
1.2686620280e+02 3.0060339678e+05
1.2492161025e+02 2.6955383339e+05
1.2297701770e+02 2.4100133047e+05
1.2103242516e+02 2.1481940266e+05
1.1908783261e+02 1.9088188505e+05
1.1714324006e+02 1.6906327458e+05
1.1519864752e+02 1.4923908353e+05
1.1325405497e+02 1.3128620418e+05
1.1130946242e+02 1.1508328347e+05
}

T_margin 20.3235063881
T_sat_margin 328.545870121
T_hull_margin 348.869376509
P_hull_margin 1948746.41041

caseHull
{
3.4458982517e+02 3.3226693042e+05
3.4459619706e+02 3.3409441758e+05
3.4460532746e+02 3.3633324766e+05
3.4461134870e+02 3.3777682203e+05
3.4461818039e+02 3.3940034825e+05
3.4462607240e+02 3.4125823751e+05
3.4463469509e+02 3.4328301984e+05
3.4464431481e+02 3.4552997547e+05
3.4465462266e+02 3.4793343798e+05
3.4466811122e+02 3.4857799374e+05
3.4466590346e+02 3.5055337814e+05
3.4467782556e+02 3.5332041342e+05
3.4469068719e+02 3.5629892898e+05
3.4470413822e+02 3.5941657906e+05
3.4471847135e+02 3.6273923632e+05
3.4473672059e+02 3.6350923711e+05
3.4473333958e+02 3.6619048509e+05
3.4475844869e+02 3.6829280809e+05
3.4472771587e+02 3.7094970629e+05
3.4472884046e+02 3.7129430906e+05
3.4473467071e+02 3.7277619002e+05
3.4474506370e+02 3.7526549251e+05
3.4475197530e+02 3.7688827566e+05
3.4475980691e+02 3.7871693989e+05
3.4476878863e+02 3.8079965954e+05
3.4478104746e+02 3.8180671332e+05
3.4477863589e+02 3.8307561099e+05
3.4478965441e+02 3.8561163700e+05
3.4481839940e+02 3.8584637096e+05
3.4480147934e+02 3.8833022399e+05
3.4482183644e+02 3.9058278393e+05
3.4481445978e+02 3.9130300236e+05
3.4478312086e+02 3.9302956357e+05
3.4478816890e+02 3.9384060391e+05
3.4479361770e+02 3.9572942843e+05
3.4480619854e+02 3.9868245967e+05
3.4487615325e+02 3.9912612468e+05
3.4481416732e+02 4.0052527936e+05
3.4482345843e+02 4.0265713262e+05
3.4483366489e+02 4.0499409364e+05
3.4484523501e+02 4.0563918249e+05
3.4484514734e+02 4.0761098373e+05
3.4489262997e+02 4.0914146084e+05
3.4485749346e+02 4.1042214697e+05
3.4487472079e+02 4.1191904336e+05
3.4487105633e+02 4.1350529254e+05
3.4488992189e+02 4.1517785440e+05
3.4488541420e+02 4.1676994445e+05
3.4491090297e+02 4.1968122099e+05
3.4490098626e+02 4.2030033117e+05
3.4494992749e+02 4.2218766702e+05
3.4491732946e+02 4.2400297124e+05
3.4498641522e+02 4.2614195950e+05
3.4497043825e+02 4.2685416245e+05
3.4493486347e+02 4.2796389284e+05
3.4490649531e+02 4.3084992686e+05
3.4490874349e+02 4.3153233655e+05
3.4491673820e+02 4.3346683718e+05
3.4492269850e+02 4.3486386994e+05
3.4493017173e+02 4.3658882011e+05
3.4493875676e+02 4.3855894678e+05
3.4495373169e+02 4.4036349726e+05
3.4494881768e+02 4.4084848790e+05
3.4495993741e+02 4.4337016610e+05
3.4508318716e+02 4.4537103265e+05
3.4497253434e+02 4.4621023640e+05
3.4511995061e+02 4.4782818509e+05
3.4498612199e+02 4.4926974820e+05
3.4503554776e+02 4.5061866461e+05
3.4500113172e+02 4.5263922880e+05
3.4512884995e+02 4.5469636192e+05
3.4496327237e+02 4.5610297622e+05
3.4496711083e+02 4.5713209549e+05
3.4497695907e+02 4.5946516313e+05
3.4498415360e+02 4.6112521475e+05
3.4499257174e+02 4.6305350172e+05
3.4500634953e+02 4.6468383886e+05
3.4500261824e+02 4.6533509280e+05
3.4501377457e+02 4.6786260588e+05
3.4507212778e+02 4.6854657879e+05
3.4502654004e+02 4.7073647749e+05
3.4509250431e+02 4.7310169241e+05
3.4504036612e+02 4.7384384621e+05
3.4505576379e+02 4.7728809723e+05
3.4513543071e+02 4.7928068824e+05
3.4507215752e+02 4.8095270309e+05
3.4508955842e+02 4.8231468844e+05
3.4513667340e+02 4.8295618870e+05
3.4509008607e+02 4.8494598680e+05
3.4510861154e+02 4.8640389344e+05
3.4510895932e+02 4.8914713954e+05
3.4525521472e+02 4.8956017462e+05
3.4513584650e+02 4.9221857111e+05
3.4507281289e+02 4.9388283868e+05
3.4507544720e+02 4.9463511253e+05
3.4508483225e+02 4.9684622456e+05
3.4509210634e+02 4.9850649213e+05
3.4510068444e+02 5.0045211776e+05
3.4523873296e+02 5.0131843591e+05
3.4511111130e+02 5.0279417298e+05
3.4512277415e+02 5.0540934200e+05
3.4528800721e+02 5.0602794257e+05
3.4513625800e+02 5.0841373628e+05
3.4535919391e+02 5.0961460284e+05
3.4515092980e+02 5.1167948445e+05
3.4529869580e+02 5.1341526879e+05
3.4516734994e+02 5.1532288745e+05
3.4517938104e+02 5.1592683939e+05
3.4525777126e+02 5.1837749664e+05
3.4518488946e+02 5.1921364381e+05
3.4512861642e+02 5.2214106816e+05
3.4513676903e+02 5.2417598165e+05
3.4514317310e+02 5.2564913966e+05
3.4515106744e+02 5.2744014226e+05
3.4516099746e+02 5.2966696570e+05
3.4516921296e+02 5.3029061033e+05
3.4517224364e+02 5.3218211545e+05
3.4518488740e+02 5.3353253487e+05
3.4518550377e+02 5.3512500540e+05
3.4526944967e+02 5.3790393305e+05
3.4520002470e+02 5.3834470832e+05
3.4521742920e+02 5.4039505480e+05
3.4521650720e+02 5.4198135955e+05
3.4523217591e+02 5.4358845501e+05
3.4523417932e+02 5.4588149790e+05
3.4539889222e+02 5.4754662320e+05
3.4525788214e+02 5.4898555895e+05
3.4525374751e+02 5.5018924555e+05
3.4539137834e+02 5.5141642821e+05
3.4527660082e+02 5.5302523202e+05
3.4527441352e+02 5.5474536053e+05
3.4547494044e+02 5.5605409179e+05
3.4537387575e+02 5.5755231589e+05
3.4522367632e+02 5.6034730275e+05
3.4522558990e+02 5.6083299245e+05
3.4523474107e+02 5.6296546158e+05
3.4524197799e+02 5.6460693299e+05
3.4525153550e+02 5.6673954415e+05
3.4540420317e+02 5.6762548365e+05
3.4526254575e+02 5.6919097368e+05
3.4527751753e+02 5.7133610282e+05
3.4527579693e+02 5.7211903114e+05
3.4543467140e+02 5.7428907707e+05
3.4529044279e+02 5.7535508277e+05
3.4531023576e+02 5.7826254423e+05
3.4530726534e+02 5.7905455915e+05
3.4546692920e+02 5.8125713038e+05
3.4532543689e+02 5.8304942384e+05
3.4550126956e+02 5.8457758565e+05
3.4556107115e+02 5.8576314959e+05
3.4534575659e+02 5.8749988339e+05
3.4542943139e+02 5.8886600061e+05
3.4527416344e+02 5.9131494282e+05
3.4527582097e+02 5.9173780672e+05
3.4528527779e+02 5.9391512590e+05
3.4529349533e+02 5.9574063144e+05
3.4530317611e+02 5.9789175343e+05
3.4530813420e+02 5.9811295609e+05
3.4531537761e+02 6.0057555560e+05
3.4549298814e+02 6.0257617462e+05
3.4532903761e+02 6.0358428511e+05
3.4543771946e+02 6.0538381943e+05
3.4534516034e+02 6.0711655810e+05
3.4544259214e+02 6.0872731558e+05
3.4552749590e+02 6.0987325351e+05
3.4536268182e+02 6.1095905915e+05
3.4538258168e+02 6.1531493793e+05
3.4556321779e+02 6.1732751433e+05
3.4564782241e+02 6.1847455604e+05
3.4540376518e+02 6.1996059187e+05
3.4541704621e+02 6.2113802990e+05
3.4542732182e+02 6.2511451049e+05
3.4568817380e+02 6.2623863984e+05
3.4553218815e+02 6.2821990634e+05
3.4535018322e+02 6.2973223694e+05
3.4535610530e+02 6.3111389986e+05
3.4536268329e+02 6.3257889612e+05
3.4537101013e+02 6.3442318553e+05
3.4547931609e+02 6.3647583471e+05
3.4538211477e+02 6.3685413675e+05
3.4539488047e+02 6.3964803127e+05
3.4540173240e+02 6.4028552022e+05
3.4358963318e+02 6.4238853124e+05
3.4349510400e+02 6.4409136840e+05
3.4365764617e+02 6.4577421576e+05
3.4341639579e+02 6.4740745260e+05
3.4347789833e+02 6.5028227975e+05
3.4335403650e+02 6.5235979262e+05
3.4342026613e+02 6.5629761677e+05
3.4330144395e+02 6.5886504167e+05
3.4339476390e+02 6.6564713338e+05
3.4308851512e+02 6.6631187075e+05
3.4265459205e+02 6.6983267263e+05
3.4335316307e+02 6.7965576323e+05
3.4431940737e+02 6.8087562751e+05
3.4548240947e+02 6.8321058210e+05
3.4581116609e+02 6.8461944772e+05
3.4560870702e+02 6.8561826136e+05
3.4550514993e+02 6.8810468937e+05
3.4551572374e+02 6.8922160906e+05
3.4594242437e+02 6.9150304378e+05
3.4552962174e+02 6.9331564389e+05
3.4585906398e+02 6.9358060905e+05
3.4577299947e+02 6.9674988219e+05
3.4566820706e+02 6.9722053818e+05
3.4315489961e+02 7.0065505734e+05
3.4549232545e+02 7.1231849747e+05
3.4563027577e+02 7.1373714327e+05
3.4551025686e+02 7.1616284739e+05
3.4551581914e+02 7.1663503464e+05
3.4565578141e+02 7.1938144135e+05
3.4553113351e+02 7.2000107765e+05
3.4365363069e+02 7.2203767605e+05
3.4354368758e+02 7.2384087698e+05
3.4372896354e+02 7.2491413923e+05
3.4345522844e+02 7.2669086477e+05
3.4339158744e+02 7.3042449779e+05
3.4345664368e+02 7.3385025146e+05
3.4324793864e+02 7.3474822789e+05
3.4269651173e+02 7.3914858081e+05
3.4321460768e+02 7.4252709020e+05
3.4310500588e+02 7.4831252120e+05
3.4375095878e+02 7.5434291678e+05
3.4354725214e+02 7.5661851147e+05
3.4282622484e+02 7.5812014789e+05
3.4332116318e+02 7.5914868693e+05
3.4345423396e+02 7.6013323499e+05
3.4319522239e+02 7.6286206556e+05
3.4344054846e+02 7.6321473419e+05
3.4275708669e+02 7.6565184414e+05
3.4268782604e+02 7.6882781611e+05
3.4307997506e+02 7.7001271294e+05
3.4300262541e+02 7.7180067027e+05
3.4260002906e+02 7.7417303910e+05
3.4303231408e+02 7.7591750737e+05
3.4277301864e+02 7.7764828397e+05
3.4315014344e+02 7.7933135921e+05
3.4353317930e+02 7.7957372768e+05
3.4281456662e+02 7.8135282014e+05
3.4292921924e+02 7.8284740784e+05
3.4301570291e+02 7.8493858332e+05
3.4293837393e+02 7.8598606036e+05
3.4326974538e+02 7.8797801233e+05
3.4290618915e+02 7.8970508200e+05
3.4304148466e+02 7.9380446108e+05
3.4274026366e+02 7.9542698573e+05
3.4318626401e+02 7.9743212978e+05
3.4354155056e+02 8.0005262623e+05
3.4312878871e+02 8.0149993987e+05
3.4367926006e+02 8.0237395420e+05
3.4333893643e+02 8.0494274779e+05
3.4320047937e+02 8.0588003788e+05
3.4328144863e+02 8.0799360593e+05
3.4343413794e+02 8.0910399242e+05
3.4365552217e+02 8.1171509205e+05
3.4326090714e+02 8.1296256835e+05
3.4374027237e+02 8.1369155824e+05
3.4350419440e+02 8.1591795458e+05
3.4293109576e+02 8.1789916867e+05
3.4326358951e+02 8.1880743669e+05
3.4295142661e+02 8.2059550507e+05
3.4288693459e+02 8.2190636474e+05
3.4303332878e+02 8.2417263349e+05
3.4295502387e+02 8.2603570079e+05
3.4304052610e+02 8.2879294544e+05
3.4317505248e+02 8.3057259360e+05
3.4297516694e+02 8.3202287569e+05
3.4322834125e+02 8.3328427968e+05
3.4375935502e+02 8.3576722672e+05
3.4342467594e+02 8.3663191959e+05
3.4328247821e+02 8.3805506243e+05
3.4293892782e+02 8.4028631721e+05
3.4321720998e+02 8.4192775468e+05
3.4331250649e+02 8.4373906410e+05
3.4289061027e+02 8.4656127514e+05
3.4317271928e+02 8.4786656197e+05
3.4325015658e+02 8.4934206302e+05
3.4332211326e+02 8.5109869130e+05
3.4323261193e+02 8.5250053488e+05
3.4315817418e+02 8.5452985125e+05
3.4286472459e+02 8.5716268366e+05
3.4289107945e+02 8.5718771398e+05
3.4351566899e+02 8.5985580117e+05
3.4342954484e+02 8.6164443109e+05
3.4308554061e+02 8.6239668816e+05
3.4344575734e+02 8.6398330255e+05
3.4284272208e+02 8.6615697883e+05
3.4328411319e+02 8.6744086562e+05
3.4348599336e+02 8.6982346689e+05
3.4328835144e+02 8.7091255364e+05
3.4313999413e+02 8.7320629678e+05
3.4332830694e+02 8.7710177898e+05
3.4287005681e+02 8.7937663908e+05
3.4344971925e+02 8.8147137611e+05
3.4330913251e+02 8.8227403022e+05
3.4313184049e+02 8.8341218009e+05
3.4348480757e+02 8.8558602610e+05
3.4333980454e+02 8.8942598912e+05
3.4288856722e+02 8.9092781303e+05
3.4350257690e+02 8.9329302576e+05
3.4313259327e+02 8.9469393721e+05
3.4337637867e+02 8.9664555110e+05
3.4347406946e+02 8.9831250797e+05
3.4338163991e+02 8.9954176829e+05
3.4365688690e+02 9.0174381205e+05
3.4338476576e+02 9.0391759310e+05
3.4312854275e+02 9.0572030935e+05
3.4287625338e+02 9.0718672893e+05
3.4340124896e+02 9.0885444294e+05
3.4347733995e+02 9.1002393347e+05
3.4345423066e+02 9.1132562399e+05
3.4382038501e+02 9.1283496727e+05
3.4346359215e+02 9.1513070304e+05
3.4333664009e+02 9.1562263831e+05
3.4313158020e+02 9.1756710643e+05
3.4268913793e+02 9.2120679089e+05
3.4326150913e+02 9.2296676716e+05
3.4344572718e+02 9.2435509180e+05
3.4414064657e+02 9.2632745726e+05
3.4407990158e+02 9.2745265036e+05
3.4313024603e+02 9.2906225616e+05
3.4346412500e+02 9.3052342465e+05
3.4346241139e+02 9.3301628733e+05
3.4344813776e+02 9.3487485048e+05
3.4385782814e+02 9.3567447735e+05
3.4348234456e+02 9.3661132014e+05
3.4311592465e+02 9.3818863799e+05
3.4244436324e+02 9.4113534496e+05
3.4339194859e+02 9.4330715337e+05
3.4345773840e+02 9.4486669078e+05
3.4306470375e+02 9.4635514868e+05
3.4352109164e+02 9.4909989488e+05
3.4336136642e+02 9.5100916693e+05
3.4312449991e+02 9.5302807674e+05
3.4210453212e+02 9.5739594523e+05
3.4353252083e+02 9.6045141989e+05
3.4338518731e+02 9.6109617037e+05
3.4353727453e+02 9.6303006102e+05
3.4311588299e+02 9.6541758603e+05
3.4307104812e+02 9.6689031392e+05
3.4345539972e+02 9.6913434110e+05
3.4339098580e+02 9.7059869168e+05
3.4349227832e+02 9.7382278473e+05
3.4354436358e+02 9.7529684183e+05
3.4359011190e+02 9.7599699794e+05
3.4310867550e+02 9.7766173109e+05
3.4305121169e+02 9.7920421069e+05
3.4177572281e+02 9.8198848299e+05
3.4359282885e+02 9.8643495988e+05
3.4349809765e+02 9.8705651622e+05
3.4355330750e+02 9.8930165246e+05
3.4287983148e+02 9.9080891798e+05
3.4281533664e+02 9.9360681593e+05
3.4129232403e+02 1.0000579023e+06
3.4221879791e+02 1.0072176112e+06
3.4355885283e+02 1.0121690411e+06
3.4350838257e+02 1.0129303358e+06
3.4207754215e+02 1.0180131321e+06
3.4156143407e+02 1.0199092378e+06
3.4085732015e+02 1.0312013965e+06
3.4100714965e+02 1.0353843420e+06
3.4029899433e+02 1.0499655836e+06
3.4072651859e+02 1.0660683867e+06
3.4032165789e+02 1.0668676745e+06
3.4099044508e+02 1.0700055865e+06
3.4065979707e+02 1.0720701223e+06
3.4020066161e+02 1.0817247649e+06
3.4037197731e+02 1.0834326416e+06
3.4010859819e+02 1.0933116372e+06
3.4031984317e+02 1.0968184354e+06
3.4019038152e+02 1.1006727186e+06
3.4047723096e+02 1.1049997019e+06
3.4037791361e+02 1.1086056213e+06
3.3955789952e+02 1.1133115689e+06
3.4012445043e+02 1.1151531255e+06
3.4032401383e+02 1.1166326526e+06
3.4075534195e+02 1.1197269249e+06
3.4092667329e+02 1.1213940657e+06
3.4056843868e+02 1.1231269390e+06
3.4100337575e+02 1.1262736417e+06
3.4098313793e+02 1.1282589996e+06
3.4092615990e+02 1.1295031327e+06
3.4085717569e+02 1.1334102303e+06
3.4081865701e+02 1.1350075837e+06
3.4030284740e+02 1.1362582176e+06
3.4066732861e+02 1.1386328526e+06
3.4100770706e+02 1.1401136740e+06
3.4119719150e+02 1.1408520424e+06
3.4145137171e+02 1.1430291433e+06
3.4101164691e+02 1.1447429998e+06
3.4015414337e+02 1.1504897085e+06
3.4064164752e+02 1.1537629972e+06
3.4133096516e+02 1.1565574740e+06
3.4176591746e+02 1.1585097848e+06
3.4136475026e+02 1.1599562187e+06
3.4116421017e+02 1.1624242957e+06
3.4143291958e+02 1.1657698473e+06
3.4200151128e+02 1.1676308209e+06
3.4163933779e+02 1.1683732170e+06
3.4178824507e+02 1.1710614382e+06
3.4195863441e+02 1.1726936291e+06
3.4195196025e+02 1.1733620996e+06
3.4206212541e+02 1.1759734172e+06
3.4223563174e+02 1.1767576100e+06
3.4217963025e+02 1.1780743986e+06
3.4230364113e+02 1.1805906507e+06
3.4187274378e+02 1.1827004168e+06
3.4195189655e+02 1.1831522020e+06
3.4219625102e+02 1.1846389409e+06
3.4194771624e+02 1.1887954757e+06
3.4244024421e+02 1.2002861575e+06
3.4214368924e+02 1.2009468991e+06
3.4212745913e+02 1.2035249449e+06
3.4210106034e+02 1.2039749426e+06
3.4228297316e+02 1.2055270042e+06
3.4233827383e+02 1.2077799727e+06
3.4273864520e+02 1.2091134618e+06
3.4281556154e+02 1.2105707207e+06
3.4265436419e+02 1.2134866006e+06
3.4334406777e+02 1.2144024874e+06
3.4330766330e+02 1.2163722340e+06
3.4400193246e+02 1.2196327556e+06
3.4402087325e+02 1.2208989954e+06
3.4400289920e+02 1.2223829447e+06
3.4405257423e+02 1.2233322387e+06
3.4408244683e+02 1.2256148228e+06
3.4403039063e+02 1.2270580637e+06
3.4410807832e+02 1.2282391227e+06
3.4318726231e+02 1.2301193609e+06
3.4356129344e+02 1.2334369448e+06
3.4366497155e+02 1.2358022637e+06
3.4416220520e+02 1.2367894437e+06
3.4382315122e+02 1.2393620186e+06
3.4380716188e+02 1.2401608542e+06
3.4423137367e+02 1.2412877608e+06
3.4411420521e+02 1.2432680611e+06
3.4408446948e+02 1.2450608235e+06
3.4328129088e+02 1.2471550023e+06
3.4403358381e+02 1.2491684859e+06
3.4426623363e+02 1.2501481800e+06
3.4427871822e+02 1.2514128111e+06
3.4380636254e+02 1.2534184255e+06
3.4415336564e+02 1.2541660416e+06
3.4432970598e+02 1.2561260218e+06
3.4436837931e+02 1.2581236589e+06
3.4386246190e+02 1.2591316276e+06
3.4436944263e+02 1.2621118843e+06
3.4441782330e+02 1.2635578876e+06
3.4428994065e+02 1.2642888436e+06
3.4427527351e+02 1.2654750527e+06
3.4432254858e+02 1.2679983349e+06
3.4385016237e+02 1.2691578163e+06
3.4437051288e+02 1.2714254581e+06
3.4391594356e+02 1.2735209241e+06
3.4436601584e+02 1.2754310706e+06
3.4442356355e+02 1.2777370475e+06
3.4455149001e+02 1.2798807414e+06
3.4394838491e+02 1.2808928812e+06
3.4449211881e+02 1.2828071951e+06
3.4402129070e+02 1.2837129313e+06
3.4441448577e+02 1.2860510991e+06
3.4460695604e+02 1.2872920926e+06
3.4406456808e+02 1.2887217030e+06
3.4412860683e+02 1.2898904222e+06
3.4417085000e+02 1.2927850334e+06
3.4427134856e+02 1.2932155908e+06
3.4452779375e+02 1.2957719109e+06
3.4438346167e+02 1.2973050363e+06
3.4467554030e+02 1.2989865988e+06
3.4474612972e+02 1.3004035284e+06
3.4468934531e+02 1.3015449170e+06
3.4407631448e+02 1.3043041522e+06
3.4475929888e+02 1.3058318702e+06
3.4476354400e+02 1.3066901590e+06
3.4473946051e+02 1.3079660246e+06
3.4427285102e+02 1.3095195506e+06
3.4465088826e+02 1.3111727071e+06
3.4478058594e+02 1.3132443187e+06
3.4479468811e+02 1.3148040925e+06
3.4480503624e+02 1.3157701523e+06
3.4474414854e+02 1.3188507344e+06
3.4487298833e+02 1.3192897042e+06
3.4489272425e+02 1.3219592844e+06
3.4453503343e+02 1.3232968034e+06
3.4491157740e+02 1.3244710779e+06
3.4492971153e+02 1.3269469994e+06
3.4490338242e+02 1.3281672696e+06
3.4463110365e+02 1.3292713120e+06
3.4492794709e+02 1.3314370263e+06
3.4496993573e+02 1.3332375608e+06
3.4494846016e+02 1.3341158687e+06
3.4492100117e+02 1.3351830091e+06
3.4497375753e+02 1.3368099175e+06
3.4503846165e+02 1.3395018888e+06
3.4525645208e+02 1.3411788947e+06
3.4500350070e+02 1.3422817592e+06
3.4474876042e+02 1.3440821606e+06
3.4439880073e+02 1.3456989463e+06
3.4510008614e+02 1.3479183331e+06
3.4482840815e+02 1.3485501409e+06
3.4511644749e+02 1.3504286781e+06
3.4451161256e+02 1.3516336160e+06
3.4515747913e+02 1.3534215039e+06
3.4511639735e+02 1.3548439040e+06
3.4491655098e+02 1.3569900045e+06
3.4521626945e+02 1.3582728942e+06
3.4498074914e+02 1.3598282823e+06
3.4524133738e+02 1.3620537529e+06
3.4519757881e+02 1.3633674334e+06
3.4505032356e+02 1.3643792505e+06
3.4516188416e+02 1.3674301877e+06
3.4523553356e+02 1.3690719182e+06
3.4527311827e+02 1.3694177340e+06
3.4528864215e+02 1.3720110246e+06
3.4526331336e+02 1.3728107262e+06
3.4467293022e+02 1.3756076071e+06
3.4462280099e+02 1.3756283110e+06
3.4471470268e+02 1.3805477611e+06
3.4544057689e+02 1.3828065784e+06
3.4535083713e+02 1.3844783572e+06
3.4543187005e+02 1.3859290148e+06
3.4542731971e+02 1.3878610478e+06
3.4533137911e+02 1.3899275330e+06
3.4544570721e+02 1.3908596149e+06
3.4549952082e+02 1.3921359928e+06
3.4543425713e+02 1.3939376072e+06
3.4481430257e+02 1.3964738485e+06
3.4488864552e+02 1.3996033919e+06
3.4532091172e+02 1.4014735982e+06
3.4555502000e+02 1.4023264263e+06
3.4529064327e+02 1.4046770922e+06
3.4553406740e+02 1.4048706391e+06
3.4562424659e+02 1.4065142938e+06
3.4497115843e+02 1.4098004777e+06
3.4527015884e+02 1.4122784889e+06
3.4522797670e+02 1.4129102133e+06
3.4514028287e+02 1.4149726527e+06
3.4509742376e+02 1.4165716584e+06
3.4562804217e+02 1.4180181568e+06
3.4564668388e+02 1.4195657633e+06
3.4573359024e+02 1.4217975627e+06
3.4573278924e+02 1.4238127189e+06
3.4594754817e+02 1.4247542379e+06
3.4570944163e+02 1.4267588014e+06
3.4575774679e+02 1.4277056755e+06
3.4597841439e+02 1.4306153807e+06
3.4577847119e+02 1.4313207328e+06
3.4575387389e+02 1.4334191219e+06
3.4579461334e+02 1.4344745384e+06
3.4578218397e+02 1.4369780218e+06
3.4601567084e+02 1.4375767477e+06
3.4580269981e+02 1.4395586956e+06
3.4581313728e+02 1.4404216952e+06
3.4590909020e+02 1.4422395450e+06
3.4604825185e+02 1.4436932736e+06
3.4591317802e+02 1.4455810697e+06
3.4588426240e+02 1.4484665047e+06
3.4593706328e+02 1.4496974432e+06
3.4599323133e+02 1.4514519686e+06
3.4595598382e+02 1.4533575004e+06
3.4614870228e+02 1.4535934579e+06
3.4593029438e+02 1.4553223721e+06
3.4603630645e+02 1.4581363462e+06
3.4595787477e+02 1.4586262813e+06
3.4597700845e+02 1.4609160105e+06
3.4606888847e+02 1.4630382039e+06
3.4600987442e+02 1.4644978952e+06
3.4612004047e+02 1.4655022828e+06
3.4609605488e+02 1.4677145593e+06
3.4612222315e+02 1.4691858614e+06
3.4619630122e+02 1.4706763636e+06
3.4606983653e+02 1.4719141682e+06
3.4625283406e+02 1.4742156041e+06
3.4613579776e+02 1.4757767916e+06
3.4632037678e+02 1.4774744008e+06
3.4611582235e+02 1.4786375984e+06
3.4622446600e+02 1.4800609660e+06
3.4614087906e+02 1.4813192258e+06
3.4615664880e+02 1.4829314564e+06
3.4625457620e+02 1.4853015930e+06
3.4641614371e+02 1.4868303446e+06
3.4619076942e+02 1.4874918730e+06
3.4627906104e+02 1.4901329370e+06
3.4633924885e+02 1.4906399254e+06
3.4637524025e+02 1.4926029171e+06
3.4625155294e+02 1.4945390761e+06
3.4637879137e+02 1.4966482751e+06
3.4631645252e+02 1.4983724702e+06
3.4643540579e+02 1.4993407127e+06
3.4629810475e+02 1.5012186405e+06
3.4632100283e+02 1.5033435265e+06
3.4633407602e+02 1.5043898477e+06
3.4638922846e+02 1.5054049230e+06
3.4643870173e+02 1.5080240001e+06
3.4672956531e+02 1.5097679624e+06
3.4655178820e+02 1.5106507852e+06
3.4646272595e+02 1.5132206695e+06
3.4639273247e+02 1.5142570219e+06
3.4661273722e+02 1.5160957168e+06
3.4648360025e+02 1.5178392367e+06
3.4656441612e+02 1.5191770050e+06
3.4645067174e+02 1.5200051134e+06
3.4650145142e+02 1.5218666956e+06
3.4671805159e+02 1.5241303223e+06
3.4649427750e+02 1.5260246225e+06
3.4651176045e+02 1.5270062301e+06
3.4668350526e+02 1.5282694490e+06
3.4658964012e+02 1.5323594869e+06
3.4692884513e+02 1.5332991237e+06
3.4672090997e+02 1.5354280655e+06
3.4664479574e+02 1.5366020075e+06
3.4658088892e+02 1.5385748822e+06
3.4692854553e+02 1.5407337129e+06
3.4666726791e+02 1.5414650561e+06
3.4663733093e+02 1.5433854297e+06
3.4668466625e+02 1.5453930563e+06
3.4688628240e+02 1.5465208328e+06
3.4669467767e+02 1.5482464671e+06
3.4667943293e+02 1.5490326919e+06
3.4689772503e+02 1.5509886613e+06
3.4713871543e+02 1.5532623349e+06
3.4676692466e+02 1.5543103467e+06
3.4715912558e+02 1.5566541608e+06
3.4693085952e+02 1.5585825581e+06
3.4713644668e+02 1.5594565487e+06
3.4684136437e+02 1.5614477064e+06
3.4722766033e+02 1.5622636443e+06
3.4697691247e+02 1.5650444200e+06
3.4686621534e+02 1.5666246617e+06
3.4700573815e+02 1.5679165307e+06
3.4680559623e+02 1.5695255279e+06
3.4685398131e+02 1.5715201051e+06
3.4699485164e+02 1.5732441794e+06
3.4689312949e+02 1.5738640045e+06
3.4688909414e+02 1.5755930925e+06
3.4735119879e+02 1.5765543475e+06
3.4718257706e+02 1.5781295027e+06
3.4702736883e+02 1.5801797711e+06
3.4708753796e+02 1.5820646790e+06
3.4729026896e+02 1.5835456149e+06
3.4700508574e+02 1.5857035706e+06
3.4705608903e+02 1.5863012323e+06
3.4703246697e+02 1.5885593183e+06
3.4707984082e+02 1.5918940072e+06
3.4748993929e+02 1.5941297468e+06
3.4700629767e+02 1.5949239784e+06
3.4746178427e+02 1.5963726106e+06
3.4708900233e+02 1.5983798617e+06
3.4724260835e+02 1.5994505095e+06
3.4713705597e+02 1.6014249645e+06
3.4752258779e+02 1.6040056833e+06
3.4754772939e+02 1.6049204576e+06
3.4715754283e+02 1.6066156025e+06
3.4741231023e+02 1.6077087206e+06
3.4794134311e+02 1.6094414393e+06
3.4763165894e+02 1.6123752186e+06
3.4731012613e+02 1.6149119245e+06
3.4744701499e+02 1.6169155123e+06
3.4757013941e+02 1.6185476361e+06
3.4763348548e+02 1.6190863704e+06
3.4733225619e+02 1.6211578035e+06
3.4726267181e+02 1.6225675400e+06
3.4759190639e+02 1.6243632002e+06
3.4748049395e+02 1.6255599229e+06
3.4732301773e+02 1.6268305644e+06
3.4765282309e+02 1.6301762539e+06
3.4729057357e+02 1.6326434387e+06
3.4751382445e+02 1.6343894985e+06
3.4762228362e+02 1.6362658307e+06
3.4776958860e+02 1.6374827652e+06
3.4773803966e+02 1.6392779410e+06
3.4764090923e+02 1.6402457232e+06
3.4753770032e+02 1.6417802010e+06
3.4771413148e+02 1.6437846836e+06
3.4744621718e+02 1.6447019894e+06
3.4790757831e+02 1.6473842682e+06
3.4753244489e+02 1.6492080664e+06
3.4745931635e+02 1.6497381990e+06
3.4763610339e+02 1.6520249088e+06
3.4771210556e+02 1.6527879954e+06
3.4755398056e+02 1.6558319522e+06
3.4771670584e+02 1.6570284913e+06
3.4750647313e+02 1.6581578519e+06
3.4775542815e+02 1.6603103103e+06
3.4753792801e+02 1.6613495366e+06
3.4783192515e+02 1.6638227863e+06
3.4762842089e+02 1.6647670098e+06
3.4749973233e+02 1.6656204095e+06
3.4781564325e+02 1.6673517172e+06
3.4791279485e+02 1.6700123824e+06
3.4762296264e+02 1.6705250729e+06
3.4752959236e+02 1.6737648658e+06
3.4762105097e+02 1.6760607522e+06
3.4771595478e+02 1.6774342303e+06
3.4789614358e+02 1.6797310908e+06
3.4779846074e+02 1.6804178882e+06
3.4745617154e+02 1.6831910332e+06
3.4757673469e+02 1.6837047268e+06
3.4780125233e+02 1.6851788481e+06
3.4783378791e+02 1.6898269267e+06
3.4795598706e+02 1.6926014699e+06
3.4801427388e+02 1.6947277364e+06
3.4812931201e+02 1.6957446077e+06
3.4817848364e+02 1.6976595522e+06
3.4796621191e+02 1.6991576216e+06
3.4794009951e+02 1.6998541025e+06
3.4829278843e+02 1.7013931016e+06
3.4773994176e+02 1.7037300324e+06
3.4791788852e+02 1.7052465312e+06
3.4781788651e+02 1.7083630959e+06
3.4780744337e+02 1.7109325255e+06
3.4825517860e+02 1.7138968411e+06
3.4792708541e+02 1.7154328811e+06
3.4802415005e+02 1.7162999597e+06
3.4837245371e+02 1.7180265095e+06
3.4801196661e+02 1.7206785475e+06
3.4819614766e+02 1.7215046607e+06
3.4811958104e+02 1.7245261827e+06
3.4827533860e+02 1.7270553228e+06
3.4830379910e+02 1.7283999326e+06
3.4796951473e+02 1.7306596363e+06
3.4811558072e+02 1.7329499159e+06
3.4840615884e+02 1.7338760140e+06
3.4851312814e+02 1.7361084415e+06
3.4812478601e+02 1.7390556340e+06
3.4821368674e+02 1.7412715507e+06
3.4833316390e+02 1.7428378800e+06
3.4837041365e+02 1.7451242463e+06
3.4843474781e+02 1.7486915859e+06
3.4831027613e+02 1.7507916393e+06
3.4850387128e+02 1.7523572883e+06
3.4822405538e+02 1.7531300569e+06
3.4824195852e+02 1.7556099476e+06
3.4838608255e+02 1.7566352896e+06
3.4872040198e+02 1.7595611419e+06
3.4832208007e+02 1.7609231444e+06
3.4847129365e+02 1.7634110167e+06
3.4886485839e+02 1.7648816957e+06
3.4853457816e+02 1.7668399393e+06
3.4883197543e+02 1.7678914040e+06
3.4829422909e+02 1.7708117979e+06
3.4806106391e+02 1.7717383992e+06
3.4852867495e+02 1.7727797156e+06
3.4793606262e+02 1.7765024620e+06
3.4842795488e+02 1.7789217394e+06
3.4800805346e+02 1.7800464201e+06
3.4809352095e+02 1.7822179736e+06
3.4818395292e+02 1.7830047342e+06
3.4858436577e+02 1.7842841353e+06
3.4813703570e+02 1.7863753814e+06
3.4783675865e+02 1.7876735056e+06
3.4795716413e+02 1.7890443293e+06
3.4829223546e+02 1.7906887645e+06
3.4847998870e+02 1.7919919895e+06
3.4882992476e+02 1.7945935586e+06
3.4860137146e+02 1.7954283127e+06
3.4847862944e+02 1.8025078494e+06
3.4869353415e+02 1.8038179019e+06
3.4847410029e+02 1.8059723022e+06
3.4860004095e+02 1.8108437440e+06
3.4897125929e+02 1.8117772094e+06
3.4855664100e+02 1.8132311256e+06
3.4867028166e+02 1.8200769450e+06
3.4871957651e+02 1.8213589320e+06
3.4875514054e+02 1.8259710058e+06
3.4872371212e+02 1.8272732212e+06
3.4881400705e+02 1.8307608610e+06
3.4887401852e+02 1.8320819235e+06
3.4922351744e+02 1.8330379063e+06
3.4884699113e+02 1.8346144690e+06
3.4893467712e+02 1.8364672374e+06
3.4895450470e+02 1.8379551629e+06
3.4993672372e+02 1.8968890479e+06
3.4967867624e+02 1.9094193465e+06
3.4888930787e+02 1.9173303754e+06
3.4886165779e+02 1.9286916445e+06
3.4941535804e+02 1.9330399272e+06
3.4895731621e+02 1.9356620636e+06
3.4933244622e+02 1.9373168783e+06
3.4908574535e+02 1.9393999882e+06
3.4905565602e+02 1.9394209724e+06
3.4950501624e+02 1.9424769980e+06
3.4936316750e+02 1.9444673744e+06
3.4941731028e+02 1.9460429523e+06
3.4886937651e+02 1.9487464104e+06
3.4897376163e+02 1.9512452757e+06
}