Pressao_entrada 1198330
Pressao_saida 101300.0
Velocidade_angular 1083.84946425
Temperatura 341.457486601


Ri 0.0875
Rg 0.0979
Rm 0.1035
Ro 0.1095
h 4e-06
hg 5e-06
beta1 2.29
beta2 1
N 10

n_r_1 25
n_r_2 25
n_r_3 25
n_t_1 20
n_t_2 20
n_t_3 20
n_t_4 20
n_t_5 20
n_z_h 10
n_z_hg 10

nCells 9.5000000000e+04
minVol 1.5690293317e-03
maxVol 3.1153540917e-02
totVol 7.1451020740e+02

min_U 0.0000000000e+00
max_U 1.4247538364e+02
min_Rho 8.6351522754e-01
max_Rho 1.4012331593e+01
min_P 1.0130000000e+05
max_P 1.6013647705e+06
min_T 3.3581348112e+02
max_T 3.4646932228e+02
Force 1.3166150586e+03
Shear 1.9318443496e+03
Inlet_Flow -1.3224678956e-05
Outlet_Flow 1.3216465195e-05
Sum_Flow -8.2137604970e-09
Perc_flow 1.0983027143e-01

T_crit 275.013329195
P_crit 12742463.5102
satSize 200
composition methane_0.711759/ethane_0.123199/n-propane_0.081155/isobutane_0.004940/n-butane_0.035894/isopentane_0.002823/n-pentane_0.013712/n-hexane_0.008469/n-heptane_0.004840/n-octane_0.001210/n-nonane_0.000202/n-decane_0.000000/nitrogen_0.005747/co2_0.006050


SaturationCurve
{
2.7404950042e+02 1.0130000000e+05
2.8814529671e+02 2.4175737234e+05
2.9625622464e+02 3.8221474467e+05
3.0207372040e+02 5.2267211701e+05
3.0664385472e+02 6.6312948934e+05
3.1042060261e+02 8.0358686168e+05
3.1364393464e+02 9.4404423401e+05
3.1645651518e+02 1.0845016064e+06
3.1895022975e+02 1.2249589787e+06
3.2118788012e+02 1.3654163510e+06
3.2321441674e+02 1.5058737234e+06
3.2506321567e+02 1.6463310957e+06
3.2675980481e+02 1.7867884680e+06
3.2832418967e+02 1.9272458404e+06
3.2977236772e+02 2.0677032127e+06
3.3111735066e+02 2.2081605850e+06
3.3236987591e+02 2.3486179574e+06
3.3353891526e+02 2.4890753297e+06
3.3463204670e+02 2.6295327020e+06
3.3565573192e+02 2.7699900744e+06
3.3661552686e+02 2.9104474467e+06
3.3751624417e+02 3.0509048191e+06
3.3836208010e+02 3.1913621914e+06
3.3915671499e+02 3.3318195637e+06
3.3990339367e+02 3.4722769361e+06
3.4060499045e+02 3.6127343084e+06
3.4126406213e+02 3.7531916807e+06
3.4188289163e+02 3.8936490531e+06
3.4246352415e+02 4.0341064254e+06
3.4300779731e+02 4.1745637977e+06
3.4351736650e+02 4.3150211701e+06
3.4399372632e+02 4.4554785424e+06
3.4443822875e+02 4.5959359147e+06
3.4485209868e+02 4.7363932871e+06
3.4523644718e+02 4.8768506594e+06
3.4559228303e+02 5.0173080318e+06
3.4592052253e+02 5.1577654041e+06
3.4622199814e+02 5.2982227764e+06
3.4649746589e+02 5.4386801488e+06
3.4674761184e+02 5.5791375211e+06
3.4697305779e+02 5.7195948934e+06
3.4717436616e+02 5.8600522658e+06
3.4735204431e+02 6.0005096381e+06
3.4750654831e+02 6.1409670104e+06
3.4763828617e+02 6.2814243828e+06
3.4774762070e+02 6.4218817551e+06
3.4783487197e+02 6.5623391274e+06
3.4790031940e+02 6.7027964998e+06
3.4794420354e+02 6.8432538721e+06
3.4796672757e+02 6.9837112445e+06
3.4796805853e+02 7.1241686168e+06
3.4794832825e+02 7.2646259891e+06
3.4790763412e+02 7.4050833615e+06
3.4784603952e+02 7.5455407338e+06
3.4776357413e+02 7.6859981061e+06
3.4766023390e+02 7.8264554785e+06
3.4753598084e+02 7.9669128508e+06
3.4739074259e+02 8.1073702231e+06
3.4722441167e+02 8.2478275955e+06
3.4703684455e+02 8.3882849678e+06
3.4682786031e+02 8.5287423401e+06
3.4659723913e+02 8.6691997125e+06
3.4634472029e+02 8.8096570848e+06
3.4606999991e+02 8.9501144572e+06
3.4577272813e+02 9.0905718295e+06
3.4545250592e+02 9.2310292018e+06
3.4510888120e+02 9.3714865742e+06
3.4474134438e+02 9.5119439465e+06
3.4434932307e+02 9.6524013188e+06
3.4393217594e+02 9.7928586912e+06
3.4348918549e+02 9.9333160635e+06
3.4301954944e+02 1.0073773436e+07
3.4252237073e+02 1.0214230808e+07
3.4199664552e+02 1.0354688181e+07
3.4144124895e+02 1.0495145553e+07
3.4085491804e+02 1.0635602925e+07
3.4023623109e+02 1.0776060298e+07
3.3958358263e+02 1.0916517670e+07
3.3889515274e+02 1.1056975042e+07
3.3816886914e+02 1.1197432415e+07
3.3740235982e+02 1.1337889787e+07
3.3659289331e+02 1.1478347159e+07
3.3573730224e+02 1.1618804532e+07
3.3483188422e+02 1.1759261904e+07
3.3387227125e+02 1.1899719276e+07
3.3285325430e+02 1.2040176649e+07
3.3176854294e+02 1.2180634021e+07
3.3061042766e+02 1.2321091393e+07
3.2936929160e+02 1.2461548766e+07
3.2803288059e+02 1.2602006138e+07
3.2658516578e+02 1.2742463510e+07
3.2500448017e+02 1.2882920883e+07
3.2326026461e+02 1.3023378255e+07
3.2130689138e+02 1.3163835627e+07
3.1907051905e+02 1.3304293000e+07
3.1641595513e+02 1.3444750372e+07
3.1303553826e+02 1.3585207744e+07
3.0771330963e+02 1.3725665117e+07
3.0771330963e+02 1.3725665115e+07
3.0576871708e+02 1.3753740692e+07
3.0382412454e+02 1.3769857542e+07
3.0187953199e+02 1.3774260573e+07
2.9993493944e+02 1.3767167021e+07
2.9799034690e+02 1.3748775280e+07
2.9604575435e+02 1.3719272514e+07
2.9410116180e+02 1.3678840999e+07
2.9215656926e+02 1.3627663214e+07
2.9021197671e+02 1.3565925714e+07
2.8826738416e+02 1.3493821911e+07
2.8632279162e+02 1.3411554005e+07
2.8437819907e+02 1.3319334544e+07
2.8243360652e+02 1.3217388716e+07
2.8048901398e+02 1.3105961066e+07
2.7854442143e+02 1.2985344935e+07
2.7465523634e+02 1.2713900700e+07
2.7271064379e+02 1.2568259556e+07
2.7076605125e+02 1.2413108534e+07
2.6882145870e+02 1.2249685475e+07
2.6687686615e+02 1.2078414191e+07
2.6493227361e+02 1.1899603264e+07
2.6298768106e+02 1.1713544624e+07
2.6104308851e+02 1.1520532700e+07
2.5909849597e+02 1.1320871590e+07
2.5715390342e+02 1.1114879446e+07
2.5520931087e+02 1.0902892166e+07
2.5326471833e+02 1.0685266849e+07
2.5132012578e+02 1.0462385096e+07
2.4937553323e+02 1.0234655949e+07
2.4743094069e+02 1.0002518179e+07
2.4548634814e+02 9.7664414764e+06
2.4354175559e+02 9.5269259231e+06
2.4159716305e+02 9.2844992378e+06
2.3965257050e+02 9.0397113515e+06
2.3770797795e+02 8.7931263445e+06
2.3576338541e+02 8.5453123460e+06
2.3381879286e+02 8.2968306074e+06
2.3187420031e+02 8.0482252765e+06
2.2992960777e+02 7.8000152363e+06
2.2798501522e+02 7.5526887571e+06
2.2604042267e+02 7.3067009548e+06
2.2409583013e+02 7.0624734542e+06
2.2215123758e+02 6.8203954100e+06
2.2020664503e+02 6.5808251206e+06
2.1826205249e+02 6.3440917212e+06
2.1631745994e+02 6.1104967156e+06
2.1437286739e+02 5.8803152964e+06
2.1242827485e+02 5.6537975052e+06
2.1048368230e+02 5.4311693094e+06
2.0853908975e+02 5.2126336595e+06
2.0659449721e+02 4.9983715673e+06
2.0464990466e+02 4.7885432205e+06
2.0270531211e+02 4.5832891300e+06
2.0076071957e+02 4.3827312968e+06
1.9881612702e+02 4.1869743774e+06
1.9687153447e+02 3.9961068280e+06
1.9492694193e+02 3.8102020084e+06
1.9298234938e+02 3.6293192308e+06
1.9103775683e+02 3.4535047457e+06
1.8909316429e+02 3.2827926587e+06
1.8714857174e+02 3.1172057780e+06
1.8520397919e+02 2.9567563931e+06
1.8325938665e+02 2.8014469876e+06
1.8131479410e+02 2.6512708888e+06
1.7937020155e+02 2.5062128593e+06
1.7742560901e+02 2.3662496351e+06
1.7548101646e+02 2.2313504147e+06
1.7353642391e+02 2.1014773051e+06
1.7159183137e+02 1.9765857294e+06
1.6964723882e+02 1.8566248000e+06
1.6770264627e+02 1.7415376622e+06
1.6575805373e+02 1.6312618110e+06
1.6381346118e+02 1.5257293864e+06
1.6186886863e+02 1.4248674481e+06
1.5992427609e+02 1.3285982339e+06
1.5797968354e+02 1.2368394047e+06
1.5603509099e+02 1.1495042780e+06
1.5409049845e+02 1.0665020519e+06
1.5214590590e+02 9.8773802345e+05
1.5020131335e+02 9.1311380111e+05
1.4825672081e+02 8.4252751468e+05
1.4631212826e+02 7.7587402381e+05
1.4436753571e+02 7.1304512681e+05
1.4242294317e+02 6.5392977166e+05
1.4047835062e+02 5.9841427050e+05
1.3853375808e+02 5.4638251947e+05
1.3658916553e+02 4.9771622509e+05
1.3464457298e+02 4.5229513862e+05
1.3269998044e+02 4.0999729960e+05
1.3075538789e+02 3.7069928971e+05
1.2881079534e+02 3.3427649778e+05
1.2686620280e+02 3.0060339678e+05
1.2492161025e+02 2.6955383339e+05
1.2297701770e+02 2.4100133047e+05
1.2103242516e+02 2.1481940266e+05
1.1908783261e+02 1.9088188505e+05
1.1714324006e+02 1.6906327458e+05
1.1519864752e+02 1.4923908353e+05
1.1325405497e+02 1.3128620418e+05
1.1130946242e+02 1.1508328347e+05
}

T_margin 20.2805814748
T_sat_margin 317.684260743
T_hull_margin 337.964842218
P_hull_margin 1153653.83309

caseHull
{
3.4202465716e+02 3.0375168523e+05
3.4202649665e+02 3.0493197518e+05
3.4203166074e+02 3.0705256979e+05
3.4203551585e+02 3.0847366035e+05
3.4205481503e+02 3.0929068822e+05
3.4204009276e+02 3.1010519268e+05
3.4204556340e+02 3.1199125296e+05
3.4206905062e+02 3.1278384252e+05
3.4205172776e+02 3.1408237118e+05
3.4205879491e+02 3.1642736500e+05
3.4208539119e+02 3.1690717287e+05
3.4206653433e+02 3.1897202837e+05
3.4210343164e+02 3.2159181352e+05
3.4207517718e+02 3.2176698232e+05
3.4211224523e+02 3.2394423730e+05
3.4208449974e+02 3.2475255862e+05
3.4212274706e+02 3.2675946143e+05
3.4209473521e+02 3.2797974080e+05
3.4213198100e+02 3.2930261989e+05
3.4210556277e+02 3.3138021270e+05
3.4214312763e+02 3.3236307993e+05
3.4211714628e+02 3.3500438474e+05
3.4214133124e+02 3.3760101680e+05
3.4212923243e+02 3.3877452547e+05
3.4214686621e+02 3.3994966012e+05
3.4215068993e+02 3.4126232190e+05
3.4214249270e+02 3.4274811425e+05
3.4216144652e+02 3.4471871021e+05
3.4218416920e+02 3.4620324162e+05
3.4215731401e+02 3.4681988431e+05
3.4219350567e+02 3.4844977526e+05
3.4217618967e+02 3.4924851851e+05
3.4217479682e+02 3.5103961463e+05
3.4218510396e+02 3.5192821525e+05
3.4221320103e+02 3.5326779437e+05
3.4219452938e+02 3.5528660934e+05
3.4222307695e+02 3.5574129669e+05
3.4219721648e+02 3.5779046340e+05
3.4219798775e+02 3.5826831238e+05
3.4220285789e+02 3.6007299498e+05
3.4220691924e+02 3.6139422333e+05
3.4221221163e+02 3.6302849169e+05
3.4222874561e+02 3.6357163995e+05
3.4221848876e+02 3.6491931951e+05
3.4222601119e+02 3.6712571882e+05
3.4223448138e+02 3.6958341281e+05
3.4225664361e+02 3.6996816844e+05
3.4226652006e+02 3.7229641306e+05
3.4224419538e+02 3.7235631966e+05
3.4229469221e+02 3.7438757874e+05
3.4225485749e+02 3.7537482543e+05
3.4228283441e+02 3.7634650762e+05
3.4226680102e+02 3.7870540746e+05
3.4229607973e+02 3.8007232039e+05
3.4230279491e+02 3.8097983467e+05
3.4227967998e+02 3.8227170774e+05
3.4230709714e+02 3.8314891337e+05
3.4232030966e+02 3.8411350153e+05
3.4229375488e+02 3.8614056890e+05
3.4230833005e+02 3.8686412129e+05
3.4230855527e+02 3.9022727104e+05
3.4230020299e+02 3.9109415514e+05
3.4230313855e+02 3.9232762131e+05
3.4230663072e+02 3.9344447788e+05
3.4231130964e+02 3.9485724052e+05
3.4231742091e+02 3.9662293334e+05
3.4233664084e+02 3.9809697112e+05
3.4232467556e+02 3.9867725360e+05
3.4234688400e+02 4.0038968728e+05
3.4233337467e+02 4.0108731757e+05
3.4235668651e+02 4.0263067772e+05
3.4234319131e+02 4.0378135748e+05
3.4236897115e+02 4.0543180308e+05
3.4235446245e+02 4.0683142200e+05
3.4238027223e+02 4.0807361839e+05
3.4238192815e+02 4.0891772508e+05
3.4236684971e+02 4.1015989739e+05
3.4239423387e+02 4.1131489688e+05
3.4243102433e+02 4.1357909687e+05
3.4235207229e+02 4.1405626870e+05
3.4235781811e+02 4.1618477695e+05
3.4236246606e+02 4.1755966778e+05
3.4237642664e+02 4.1845200436e+05
3.4236868405e+02 4.1931329922e+05
3.4237611277e+02 4.2136948303e+05
3.4239441739e+02 4.2236234405e+05
3.4238513007e+02 4.2380808802e+05
3.4240594025e+02 4.2490811021e+05
3.4239535044e+02 4.2654491701e+05
3.4241672485e+02 4.2734649130e+05
3.4246596801e+02 4.2866031592e+05
3.4240719126e+02 4.2966467695e+05
3.4244721860e+02 4.3149355862e+05
3.4242023447e+02 4.3307791794e+05
3.4250619474e+02 4.3414738061e+05
3.4250701932e+02 4.3512632099e+05
3.4243489088e+02 4.3687178645e+05
3.4252242938e+02 4.3746644997e+05
3.4252347460e+02 4.3883584611e+05
3.4245065943e+02 4.4095093334e+05
3.4248974547e+02 4.4193685810e+05
3.4253904314e+02 4.4304027931e+05
3.4248855970e+02 4.4388341895e+05
3.4246787255e+02 4.4540432993e+05
3.4244256530e+02 4.4753059034e+05
3.4244286745e+02 4.4781379992e+05
3.4244815354e+02 4.4950451392e+05
3.4245309293e+02 4.5089753610e+05
3.4245979807e+02 4.5270922324e+05
3.4247131854e+02 4.5304066075e+05
3.4246787709e+02 4.5485600271e+05
3.4259102310e+02 4.5635826002e+05
3.4247774039e+02 4.5742537542e+05
3.4257555682e+02 4.5903413869e+05
3.4248897374e+02 4.6032705682e+05
3.4261168268e+02 4.6172265780e+05
3.4250199119e+02 4.6365307631e+05
3.4260518511e+02 4.6501831426e+05
3.4253270518e+02 4.6666576236e+05
3.4251635212e+02 4.6730524898e+05
3.4259239337e+02 4.6886247427e+05
3.4254658449e+02 4.6986399657e+05
3.4253249602e+02 4.7138206807e+05
3.4249038982e+02 4.7345011457e+05
3.4249153155e+02 4.7392475310e+05
3.4249904740e+02 4.7610789135e+05
3.4250786920e+02 4.7652894675e+05
3.4250549976e+02 4.7783161911e+05
3.4251338464e+02 4.7990160760e+05
3.4252575034e+02 4.8031396457e+05
3.4252325121e+02 4.8243114702e+05
3.4253782140e+02 4.8292169635e+05
3.4264797581e+02 4.8425542464e+05
3.4253453305e+02 4.8530565860e+05
3.4269710586e+02 4.8705431275e+05
3.4254779633e+02 4.8864074798e+05
3.4263476665e+02 4.9031406836e+05
3.4261179618e+02 4.9122904520e+05
3.4256246486e+02 4.9231950340e+05
3.4269283905e+02 4.9375473859e+05
3.4259449821e+02 4.9552307138e+05
3.4257909050e+02 4.9646097856e+05
3.4263749753e+02 4.9701826879e+05
3.4260975075e+02 4.9900842130e+05
3.4267351927e+02 4.9953760315e+05
3.4259702094e+02 5.0094202641e+05
3.4262884308e+02 5.0329805065e+05
3.4269143375e+02 5.0393019870e+05
3.4261690146e+02 5.0588504720e+05
3.4264544643e+02 5.0715014106e+05
3.4256730525e+02 5.0745000668e+05
3.4257495088e+02 5.0972811692e+05
3.4258196291e+02 5.1015582149e+05
3.4258142423e+02 5.1140102670e+05
3.4258948735e+02 5.1345656011e+05
3.4260012466e+02 5.1399060017e+05
3.4259968360e+02 5.1601019796e+05
3.4266340333e+02 5.1687903641e+05
3.4261145767e+02 5.1894595081e+05
3.4262418834e+02 5.1924812521e+05
3.4270598839e+02 5.2109198938e+05
3.4262538478e+02 5.2238539298e+05
3.4269222372e+02 5.2290117228e+05
3.4277855111e+02 5.2506585283e+05
3.4264088011e+02 5.2620403686e+05
3.4285979032e+02 5.2714511800e+05
3.4266897250e+02 5.2921751788e+05
3.4265858057e+02 5.3053269452e+05
3.4274801359e+02 5.3096478510e+05
3.4285574337e+02 5.3278181171e+05
3.4268825254e+02 5.3349215627e+05
3.4267786459e+02 5.3523677717e+05
3.4260869466e+02 5.3599256252e+05
3.4261355883e+02 5.3740738185e+05
3.4261922283e+02 5.3885708700e+05
3.4262642939e+02 5.4068639537e+05
3.4263946597e+02 5.4212125298e+05
3.4263605598e+02 5.4306974017e+05
3.4265229590e+02 5.4484693738e+05
3.4264725696e+02 5.4584080438e+05
3.4266414060e+02 5.4745267707e+05
3.4266091075e+02 5.4916697123e+05
3.4268034192e+02 5.5095785502e+05
3.4275245275e+02 5.5213077270e+05
3.4267624449e+02 5.5288544588e+05
3.4269497191e+02 5.5420295283e+05
3.4278745204e+02 5.5616291713e+05
3.4269415556e+02 5.5716772049e+05
3.4271412316e+02 5.5837920111e+05
3.4297473918e+02 5.6036129911e+05
3.4281209163e+02 5.6175660511e+05
3.4271391561e+02 5.6184596015e+05
3.4293494646e+02 5.6315234354e+05
3.4282447549e+02 5.6548977650e+05
3.4275268183e+02 5.6692952825e+05
3.4273680539e+02 5.6709797646e+05
3.4297247785e+02 5.6953103084e+05
3.4266907964e+02 5.7064800154e+05
3.4267110974e+02 5.7097838989e+05
3.4267700244e+02 5.7274732483e+05
3.4268372387e+02 5.7440903153e+05
3.4269296925e+02 5.7665268797e+05
3.4287976232e+02 5.7766600805e+05
3.4270410598e+02 5.7933075337e+05
3.4281531218e+02 5.8104716870e+05
3.4272479480e+02 5.8235774027e+05
3.4271800281e+02 5.8260594762e+05
3.4290738175e+02 5.8410930921e+05
3.4273394584e+02 5.8631403324e+05
3.4284042600e+02 5.8669772701e+05
3.4294270684e+02 5.8818273394e+05
3.4275730998e+02 5.8946018728e+05
3.4275287133e+02 5.9063602693e+05
3.4287333167e+02 5.9274729093e+05
3.4277400895e+02 5.9316744818e+05
3.4277412123e+02 5.9539356042e+05
3.4295922685e+02 5.9649371898e+05
3.4279576448e+02 5.9791243845e+05
3.4303103235e+02 5.9883804519e+05
3.4291586056e+02 6.0025915057e+05
3.4270176101e+02 6.0173178334e+05
3.4270353253e+02 6.0202858228e+05
3.4270948804e+02 6.0376640169e+05
3.4271726784e+02 6.0560365669e+05
3.4272318458e+02 6.0608830834e+05
3.4272693702e+02 6.0785671101e+05
3.4293892435e+02 6.0926316088e+05
3.4273992923e+02 6.1078243073e+05
3.4274733600e+02 6.1121328516e+05
3.4286433023e+02 6.1309986292e+05
3.4275502404e+02 6.1413449970e+05
3.4304153840e+02 6.1622893445e+05
3.4299356632e+02 6.1658578571e+05
3.4277366108e+02 6.1817815968e+05
3.4290519410e+02 6.2001491612e+05
3.4308190865e+02 6.2117358021e+05
3.4279490484e+02 6.2265974745e+05
3.4290878353e+02 6.2311055160e+05
3.4302939164e+02 6.2535564495e+05
3.4281748737e+02 6.2641059721e+05
3.4282101073e+02 6.2786486236e+05
3.4317284482e+02 6.2919082941e+05
3.4293653759e+02 6.2931805593e+05
3.4283673005e+02 6.3066521705e+05
3.4317813807e+02 6.3298994709e+05
3.4285185490e+02 6.3352456719e+05
3.4295949813e+02 6.3466529209e+05
3.4273902845e+02 6.3641882833e+05
3.4274385342e+02 6.3749103102e+05
3.4275059109e+02 6.3893708023e+05
3.4275928303e+02 6.4073175098e+05
3.4298888232e+02 6.4127059027e+05
3.4277220198e+02 6.4345863309e+05
3.4303531244e+02 6.4415875620e+05
3.4278397374e+02 6.4606037432e+05
3.4278804290e+02 6.4661894228e+05
3.4319783995e+02 6.4826144102e+05
3.4280173593e+02 6.4986346796e+05
3.4280719011e+02 6.5047182037e+05
3.4293390486e+02 6.5208097305e+05
3.4281728474e+02 6.5329845603e+05
3.4282940765e+02 6.5481033932e+05
3.4313650615e+02 6.5603535359e+05
3.4323544114e+02 6.5716207759e+05
3.4283924333e+02 6.5802704244e+05
3.4285718552e+02 6.5993923448e+05
3.4318192624e+02 6.6144872339e+05
3.4285818982e+02 6.6221791082e+05
3.4298760011e+02 6.6401042251e+05
3.4289028221e+02 6.6557066041e+05
3.4288360204e+02 6.6773154646e+05
3.4275742643e+02 6.6947122449e+05
3.4275810829e+02 6.6971290053e+05
3.4276614961e+02 6.7152557242e+05
3.4277340875e+02 6.7318004116e+05
3.4312790352e+02 6.7353262308e+05
3.4278636429e+02 6.7589996293e+05
3.4304300959e+02 6.7654972695e+05
3.4279777958e+02 6.7843626663e+05
3.4293362221e+02 6.7873785634e+05
3.4155680940e+02 6.8238442562e+05
3.4145110011e+02 6.8282682993e+05
3.4135367809e+02 6.8450980271e+05
3.4151785375e+02 6.8603935975e+05
3.4126418470e+02 6.8740445465e+05
3.4132296866e+02 6.8935458987e+05
3.4118295660e+02 6.9152018110e+05
3.4124276438e+02 6.9367420363e+05
3.4111155463e+02 6.9685853939e+05
3.4117682029e+02 7.0007987674e+05
3.4104852809e+02 7.0334172183e+05
3.4113474391e+02 7.0911000608e+05
3.4087186965e+02 7.1050106583e+05
3.4053713521e+02 7.1475668397e+05
3.4108221938e+02 7.2175811002e+05
3.4301137158e+02 7.2513812600e+05
3.4285960420e+02 7.2548671478e+05
3.4326461712e+02 7.2733069372e+05
3.4308580455e+02 7.2867093456e+05
3.4288687044e+02 7.3145343279e+05
3.4296310629e+02 7.3188451198e+05
3.4348590896e+02 7.3433155590e+05
3.4329400586e+02 7.3446475833e+05
3.4276286099e+02 7.3654027916e+05
3.4095682176e+02 7.3977555880e+05
3.4163653851e+02 7.4342986152e+05
3.4151269515e+02 7.4465616040e+05
3.4139603248e+02 7.4675912658e+05
3.4147054676e+02 7.4835833766e+05
3.4128644007e+02 7.4970715450e+05
3.4135931621e+02 7.5107360542e+05
3.4118514704e+02 7.5343066479e+05
3.4125916217e+02 7.5500472419e+05
3.4109767826e+02 7.5777514204e+05
3.4117642553e+02 7.6021196157e+05
3.4090938131e+02 7.6248030474e+05
3.4045481280e+02 7.6711352496e+05
3.4082326336e+02 7.7096671060e+05
3.4152517378e+02 7.7263484260e+05
3.4139348281e+02 7.7342930202e+05
3.4078380598e+02 7.7479855763e+05
3.4135146316e+02 7.7716287859e+05
3.4115770796e+02 7.7753958209e+05
3.4123248906e+02 7.7904601807e+05
3.4105177727e+02 7.8081649496e+05
3.4112487523e+02 7.8212541593e+05
3.4133884779e+02 7.8259940790e+05
3.4059688110e+02 7.8417841392e+05
3.4085800685e+02 7.8742087943e+05
3.4113221238e+02 7.8771009026e+05
3.4087277616e+02 7.8934328976e+05
3.4051092523e+02 7.9049353751e+05
3.4095241414e+02 7.9198565274e+05
3.4043611325e+02 7.9381102557e+05
3.4070582601e+02 7.9638651472e+05
3.4034634372e+02 7.9846358571e+05
3.4069885744e+02 8.0036420919e+05
3.4068706739e+02 8.0123090696e+05
3.4055098259e+02 8.0225932666e+05
3.4069061284e+02 8.0338636486e+05
3.4058927260e+02 8.0577047258e+05
3.4063942279e+02 8.0642467217e+05
3.4065856131e+02 8.0752136233e+05
3.4062749324e+02 8.1060675084e+05
3.4066472132e+02 8.1220914671e+05
3.4079036671e+02 8.1245089840e+05
3.4062286756e+02 8.1434590906e+05
3.4083094081e+02 8.1532056453e+05
3.4049177580e+02 8.1685074297e+05
3.4061047617e+02 8.1873541445e+05
3.4064019512e+02 8.1902478459e+05
3.4131641975e+02 8.2089552413e+05
3.4154330617e+02 8.2182757846e+05
3.4053139077e+02 8.2370150619e+05
3.4082475183e+02 8.2500837672e+05
3.4057699488e+02 8.2623727249e+05
3.4067773060e+02 8.2691654153e+05
3.4059462858e+02 8.3033492364e+05
3.4068169815e+02 8.3077291082e+05
3.4127075903e+02 8.3217131713e+05
3.4139939639e+02 8.3342244490e+05
3.4060646183e+02 8.3532064544e+05
3.4063153726e+02 8.3648516681e+05
3.4063244882e+02 8.3821289215e+05
3.4092520526e+02 8.3905185416e+05
3.4078228416e+02 8.3963298712e+05
3.4092092381e+02 8.4308543865e+05
3.4064904821e+02 8.4369047096e+05
3.4065445994e+02 8.4713176844e+05
3.4077333602e+02 8.4773926004e+05
3.4079311915e+02 8.5103802376e+05
3.4079203130e+02 8.5163957192e+05
3.4068228022e+02 8.5306177786e+05
3.4070981586e+02 8.5451336151e+05
3.4080388358e+02 8.5577993013e+05
3.4070822386e+02 8.5694543942e+05
3.4080772488e+02 8.5859077939e+05
3.4103029180e+02 8.5906489282e+05
3.4120760214e+02 8.6049164632e+05
3.4076140174e+02 8.6336773497e+05
3.4101863205e+02 8.6579904251e+05
3.4081128989e+02 8.6741475507e+05
3.4158967645e+02 8.6888362646e+05
3.4127979721e+02 8.6961110954e+05
3.4106400809e+02 8.7145586223e+05
3.4088604804e+02 8.7288267146e+05
3.4088574535e+02 8.7440455811e+05
3.4092055628e+02 8.7656031993e+05
3.4085233607e+02 8.7761064896e+05
3.4085098590e+02 8.7972241388e+05
3.4084681897e+02 8.8138580379e+05
3.4097739676e+02 8.8300249216e+05
3.4085852976e+02 8.8493240933e+05
3.4102086144e+02 8.8580766389e+05
3.4091302782e+02 8.8714005879e+05
3.4087067613e+02 8.8763221614e+05
3.4088292232e+02 8.8934937727e+05
3.4080580645e+02 8.9057629962e+05
3.4090240129e+02 8.9226427894e+05
3.4089760024e+02 8.9301856149e+05
3.4088044250e+02 8.9510728870e+05
3.4076105600e+02 8.9651066565e+05
3.4088555981e+02 8.9782843711e+05
3.4118370025e+02 8.9813504845e+05
3.4070484249e+02 9.0022215181e+05
3.4098180796e+02 9.0068491124e+05
3.4115405038e+02 9.0273170402e+05
3.4091660087e+02 9.0405035224e+05
3.4093950566e+02 9.0674901625e+05
3.4067144357e+02 9.0766329687e+05
3.4107630067e+02 9.0900638640e+05
3.4105009871e+02 9.1088804822e+05
3.4098131026e+02 9.1150053276e+05
3.4063005936e+02 9.1347471471e+05
3.4101420491e+02 9.1400020397e+05
3.4093348537e+02 9.1494168147e+05
3.4093147657e+02 9.1657644619e+05
3.4093316982e+02 9.1818753473e+05
3.4099591217e+02 9.1890902757e+05
3.4095007715e+02 9.2121780240e+05
3.4060566313e+02 9.2258788189e+05
3.4063175504e+02 9.2259895934e+05
3.4103219227e+02 9.2589428407e+05
3.4100129367e+02 9.2729943123e+05
3.4129423514e+02 9.2781423766e+05
3.4056885855e+02 9.3026329911e+05
3.4095453522e+02 9.3164591041e+05
3.4106979575e+02 9.3287187556e+05
3.4096581019e+02 9.3407229126e+05
3.4141864471e+02 9.3474238602e+05
3.4097862371e+02 9.3594350950e+05
3.4100629490e+02 9.3923281806e+05
3.4108188696e+02 9.3995184446e+05
3.4055389757e+02 9.4127482232e+05
3.4099634750e+02 9.4224856415e+05
3.4106394047e+02 9.4374727407e+05
3.4146467708e+02 9.4480394033e+05
3.4100777543e+02 9.4720496938e+05
3.4098935333e+02 9.4808938364e+05
3.4099494813e+02 9.4981557555e+05
3.4055360153e+02 9.5070526824e+05
3.4098400771e+02 9.5114977347e+05
3.4106890485e+02 9.5252060846e+05
3.4102479117e+02 9.5386946566e+05
3.4108441387e+02 9.5580938999e+05
3.4107096628e+02 9.5706309178e+05
3.4139997842e+02 9.5823844557e+05
3.4096801351e+02 9.6033492237e+05
3.4101179777e+02 9.6181118467e+05
3.4061897607e+02 9.6395603034e+05
3.4101785034e+02 9.6421616545e+05
3.4095570213e+02 9.6612696039e+05
3.4104782019e+02 9.6714501321e+05
3.4107085648e+02 9.6856945545e+05
3.4095819306e+02 9.6991437713e+05
3.4089172372e+02 9.7290384398e+05
3.4116518536e+02 9.7384086566e+05
3.4066066105e+02 9.7506183349e+05
3.4104099149e+02 9.7705035249e+05
3.4103811724e+02 9.7782707737e+05
3.4081353653e+02 9.7897135493e+05
3.4094642199e+02 9.7984413208e+05
3.4107834221e+02 9.8142715197e+05
3.4103724792e+02 9.8253701478e+05
3.4113790557e+02 9.8363073380e+05
3.4075926147e+02 9.8684336499e+05
3.4093957470e+02 9.9002517511e+05
3.4059331504e+02 9.9108484136e+05
3.4105459297e+02 9.9159113163e+05
3.4098314147e+02 9.9340938500e+05
3.4069772604e+02 9.9411979886e+05
3.4124904287e+02 9.9722230464e+05
3.4108673613e+02 9.9871428432e+05
3.4092805686e+02 1.0006694364e+06
3.4096389830e+02 1.0019520934e+06
3.4019220265e+02 1.0037058977e+06
3.4107328529e+02 1.0052964664e+06
3.4107724965e+02 1.0060622723e+06
3.4112722639e+02 1.0071160809e+06
3.4095101890e+02 1.0099287677e+06
3.4064333534e+02 1.0115588317e+06
3.4128296551e+02 1.0128896656e+06
3.4108818105e+02 1.0143876856e+06
3.4102577163e+02 1.0158409491e+06
3.4148023769e+02 1.0161126225e+06
3.4108781010e+02 1.0180925477e+06
3.4093206802e+02 1.0197128468e+06
3.4114899652e+02 1.0207508172e+06
3.4065540025e+02 1.0217662959e+06
3.3968043717e+02 1.0232115619e+06
3.4077540031e+02 1.0288561930e+06
3.4110316902e+02 1.0302841708e+06
3.4063775634e+02 1.0312616203e+06
3.4112455749e+02 1.0316899509e+06
3.4108572927e+02 1.0333864691e+06
3.4092525067e+02 1.0342324235e+06
3.3912453169e+02 1.0370115003e+06
3.4055044070e+02 1.0427168081e+06
3.4111241185e+02 1.0438478954e+06
3.4108489132e+02 1.0452761285e+06
3.4099398704e+02 1.0465906502e+06
3.4108335731e+02 1.0480880690e+06
3.4120681122e+02 1.0487114467e+06
3.3991544867e+02 1.0501446607e+06
3.4027652214e+02 1.0531539196e+06
3.4111244913e+02 1.0545463064e+06
3.4110604693e+02 1.0559688362e+06
3.4094128155e+02 1.0566699835e+06
3.4117735722e+02 1.0587331396e+06
3.4101545191e+02 1.0588719802e+06
3.3877349020e+02 1.0615163216e+06
3.3984622276e+02 1.0659051765e+06
3.4112246899e+02 1.0676081434e+06
3.4112957774e+02 1.0684940266e+06
3.4112189277e+02 1.0693014140e+06
3.4117676577e+02 1.0707398991e+06
3.4040153200e+02 1.0720548679e+06
3.3884168734e+02 1.0736832897e+06
3.3837622751e+02 1.0757256999e+06
3.3849808651e+02 1.0877480189e+06
3.3881977101e+02 1.0910640759e+06
3.3898292104e+02 1.0927568276e+06
3.3878621615e+02 1.0989058644e+06
3.3828924813e+02 1.0993460719e+06
3.3842452739e+02 1.1022275054e+06
3.3854187060e+02 1.1077782933e+06
3.3818672211e+02 1.1094216867e+06
3.3842271083e+02 1.1124859108e+06
3.3874424177e+02 1.1138333392e+06
3.3827962275e+02 1.1152442810e+06
3.3823368719e+02 1.1175483853e+06
3.3874788923e+02 1.1200689987e+06
3.3839701967e+02 1.1217340637e+06
3.3758339039e+02 1.1246408828e+06
3.3825996457e+02 1.1268335049e+06
3.3811318059e+02 1.1278181473e+06
3.3864787593e+02 1.1296350068e+06
3.3847019767e+02 1.1332501352e+06
3.3880922612e+02 1.1346398524e+06
3.3883786578e+02 1.1358846459e+06
3.3872013148e+02 1.1376829794e+06
3.3890900642e+02 1.1386974011e+06
3.3880244596e+02 1.1395456037e+06
3.3895176019e+02 1.1406519417e+06
3.3861768173e+02 1.1424695918e+06
3.3820178925e+02 1.1439938183e+06
3.3849424720e+02 1.1445504220e+06
3.3893139060e+02 1.1468361674e+06
3.3887948929e+02 1.1471663948e+06
3.3917549456e+02 1.1484287873e+06
3.3875081416e+02 1.1504269359e+06
3.3796484222e+02 1.1536538331e+06
3.3836649805e+02 1.1562387820e+06
3.3885477468e+02 1.1590592976e+06
3.3926611502e+02 1.1603205499e+06
3.3905095558e+02 1.1617211082e+06
3.3885685290e+02 1.1639641517e+06
3.3928902548e+02 1.1646871632e+06
3.3911580269e+02 1.1669265467e+06
3.3970711898e+02 1.1688878193e+06
3.3934412110e+02 1.1702229165e+06
3.3936217872e+02 1.1704975653e+06
3.3912460126e+02 1.1727305960e+06
3.3915470612e+02 1.1742003185e+06
3.3971324387e+02 1.1749421563e+06
3.3933261176e+02 1.1762675962e+06
3.3951834085e+02 1.1773858021e+06
3.3965370397e+02 1.1785660356e+06
3.3940086661e+02 1.1797051517e+06
3.3937203693e+02 1.1813820076e+06
3.3959554851e+02 1.1835882537e+06
3.3977521873e+02 1.1852921358e+06
3.4160270894e+02 1.1897458922e+06
3.4192703468e+02 1.1907017786e+06
3.4138885367e+02 1.1912984043e+06
3.4163016134e+02 1.1932020118e+06
3.4143834222e+02 1.1943018584e+06
3.3992722474e+02 1.1982995472e+06
3.3965764153e+02 1.1999434681e+06
3.3979792534e+02 1.2008481568e+06
3.3969126273e+02 1.2025560225e+06
3.3973632407e+02 1.2041782488e+06
3.3997165023e+02 1.2044981507e+06
3.3984547322e+02 1.2056349972e+06
3.3988254549e+02 1.2076802729e+06
3.3994327078e+02 1.2096767636e+06
3.4167984659e+02 1.2116147174e+06
3.4169953537e+02 1.2121041880e+06
3.4123267649e+02 1.2141204826e+06
3.4176346967e+02 1.2170931286e+06
3.4158183685e+02 1.2173190760e+06
3.3993548305e+02 1.2187894001e+06
3.4015936445e+02 1.2207308109e+06
3.4011885335e+02 1.2218708789e+06
3.4054850102e+02 1.2242247005e+06
3.4198300045e+02 1.2288258356e+06
3.4184880112e+02 1.2294551001e+06
3.4046280409e+02 1.2307889286e+06
3.4087746777e+02 1.2324532254e+06
3.4058504803e+02 1.2330300205e+06
3.4120364666e+02 1.2351874913e+06
3.4178878866e+02 1.2366018771e+06
3.4201364161e+02 1.2367335286e+06
3.4181157353e+02 1.2387353975e+06
3.4132014707e+02 1.2398683826e+06
3.4137834656e+02 1.2410792868e+06
3.4146729844e+02 1.2428048436e+06
3.4199623624e+02 1.2440249247e+06
3.4171405293e+02 1.2448257300e+06
3.4146075073e+02 1.2468535191e+06
3.4148199238e+02 1.2474605985e+06
3.4152442802e+02 1.2492888753e+06
3.4148238298e+02 1.2498794348e+06
3.4198914859e+02 1.2514992045e+06
3.4230075078e+02 1.2525484916e+06
3.4203340433e+02 1.2541881780e+06
3.4212985411e+02 1.2551684803e+06
3.4217007507e+02 1.2568286861e+06
3.4220541119e+02 1.2586709493e+06
3.4230729464e+02 1.2600233080e+06
3.4209905693e+02 1.2610595851e+06
3.4227335816e+02 1.2623123455e+06
3.4214593598e+02 1.2628600136e+06
3.4236139883e+02 1.2643915525e+06
3.4227974621e+02 1.2663138428e+06
3.4221687280e+02 1.2667059294e+06
3.4231683808e+02 1.2683143331e+06
3.4234015649e+02 1.2692822808e+06
3.4238131227e+02 1.2705678317e+06
3.4136485390e+02 1.2741418650e+06
3.4252949768e+02 1.2753940607e+06
3.4239022054e+02 1.2758903163e+06
3.4161870948e+02 1.2770307876e+06
3.4253315429e+02 1.2787885106e+06
3.4246595210e+02 1.2798427030e+06
3.4256919742e+02 1.2817337454e+06
3.4286937978e+02 1.2829919240e+06
3.4264026700e+02 1.2841726052e+06
3.4250367321e+02 1.2859217405e+06
3.4256164224e+02 1.2868762369e+06
3.4254402548e+02 1.2880944664e+06
3.4264345626e+02 1.2895621403e+06
3.4258191737e+02 1.2899996458e+06
3.4282789191e+02 1.2914978949e+06
3.4275084272e+02 1.2928568115e+06
3.4283993061e+02 1.2949908693e+06
3.4261761771e+02 1.2959625622e+06
3.4267334497e+02 1.2965744703e+06
3.4265946896e+02 1.2981511942e+06
3.4269838622e+02 1.3001465909e+06
3.4272784790e+02 1.3004419718e+06
3.4182314325e+02 1.3030007714e+06
3.4195947470e+02 1.3061150081e+06
3.4277925342e+02 1.3087951900e+06
3.4267702329e+02 1.3098340632e+06
3.4281863742e+02 1.3107712471e+06
3.4298281003e+02 1.3131654251e+06
3.4306841589e+02 1.3143759001e+06
3.4265381064e+02 1.3150509291e+06
3.4290179358e+02 1.3166217149e+06
3.4285458658e+02 1.3173776718e+06
3.4289861657e+02 1.3192556757e+06
3.4296650172e+02 1.3210245121e+06
3.4293852067e+02 1.3212322919e+06
3.4206977676e+02 1.3229529873e+06
3.4213676095e+02 1.3251613435e+06
3.4301660682e+02 1.3265816952e+06
3.4311055601e+02 1.3282311736e+06
3.4260811396e+02 1.3290300706e+06
3.4302499973e+02 1.3306755345e+06
3.4306431709e+02 1.3324406181e+06
3.4220630292e+02 1.3358866400e+06
3.4225370062e+02 1.3366598300e+06
3.4254602113e+02 1.3380534464e+06
3.4231819997e+02 1.3430592765e+06
3.4242561343e+02 1.3452693296e+06
3.4334919977e+02 1.3475392507e+06
3.4325933671e+02 1.3485865735e+06
3.4352987875e+02 1.3501742771e+06
3.4335227183e+02 1.3510637382e+06
3.4334259094e+02 1.3534438215e+06
3.4324080832e+02 1.3539971527e+06
3.4332168828e+02 1.3551581353e+06
3.4346829176e+02 1.3568498846e+06
3.4365128277e+02 1.3584716359e+06
3.4410048126e+02 1.3588640822e+06
3.4347495026e+02 1.3609483724e+06
3.4339391576e+02 1.3619004447e+06
3.4368454543e+02 1.3636310976e+06
3.4346845947e+02 1.3638759809e+06
3.4336988159e+02 1.3659617104e+06
3.4359742526e+02 1.3665901454e+06
3.4408824123e+02 1.3683559676e+06
3.4370794806e+02 1.3702770036e+06
3.4356801724e+02 1.3705690981e+06
3.4351495107e+02 1.3721778332e+06
3.4379080479e+02 1.3737039553e+06
3.4372976678e+02 1.3755264412e+06
3.4360892373e+02 1.3755458626e+06
3.4405045674e+02 1.3779664913e+06
3.4356443062e+02 1.3790447438e+06
3.4352409685e+02 1.3819090089e+06
3.4365347832e+02 1.3823568565e+06
3.4374596165e+02 1.3857508682e+06
3.4396923817e+02 1.3862421317e+06
3.4366941374e+02 1.3878428711e+06
3.4370386871e+02 1.3902088486e+06
3.4377698249e+02 1.3921566814e+06
3.4399111776e+02 1.3933815376e+06
3.4366295971e+02 1.3944987873e+06
3.4420362844e+02 1.3957716940e+06
3.4378844209e+02 1.3973147137e+06
3.4385764170e+02 1.3989008783e+06
3.4429817066e+02 1.3992878769e+06
3.4401135380e+02 1.4009613780e+06
3.4412217633e+02 1.4024720496e+06
3.4415720911e+02 1.4030099769e+06
3.4390298165e+02 1.4043199318e+06
3.4387846718e+02 1.4058179368e+06
3.4402136620e+02 1.4073175033e+06
3.4398475355e+02 1.4087442268e+06
3.4428273505e+02 1.4099068998e+06
3.4394703188e+02 1.4112136399e+06
3.4394218840e+02 1.4130518465e+06
3.4414985212e+02 1.4137274487e+06
3.4385055351e+02 1.4146923425e+06
3.4393316402e+02 1.4167207877e+06
3.4388935985e+02 1.4174003327e+06
3.4394688088e+02 1.4190139686e+06
3.4399330840e+02 1.4202230482e+06
3.4391618070e+02 1.4210073621e+06
3.4399844205e+02 1.4222781183e+06
3.4398423410e+02 1.4235969119e+06
3.4427295578e+02 1.4249176138e+06
3.4384490045e+02 1.4269070095e+06
3.4431850994e+02 1.4279064286e+06
3.4437017606e+02 1.4296233668e+06
3.4418786413e+02 1.4302600529e+06
3.4455354602e+02 1.4314806389e+06
3.4417721199e+02 1.4338073708e+06
3.4433863013e+02 1.4361200685e+06
3.4433272146e+02 1.4389371906e+06
3.4457767605e+02 1.4396534072e+06
3.4443510100e+02 1.4415892515e+06
3.4430599068e+02 1.4418865229e+06
3.4450805386e+02 1.4449940503e+06
3.4476958561e+02 1.4463389273e+06
3.4414985478e+02 1.4492839053e+06
3.4414795047e+02 1.4497004335e+06
3.4463560874e+02 1.4512121981e+06
3.4493810973e+02 1.4532455938e+06
3.4470156590e+02 1.4538887357e+06
3.4418723283e+02 1.4553802394e+06
3.4450976984e+02 1.4560587856e+06
3.4458401284e+02 1.4594463450e+06
3.4449233555e+02 1.4609286248e+06
3.4482488475e+02 1.4614986660e+06
3.4483054907e+02 1.4627383533e+06
3.4465942166e+02 1.4643954828e+06
3.4428807011e+02 1.4661688155e+06
3.4471540318e+02 1.4664100511e+06
3.4458240270e+02 1.4688617694e+06
3.4473044827e+02 1.4698017725e+06
3.4483327201e+02 1.4704123151e+06
3.4465469922e+02 1.4719543581e+06
3.4464514809e+02 1.4756482529e+06
3.4473664815e+02 1.4778951325e+06
3.4414972065e+02 1.4794915790e+06
3.4439700002e+02 1.4810855002e+06
3.4409956028e+02 1.4830377827e+06
3.4448215316e+02 1.4836582054e+06
3.4416128107e+02 1.4855043956e+06
3.4423708558e+02 1.4868022032e+06
3.4425351974e+02 1.4883462261e+06
3.4401682175e+02 1.4899110400e+06
3.4411528643e+02 1.4912542152e+06
3.4434058171e+02 1.4937372167e+06
3.4445731927e+02 1.4951388875e+06
3.4463712205e+02 1.4963562803e+06
3.4482373271e+02 1.4996400851e+06
3.4526070957e+02 1.5013232270e+06
3.4484881730e+02 1.5023339442e+06
3.4494700118e+02 1.5052089014e+06
3.4496147985e+02 1.5065848404e+06
3.4505613131e+02 1.5078142073e+06
3.4506406675e+02 1.5082348749e+06
3.4466464289e+02 1.5101998193e+06
3.4584599548e+02 1.5508583096e+06
3.4565305832e+02 1.5630488157e+06
3.4480247683e+02 1.5733996983e+06
3.4484542588e+02 1.5833416805e+06
3.4539017838e+02 1.5859203146e+06
3.4556289746e+02 1.5880517031e+06
3.4494089144e+02 1.5893920966e+06
3.4526423825e+02 1.5905470337e+06
3.4503729292e+02 1.5925740251e+06
3.4483308962e+02 1.5958438765e+06
3.4530000935e+02 1.5987052675e+06
3.4493955231e+02 1.5991876430e+06
3.4503136432e+02 1.6009461612e+06
}