Pressao_entrada 1198330
Pressao_saida 101300.0
Velocidade_angular 1083.84946425
Temperatura 341.902135958


Ri 0.0875
Rg 0.0979
Rm 0.1035
Ro 0.1095
h 5e-06
hg 5e-06
beta1 2.29
beta2 1
N 10

n_r_1 25
n_r_2 25
n_r_3 25
n_t_1 20
n_t_2 20
n_t_3 20
n_t_4 20
n_t_5 20
n_z_h 10
n_z_hg 10

nCells 9.5000000000e+04
minVol 1.9612866646e-03
maxVol 3.8941926147e-02
totVol 8.5066583658e+02

min_U 0.0000000000e+00
max_U 1.7843530234e+02
min_Rho 8.6671959742e-01
max_Rho 1.2234320969e+01
min_P 1.0130000000e+05
max_P 1.4017027924e+06
min_T 3.3562126897e+02
max_T 3.4548490640e+02
Force 1.2598831824e+03
Shear 1.9545766896e+03
Inlet_Flow -2.2638601452e-05
Outlet_Flow 2.2636929071e-05
Sum_Flow -1.6723814820e-09
Perc_flow 1.7674749302e-01

T_crit 275.013329195
P_crit 12742463.5102
satSize 200
composition methane_0.711759/ethane_0.123199/n-propane_0.081155/isobutane_0.004940/n-butane_0.035894/isopentane_0.002823/n-pentane_0.013712/n-hexane_0.008469/n-heptane_0.004840/n-octane_0.001210/n-nonane_0.000202/n-decane_0.000000/nitrogen_0.005747/co2_0.006050


SaturationCurve
{
2.7404950042e+02 1.0130000000e+05
2.8814529671e+02 2.4175737234e+05
2.9625622464e+02 3.8221474467e+05
3.0207372040e+02 5.2267211701e+05
3.0664385472e+02 6.6312948934e+05
3.1042060261e+02 8.0358686168e+05
3.1364393464e+02 9.4404423401e+05
3.1645651518e+02 1.0845016064e+06
3.1895022975e+02 1.2249589787e+06
3.2118788012e+02 1.3654163510e+06
3.2321441674e+02 1.5058737234e+06
3.2506321567e+02 1.6463310957e+06
3.2675980481e+02 1.7867884680e+06
3.2832418967e+02 1.9272458404e+06
3.2977236772e+02 2.0677032127e+06
3.3111735066e+02 2.2081605850e+06
3.3236987591e+02 2.3486179574e+06
3.3353891526e+02 2.4890753297e+06
3.3463204670e+02 2.6295327020e+06
3.3565573192e+02 2.7699900744e+06
3.3661552686e+02 2.9104474467e+06
3.3751624417e+02 3.0509048191e+06
3.3836208010e+02 3.1913621914e+06
3.3915671499e+02 3.3318195637e+06
3.3990339367e+02 3.4722769361e+06
3.4060499045e+02 3.6127343084e+06
3.4126406213e+02 3.7531916807e+06
3.4188289163e+02 3.8936490531e+06
3.4246352415e+02 4.0341064254e+06
3.4300779731e+02 4.1745637977e+06
3.4351736650e+02 4.3150211701e+06
3.4399372632e+02 4.4554785424e+06
3.4443822875e+02 4.5959359147e+06
3.4485209868e+02 4.7363932871e+06
3.4523644718e+02 4.8768506594e+06
3.4559228303e+02 5.0173080318e+06
3.4592052253e+02 5.1577654041e+06
3.4622199814e+02 5.2982227764e+06
3.4649746589e+02 5.4386801488e+06
3.4674761184e+02 5.5791375211e+06
3.4697305779e+02 5.7195948934e+06
3.4717436616e+02 5.8600522658e+06
3.4735204431e+02 6.0005096381e+06
3.4750654831e+02 6.1409670104e+06
3.4763828617e+02 6.2814243828e+06
3.4774762070e+02 6.4218817551e+06
3.4783487197e+02 6.5623391274e+06
3.4790031940e+02 6.7027964998e+06
3.4794420354e+02 6.8432538721e+06
3.4796672757e+02 6.9837112445e+06
3.4796805853e+02 7.1241686168e+06
3.4794832825e+02 7.2646259891e+06
3.4790763412e+02 7.4050833615e+06
3.4784603952e+02 7.5455407338e+06
3.4776357413e+02 7.6859981061e+06
3.4766023390e+02 7.8264554785e+06
3.4753598084e+02 7.9669128508e+06
3.4739074259e+02 8.1073702231e+06
3.4722441167e+02 8.2478275955e+06
3.4703684455e+02 8.3882849678e+06
3.4682786031e+02 8.5287423401e+06
3.4659723913e+02 8.6691997125e+06
3.4634472029e+02 8.8096570848e+06
3.4606999991e+02 8.9501144572e+06
3.4577272813e+02 9.0905718295e+06
3.4545250592e+02 9.2310292018e+06
3.4510888120e+02 9.3714865742e+06
3.4474134438e+02 9.5119439465e+06
3.4434932307e+02 9.6524013188e+06
3.4393217594e+02 9.7928586912e+06
3.4348918549e+02 9.9333160635e+06
3.4301954944e+02 1.0073773436e+07
3.4252237073e+02 1.0214230808e+07
3.4199664552e+02 1.0354688181e+07
3.4144124895e+02 1.0495145553e+07
3.4085491804e+02 1.0635602925e+07
3.4023623109e+02 1.0776060298e+07
3.3958358263e+02 1.0916517670e+07
3.3889515274e+02 1.1056975042e+07
3.3816886914e+02 1.1197432415e+07
3.3740235982e+02 1.1337889787e+07
3.3659289331e+02 1.1478347159e+07
3.3573730224e+02 1.1618804532e+07
3.3483188422e+02 1.1759261904e+07
3.3387227125e+02 1.1899719276e+07
3.3285325430e+02 1.2040176649e+07
3.3176854294e+02 1.2180634021e+07
3.3061042766e+02 1.2321091393e+07
3.2936929160e+02 1.2461548766e+07
3.2803288059e+02 1.2602006138e+07
3.2658516578e+02 1.2742463510e+07
3.2500448017e+02 1.2882920883e+07
3.2326026461e+02 1.3023378255e+07
3.2130689138e+02 1.3163835627e+07
3.1907051905e+02 1.3304293000e+07
3.1641595513e+02 1.3444750372e+07
3.1303553826e+02 1.3585207744e+07
3.0771330963e+02 1.3725665117e+07
3.0771330963e+02 1.3725665115e+07
3.0576871708e+02 1.3753740692e+07
3.0382412454e+02 1.3769857542e+07
3.0187953199e+02 1.3774260573e+07
2.9993493944e+02 1.3767167021e+07
2.9799034690e+02 1.3748775280e+07
2.9604575435e+02 1.3719272514e+07
2.9410116180e+02 1.3678840999e+07
2.9215656926e+02 1.3627663214e+07
2.9021197671e+02 1.3565925714e+07
2.8826738416e+02 1.3493821911e+07
2.8632279162e+02 1.3411554005e+07
2.8437819907e+02 1.3319334544e+07
2.8243360652e+02 1.3217388716e+07
2.8048901398e+02 1.3105961066e+07
2.7854442143e+02 1.2985344935e+07
2.7465523634e+02 1.2713900700e+07
2.7271064379e+02 1.2568259556e+07
2.7076605125e+02 1.2413108534e+07
2.6882145870e+02 1.2249685475e+07
2.6687686615e+02 1.2078414191e+07
2.6493227361e+02 1.1899603264e+07
2.6298768106e+02 1.1713544624e+07
2.6104308851e+02 1.1520532700e+07
2.5909849597e+02 1.1320871590e+07
2.5715390342e+02 1.1114879446e+07
2.5520931087e+02 1.0902892166e+07
2.5326471833e+02 1.0685266849e+07
2.5132012578e+02 1.0462385096e+07
2.4937553323e+02 1.0234655949e+07
2.4743094069e+02 1.0002518179e+07
2.4548634814e+02 9.7664414764e+06
2.4354175559e+02 9.5269259231e+06
2.4159716305e+02 9.2844992378e+06
2.3965257050e+02 9.0397113515e+06
2.3770797795e+02 8.7931263445e+06
2.3576338541e+02 8.5453123460e+06
2.3381879286e+02 8.2968306074e+06
2.3187420031e+02 8.0482252765e+06
2.2992960777e+02 7.8000152363e+06
2.2798501522e+02 7.5526887571e+06
2.2604042267e+02 7.3067009548e+06
2.2409583013e+02 7.0624734542e+06
2.2215123758e+02 6.8203954100e+06
2.2020664503e+02 6.5808251206e+06
2.1826205249e+02 6.3440917212e+06
2.1631745994e+02 6.1104967156e+06
2.1437286739e+02 5.8803152964e+06
2.1242827485e+02 5.6537975052e+06
2.1048368230e+02 5.4311693094e+06
2.0853908975e+02 5.2126336595e+06
2.0659449721e+02 4.9983715673e+06
2.0464990466e+02 4.7885432205e+06
2.0270531211e+02 4.5832891300e+06
2.0076071957e+02 4.3827312968e+06
1.9881612702e+02 4.1869743774e+06
1.9687153447e+02 3.9961068280e+06
1.9492694193e+02 3.8102020084e+06
1.9298234938e+02 3.6293192308e+06
1.9103775683e+02 3.4535047457e+06
1.8909316429e+02 3.2827926587e+06
1.8714857174e+02 3.1172057780e+06
1.8520397919e+02 2.9567563931e+06
1.8325938665e+02 2.8014469876e+06
1.8131479410e+02 2.6512708888e+06
1.7937020155e+02 2.5062128593e+06
1.7742560901e+02 2.3662496351e+06
1.7548101646e+02 2.2313504147e+06
1.7353642391e+02 2.1014773051e+06
1.7159183137e+02 1.9765857294e+06
1.6964723882e+02 1.8566248000e+06
1.6770264627e+02 1.7415376622e+06
1.6575805373e+02 1.6312618110e+06
1.6381346118e+02 1.5257293864e+06
1.6186886863e+02 1.4248674481e+06
1.5992427609e+02 1.3285982339e+06
1.5797968354e+02 1.2368394047e+06
1.5603509099e+02 1.1495042780e+06
1.5409049845e+02 1.0665020519e+06
1.5214590590e+02 9.8773802345e+05
1.5020131335e+02 9.1311380111e+05
1.4825672081e+02 8.4252751468e+05
1.4631212826e+02 7.7587402381e+05
1.4436753571e+02 7.1304512681e+05
1.4242294317e+02 6.5392977166e+05
1.4047835062e+02 5.9841427050e+05
1.3853375808e+02 5.4638251947e+05
1.3658916553e+02 4.9771622509e+05
1.3464457298e+02 4.5229513862e+05
1.3269998044e+02 4.0999729960e+05
1.3075538789e+02 3.7069928971e+05
1.2881079534e+02 3.3427649778e+05
1.2686620280e+02 3.0060339678e+05
1.2492161025e+02 2.6955383339e+05
1.2297701770e+02 2.4100133047e+05
1.2103242516e+02 2.1481940266e+05
1.1908783261e+02 1.9088188505e+05
1.1714324006e+02 1.6906327458e+05
1.1519864752e+02 1.4923908353e+05
1.1325405497e+02 1.3128620418e+05
1.1130946242e+02 1.1508328347e+05
}

T_margin 20.1388327403
T_sat_margin 320.059287466
T_hull_margin 340.198120206
P_hull_margin 1294574.56043

caseHull
{
3.4158905160e+02 2.9524581533e+05
3.4157770306e+02 2.9606332814e+05
3.4156509006e+02 2.9710388183e+05
3.4155169902e+02 2.9839873102e+05
3.4163501689e+02 2.9883055888e+05
3.4153763583e+02 2.9992153606e+05
3.4152321754e+02 3.0170419512e+05
3.4150865311e+02 3.0371113458e+05
3.4149432674e+02 3.0597775169e+05
3.4166110786e+02 3.0731032076e+05
3.4147998509e+02 3.0845060589e+05
3.4166340298e+02 3.0930906959e+05
3.4146526529e+02 3.1117247822e+05
3.4144945664e+02 3.1405983137e+05
3.4166641472e+02 3.1597775784e+05
3.4143357075e+02 3.1717201958e+05
3.4166579644e+02 3.1823579124e+05
3.4142069214e+02 3.2037887083e+05
3.4166278755e+02 3.2296630679e+05
3.4141627345e+02 3.2378005548e+05
3.4166047220e+02 3.2542852879e+05
3.4142345761e+02 3.2717421715e+05
3.4165714900e+02 3.2775879166e+05
3.4169262654e+02 3.2956019288e+05
3.4144065146e+02 3.3073196455e+05
3.4168017902e+02 3.3102436763e+05
3.4164915266e+02 3.3255934086e+05
3.4176945182e+02 3.3352774231e+05
3.4145856794e+02 3.3415772651e+05
3.4177720449e+02 3.3529581276e+05
3.4146659079e+02 3.3709389618e+05
3.4146300547e+02 3.3928383253e+05
3.4162888243e+02 3.3965402581e+05
3.4145340821e+02 3.4153912867e+05
3.4161597650e+02 3.4248153900e+05
3.4143870841e+02 3.4365213211e+05
3.4162142932e+02 3.4470160857e+05
3.4142225328e+02 3.4580819536e+05
3.4161462035e+02 3.4701823698e+05
3.4140569088e+02 3.4782348041e+05
3.4158777827e+02 3.4890978139e+05
3.4139125393e+02 3.4986481110e+05
3.4137908730e+02 3.5177432201e+05
3.4157536364e+02 3.5248512835e+05
3.4136987331e+02 3.5369683398e+05
3.4159485399e+02 3.5464842257e+05
3.4136282088e+02 3.5550047299e+05
3.4135802648e+02 3.5730549338e+05
3.4135471936e+02 3.5900468206e+05
3.4157614805e+02 3.6009412576e+05
3.4135304969e+02 3.6069439169e+05
3.4135246597e+02 3.6228962740e+05
3.4135319738e+02 3.6386446707e+05
3.4156770995e+02 3.6482702708e+05
3.4135488814e+02 3.6535359167e+05
3.4135774636e+02 3.6681228785e+05
3.4136151311e+02 3.6819052439e+05
3.4168094731e+02 3.6932591402e+05
3.4136633986e+02 3.6952785434e+05
3.4137200112e+02 3.7078606813e+05
3.4137855828e+02 3.7199213125e+05
3.4138578618e+02 3.7311637308e+05
3.4139366596e+02 3.7417584649e+05
3.4140197192e+02 3.7514712922e+05
3.4141944774e+02 3.7683484354e+05
3.4142833893e+02 3.7753632925e+05
3.4144587983e+02 3.7861197910e+05
3.4190340655e+02 3.7974105057e+05
3.4161615003e+02 3.8061660403e+05
3.4179064690e+02 3.8184178644e+05
3.4160057139e+02 3.8305627064e+05
3.4178682060e+02 3.8477254887e+05
3.4158544344e+02 3.8554863037e+05
3.4185869009e+02 3.8691025846e+05
3.4157161354e+02 3.8787700861e+05
3.4198296499e+02 3.8904821734e+05
3.4156073940e+02 3.9023834251e+05
3.4192011141e+02 3.9072526156e+05
3.4155225339e+02 3.9244660031e+05
3.4176009045e+02 3.9382100752e+05
3.4154660882e+02 3.9467133375e+05
3.4182346990e+02 3.9577048813e+05
3.4154276480e+02 3.9675787662e+05
3.4175547565e+02 3.9742472681e+05
3.4154094640e+02 3.9884656055e+05
3.4174328557e+02 4.0010321752e+05
3.4154032117e+02 4.0081212517e+05
3.4176026431e+02 4.0210734416e+05
3.4154119127e+02 4.0276683679e+05
3.4154298629e+02 4.0461199234e+05
3.4171494332e+02 4.0545548742e+05
3.4154602570e+02 4.0643437039e+05
3.4154990789e+02 4.0815799173e+05
3.4193215846e+02 4.0915443709e+05
3.4155489725e+02 4.0984736933e+05
3.4156066998e+02 4.1144447783e+05
3.4182573445e+02 4.1178589129e+05
3.4156739704e+02 4.1299497019e+05
3.4157480051e+02 4.1445474931e+05
3.4158293298e+02 4.1585508307e+05
3.4185611602e+02 4.1642942002e+05
3.4159151640e+02 4.1716186198e+05
3.4160053436e+02 4.1839473023e+05
3.4160972621e+02 4.1952674114e+05
3.4161902844e+02 4.2056893236e+05
3.4163727500e+02 4.2232279961e+05
3.4164603918e+02 4.2302118893e+05
3.4166267697e+02 4.2402926651e+05
3.4190865082e+02 4.2596845443e+05
3.4168394219e+02 4.2637052289e+05
3.4205794392e+02 4.2820779646e+05
3.4168808348e+02 4.2832780124e+05
3.4169342519e+02 4.3026209192e+05
3.4190552073e+02 4.3054526428e+05
3.4169950789e+02 4.3209149626e+05
3.4189425205e+02 4.3267045756e+05
3.4170663986e+02 4.3388568682e+05
3.4171444105e+02 4.3558246664e+05
3.4205403420e+02 4.3679888518e+05
3.4172309177e+02 4.3723149706e+05
3.4173224582e+02 4.3878588513e+05
3.4174196255e+02 4.4027927490e+05
3.4187215672e+02 4.4084821639e+05
3.4175191787e+02 4.4167537675e+05
3.4176209390e+02 4.4299537677e+05
3.4177221137e+02 4.4421087435e+05
3.4178222539e+02 4.4533375457e+05
3.4179192792e+02 4.4634097785e+05
3.4180130033e+02 4.4723755127e+05
3.4181874851e+02 4.4864192191e+05
3.4183448588e+02 4.4947911865e+05
3.4199599113e+02 4.5123812066e+05
3.4184215904e+02 4.5233317416e+05
3.4205901472e+02 4.5444677032e+05
3.4184076769e+02 4.5496729288e+05
3.4184166404e+02 4.5762708368e+05
3.4214063287e+02 4.5848117196e+05
3.4184362301e+02 4.6011633634e+05
3.4205949164e+02 4.6126669777e+05
3.4221843022e+02 4.6151924351e+05
3.4184724516e+02 4.6261212439e+05
3.4204700838e+02 4.6454354709e+05
3.4185162827e+02 4.6495690615e+05
3.4196775608e+02 4.6600832237e+05
3.4185736571e+02 4.6729158970e+05
3.4195911167e+02 4.6910205327e+05
3.4186377534e+02 4.6949404178e+05
3.4216409545e+02 4.7137288525e+05
3.4187134401e+02 4.7167194518e+05
3.4224366273e+02 4.7349815016e+05
3.4187953953e+02 4.7373220188e+05
3.4188870623e+02 4.7575424773e+05
3.4206307961e+02 4.7602629961e+05
3.4189839048e+02 4.7766789544e+05
3.4195153383e+02 4.7826635157e+05
3.4190878468e+02 4.7952934159e+05
3.4191947813e+02 4.8128565917e+05
3.4206701856e+02 4.8148547584e+05
3.4193054862e+02 4.8297493593e+05
3.4194165074e+02 4.8455669033e+05
3.4211235168e+02 4.8482817215e+05
3.4195278686e+02 4.8605473912e+05
3.4196366814e+02 4.8743719545e+05
3.4197427817e+02 4.8871753657e+05
3.4196625822e+02 4.8923417045e+05
3.4199408295e+02 4.9089973192e+05
3.4197267820e+02 4.9173390196e+05
3.4201176176e+02 4.9252869472e+05
3.4198042010e+02 4.9422640554e+05
3.4220674618e+02 4.9514419045e+05
3.4198872877e+02 4.9657583766e+05
3.4232105414e+02 4.9721208496e+05
3.4199817218e+02 4.9890203089e+05
3.4210560660e+02 4.9995397620e+05
3.4200813043e+02 5.0110245726e+05
3.4215789457e+02 5.0147418017e+05
3.4201898965e+02 5.0326496506e+05
3.4209855965e+02 5.0364644587e+05
3.4203022815e+02 5.0531294195e+05
3.4224275780e+02 5.0659460400e+05
3.4204207053e+02 5.0730849934e+05
3.4216827274e+02 5.0897638510e+05
3.4205407637e+02 5.0919440014e+05
3.4206635119e+02 5.1101264234e+05
3.4235414178e+02 5.1222862189e+05
3.4207851857e+02 5.1271921827e+05
3.4209062381e+02 5.1434034355e+05
3.4230541734e+02 5.1510638773e+05
3.4210238067e+02 5.1584223144e+05
3.4209514460e+02 5.1723640547e+05
3.4212466512e+02 5.1850523548e+05
3.4213500982e+02 5.1964518737e+05
3.4209865213e+02 5.2034626048e+05
3.4215382099e+02 5.2147985252e+05
3.4217007671e+02 5.2266123997e+05
3.4210414089e+02 5.2349907057e+05
3.4221862444e+02 5.2523853997e+05
3.4211018137e+02 5.2643717682e+05
3.4218974833e+02 5.2753746394e+05
3.4221210549e+02 5.2818398387e+05
3.4211779028e+02 5.2939188329e+05
3.4232413241e+02 5.3073306778e+05
3.4212587101e+02 5.3216045357e+05
3.4240882768e+02 5.3258190004e+05
3.4232876625e+02 5.3444386706e+05
3.4213529232e+02 5.3492411891e+05
3.4225762892e+02 5.3568321752e+05
3.4214516884e+02 5.3752774058e+05
3.4233650183e+02 5.3878996527e+05
3.4218443662e+02 5.3899474534e+05
3.4215614938e+02 5.4010820393e+05
3.4235531315e+02 5.4191391736e+05
3.4216752394e+02 5.4254917256e+05
3.4243286077e+02 5.4343055826e+05
3.4217974054e+02 5.4495056226e+05
3.4219046992e+02 5.4611438849e+05
3.4219222670e+02 5.4722626039e+05
3.4233753824e+02 5.4864710414e+05
3.4219514903e+02 5.4944600615e+05
3.4235651413e+02 5.5031275675e+05
3.4221838936e+02 5.5154717381e+05
3.4220173581e+02 5.5283693115e+05
3.4223177435e+02 5.5357557017e+05
3.4224503794e+02 5.5548312841e+05
3.4220863095e+02 5.5598413968e+05
3.4225824165e+02 5.5729976505e+05
3.4228994120e+02 5.5798919594e+05
3.4221717056e+02 5.5915872428e+05
3.4228353347e+02 5.6056385049e+05
3.4222603454e+02 5.6212550161e+05
3.4230666349e+02 5.6329568631e+05
3.4231721831e+02 5.6443306086e+05
3.4223623821e+02 5.6509352194e+05
3.4233615632e+02 5.6620614318e+05
3.4234445981e+02 5.6681605713e+05
3.4224679106e+02 5.6788510650e+05
3.4230252614e+02 5.6926051392e+05
3.4225848349e+02 5.7065776639e+05
3.4245218471e+02 5.7154889502e+05
3.4227051910e+02 5.7327988739e+05
3.4245322797e+02 5.7346245070e+05
3.4245977338e+02 5.7545859543e+05
3.4228346119e+02 5.7586519716e+05
3.4230422283e+02 5.7749519580e+05
3.4229670574e+02 5.7831734007e+05
3.4252439926e+02 5.7935957588e+05
3.4231063739e+02 5.8071585007e+05
3.4230675190e+02 5.8135073824e+05
3.4232477642e+02 5.8299008430e+05
3.4238539313e+02 5.8404627554e+05
3.4231166047e+02 5.8533241000e+05
3.4235056335e+02 5.8679991055e+05
3.4248748186e+02 5.8779572631e+05
3.4231663089e+02 5.8899178468e+05
3.4237968575e+02 5.9022902589e+05
3.4238274100e+02 5.9111778132e+05
3.4232357733e+02 5.9272779096e+05
3.4249969543e+02 5.9426196117e+05
3.4237619422e+02 5.9468032486e+05
3.4233055473e+02 5.9618332095e+05
3.4243486235e+02 5.9722242312e+05
3.4244610627e+02 5.9835675505e+05
3.4233923101e+02 5.9967661172e+05
3.4246598229e+02 6.0005842022e+05
3.4248861098e+02 6.0101890825e+05
3.4234811146e+02 6.0293310325e+05
3.4237581807e+02 6.0380826931e+05
3.4250039585e+02 6.0511653445e+05
3.4235842430e+02 6.0619718801e+05
3.4258920013e+02 6.0674599776e+05
3.4237837832e+02 6.0839853563e+05
3.4236902205e+02 6.0926391193e+05
3.4258291210e+02 6.1011935701e+05
3.4238037228e+02 6.1255475689e+05
3.4263301619e+02 6.1389622518e+05
3.4239310566e+02 6.1519857891e+05
3.4241258542e+02 6.1617923426e+05
3.4238480412e+02 6.1688540438e+05
3.4240648058e+02 6.1804603985e+05
3.4244155434e+02 6.1954306980e+05
3.4238881846e+02 6.2082705864e+05
3.4262694220e+02 6.2153013885e+05
3.4249158642e+02 6.2209658109e+05
3.4243523416e+02 6.2339609549e+05
3.4239496802e+02 6.2487881779e+05
3.4245053464e+02 6.2591029344e+05
3.4247273710e+02 6.2726864536e+05
3.4240092950e+02 6.2859954927e+05
3.4261239442e+02 6.2936369559e+05
3.4248265189e+02 6.3066125832e+05
3.4265541374e+02 6.3160720945e+05
3.4240873916e+02 6.3237994865e+05
3.4254079304e+02 6.3403664032e+05
3.4251502846e+02 6.3495429407e+05
3.4241653027e+02 6.3588708862e+05
3.4247116400e+02 6.3743244849e+05
3.4264617665e+02 6.3761558005e+05
3.4242598432e+02 6.3941579286e+05
3.4256033764e+02 6.4038318671e+05
3.4257394415e+02 6.4187099927e+05
3.4243580036e+02 6.4272149397e+05
3.4258671997e+02 6.4318579477e+05
3.4259854491e+02 6.4429997945e+05
3.4244721865e+02 6.4602063288e+05
3.4247308948e+02 6.4725181322e+05
3.4247296777e+02 6.4850110729e+05
3.4245931170e+02 6.4913674106e+05
3.4252825589e+02 6.5054937309e+05
3.4247422520e+02 6.5180116104e+05
3.4247303567e+02 6.5222421059e+05
3.4248767998e+02 6.5515700112e+05
3.4260655879e+02 6.5536109354e+05
3.4247788611e+02 6.5657689725e+05
3.4250379906e+02 6.5804165129e+05
3.4252069131e+02 6.6078843320e+05
3.4248062166e+02 6.6089118305e+05
3.4266483496e+02 6.6273275932e+05
3.4252868243e+02 6.6340746714e+05
3.4267363129e+02 6.6468360252e+05
3.4248554643e+02 6.6534884528e+05
3.4272657230e+02 6.6732731286e+05
3.4257530118e+02 6.6846966916e+05
3.4248997110e+02 6.6941669621e+05
3.4259362040e+02 6.7078767311e+05
3.4273979244e+02 6.7258352258e+05
3.4249644150e+02 6.7356526243e+05
3.4253084871e+02 6.7447358963e+05
3.4250291772e+02 6.7739740206e+05
3.4260256930e+02 6.7774182988e+05
3.4266174317e+02 6.7869289998e+05
3.4253384257e+02 6.8011292294e+05
3.4251140833e+02 6.8126455391e+05
3.4253869312e+02 6.8213933878e+05
3.4256050857e+02 6.8341227430e+05
3.4252038399e+02 6.8487828198e+05
3.4259264416e+02 6.8553789352e+05
3.4260455698e+02 6.8635003556e+05
3.4261793725e+02 6.8818304575e+05
3.4253153010e+02 6.8849340264e+05
3.4253767552e+02 6.9033198449e+05
3.4265611485e+02 6.9085514087e+05
3.4254379063e+02 6.9190441882e+05
3.4265143097e+02 6.9355873078e+05
3.4253918413e+02 6.9501140675e+05
3.4255826675e+02 6.9529155037e+05
3.4263173634e+02 6.9828581160e+05
3.4257411257e+02 6.9850976210e+05
3.4254328127e+02 6.9990559873e+05
3.4259186171e+02 7.0168279901e+05
3.4283964408e+02 7.0372761928e+05
3.4254631938e+02 7.0431318910e+05
3.4280121312e+02 7.0513746498e+05
3.4261989581e+02 7.0716451507e+05
3.4263065096e+02 7.0766740133e+05
3.4255183399e+02 7.0884765471e+05
3.4265106775e+02 7.1048727207e+05
3.4262954334e+02 7.1108889255e+05
3.4262160106e+02 7.1281125755e+05
3.4255721322e+02 7.1299919507e+05
3.4286255338e+02 7.1404133886e+05
3.4265403031e+02 7.1561582773e+05
3.4256520994e+02 7.1721458522e+05
3.4264839108e+02 7.1828851163e+05
3.4262629168e+02 7.1925269729e+05
3.4262864892e+02 7.1966391949e+05
3.4257408597e+02 7.2113287492e+05
3.4259773280e+02 7.2193100725e+05
3.4284634488e+02 7.2370905540e+05
3.4258112245e+02 7.2494136439e+05
3.4258578884e+02 7.2507309599e+05
3.4278637951e+02 7.2656281600e+05
3.4267104489e+02 7.2781462890e+05
3.4196486634e+02 7.2944068776e+05
3.4188893929e+02 7.2965418320e+05
3.4182180506e+02 7.3088649909e+05
3.4211832733e+02 7.3196050560e+05
3.4176118771e+02 7.3307808823e+05
3.4180127257e+02 7.3429760008e+05
3.4204195649e+02 7.3521055945e+05
3.4170649045e+02 7.3617930322e+05
3.4165933591e+02 7.4017839692e+05
3.4169283213e+02 7.4078696103e+05
3.4162097921e+02 7.4506943620e+05
3.4165617992e+02 7.4607544988e+05
3.4270142487e+02 7.4772905795e+05
3.4254230082e+02 7.4841225263e+05
3.4156798700e+02 7.5083123432e+05
3.4162068912e+02 7.5299760137e+05
3.4265547529e+02 7.5520049032e+05
3.4255921657e+02 7.5604565343e+05
3.4164210462e+02 7.5735634766e+05
3.4272039674e+02 7.5884911366e+05
3.4266453480e+02 7.5981717658e+05
3.4161586897e+02 7.6198784147e+05
3.4177354397e+02 7.6419632500e+05
3.4273042994e+02 7.6550005952e+05
3.4290330965e+02 7.6688716003e+05
3.4278362132e+02 7.6744791353e+05
3.4162067153e+02 7.6878327131e+05
3.4273556478e+02 7.7111091222e+05
3.4270291208e+02 7.7244736539e+05
3.4276062255e+02 7.7285016362e+05
3.4182142071e+02 7.7387821613e+05
3.4207512524e+02 7.7497618870e+05
3.4197909316e+02 7.7627757644e+05
3.4204921752e+02 7.7764229125e+05
3.4189001801e+02 7.7827184996e+05
3.4180556003e+02 7.8095729616e+05
3.4172575717e+02 7.8431459862e+05
3.4266596306e+02 7.8543698460e+05
3.4295697223e+02 7.8601445357e+05
3.4165161841e+02 7.8830871357e+05
3.4189624884e+02 7.9014811331e+05
3.4157156346e+02 7.9286145331e+05
3.4200543321e+02 7.9567463750e+05
3.4190328393e+02 7.9624897616e+05
3.4154410564e+02 7.9782286338e+05
3.4157333056e+02 7.9908919140e+05
3.4173827114e+02 7.9936595283e+05
3.4164947310e+02 8.0200290571e+05
3.4156510838e+02 8.0294141544e+05
3.4156694639e+02 8.0533302730e+05
3.4162394849e+02 8.0606798112e+05
3.4123302698e+02 8.0782494491e+05
3.4154381875e+02 8.0891092060e+05
3.4149019124e+02 8.0932375499e+05
3.4157868346e+02 8.1201426344e+05
3.4147320200e+02 8.1354131766e+05
3.4142106956e+02 8.1392165918e+05
3.4173530535e+02 8.1650744531e+05
3.4173610486e+02 8.1720050441e+05
3.4134938627e+02 8.1901722693e+05
3.4164590841e+02 8.2024921894e+05
3.4170844263e+02 8.2066010884e+05
3.4174135202e+02 8.2224639155e+05
3.4130739118e+02 8.2442850358e+05
3.4135120136e+02 8.2549818599e+05
3.4192758207e+02 8.2680310134e+05
3.4151373088e+02 8.2780725628e+05
3.4120673389e+02 8.2821564555e+05
3.4138848671e+02 8.2983487863e+05
3.4115620410e+02 8.3116419613e+05
3.4139426870e+02 8.3346358391e+05
3.4159583602e+02 8.3401407386e+05
3.4120023294e+02 8.3469956243e+05
3.4139145185e+02 8.3678868148e+05
3.4185349383e+02 8.3761436066e+05
3.4155812827e+02 8.3820019030e+05
3.4124114790e+02 8.3919021920e+05
3.4144210913e+02 8.4137530955e+05
3.4129331029e+02 8.4244865838e+05
3.4137965790e+02 8.4398760587e+05
3.4161026332e+02 8.4505538429e+05
3.4153781732e+02 8.4619985950e+05
3.4139928378e+02 8.4697440602e+05
3.4138220840e+02 8.4955978884e+05
3.4134302673e+02 8.5061772880e+05
3.4142919448e+02 8.5235596824e+05
3.4142013500e+02 8.5240077482e+05
3.4136244559e+02 8.5505188361e+05
3.4163823255e+02 8.5751826566e+05
3.4182354498e+02 8.5845167835e+05
3.4143023523e+02 8.5910192703e+05
3.4143497874e+02 8.6015772952e+05
3.4122190992e+02 8.6201558881e+05
3.4137778171e+02 8.6263875832e+05
3.4145623281e+02 8.6397185750e+05
3.4135500277e+02 8.6522927669e+05
3.4143645826e+02 8.6647773127e+05
3.4136532513e+02 8.6727193600e+05
3.4117584385e+02 8.6912323077e+05
3.4141779563e+02 8.7098059393e+05
3.4114824339e+02 8.7153568978e+05
3.4138864560e+02 8.7259052419e+05
3.4144320760e+02 8.7453353391e+05
3.4136633001e+02 8.7491594369e+05
3.4148441233e+02 8.7579673444e+05
3.4116974974e+02 8.7763036068e+05
3.4130209412e+02 8.7796368625e+05
3.4127563965e+02 8.7994750019e+05
3.4118943287e+02 8.8137118764e+05
3.4139678583e+02 8.8300534257e+05
3.4160835397e+02 8.8388688834e+05
3.4129142352e+02 8.8531749312e+05
3.4172593161e+02 8.8566201195e+05
3.4122484324e+02 8.8763055131e+05
3.4130615598e+02 8.8876141197e+05
3.4171528960e+02 8.8970920737e+05
3.4139229424e+02 8.9025165146e+05
3.4124080553e+02 8.9164591359e+05
3.4135237121e+02 8.9234941418e+05
3.4170361261e+02 8.9426170544e+05
3.4133455534e+02 8.9455981313e+05
3.4142775990e+02 8.9746509250e+05
3.4126551197e+02 8.9820299887e+05
3.4143106153e+02 8.9925889771e+05
3.4135609884e+02 9.0086548823e+05
3.4131751716e+02 9.0199455819e+05
3.4126987344e+02 9.0227987875e+05
3.4144468834e+02 9.0413830237e+05
3.4136368052e+02 9.0452393509e+05
3.4132208323e+02 9.0593431896e+05
3.4171010460e+02 9.0762446664e+05
3.4133212933e+02 9.0878506469e+05
3.4128811305e+02 9.0928540895e+05
3.4147919124e+02 9.1044699286e+05
3.4144516329e+02 9.1179259973e+05
3.4128323044e+02 9.1313893947e+05
3.4135022762e+02 9.1340243594e+05
3.4137786424e+02 9.1502281665e+05
3.4153700169e+02 9.1616392832e+05
3.4134667638e+02 9.1664891531e+05
3.4137086639e+02 9.1861068084e+05
3.4135265062e+02 9.1915644934e+05
3.4129954484e+02 9.2074473109e+05
3.4149965777e+02 9.2198074170e+05
3.4138092627e+02 9.2228159172e+05
3.4128665168e+02 9.2374627485e+05
3.4146826105e+02 9.2444141737e+05
3.4137945121e+02 9.2564609097e+05
3.4137208174e+02 9.2846075523e+05
3.4184128291e+02 9.2882868371e+05
3.4170948617e+02 9.3019684482e+05
3.4116489894e+02 9.3110500275e+05
3.4130652521e+02 9.3219200427e+05
3.4128448078e+02 9.3377453547e+05
3.4105125043e+02 9.3464213676e+05
3.4138064690e+02 9.3561286251e+05
3.4155954539e+02 9.3754086852e+05
3.4146469279e+02 9.3770445905e+05
3.4100832390e+02 9.3902587565e+05
3.4139369175e+02 9.4054125725e+05
3.4095815007e+02 9.4139499192e+05
3.4125772142e+02 9.4216240275e+05
3.4136508907e+02 9.4436923916e+05
3.4136419132e+02 9.4607644483e+05
3.4094569491e+02 9.4687181793e+05
3.4139451171e+02 9.4824214849e+05
3.4137801589e+02 9.4919487526e+05
3.4135536110e+02 9.4986836096e+05
3.4094915298e+02 9.5099649911e+05
3.4135804269e+02 9.5245179373e+05
3.4142296948e+02 9.5417526689e+05
3.4139366254e+02 9.5474893289e+05
3.4141137406e+02 9.5636674837e+05
3.4143342713e+02 9.5734256840e+05
3.4096348526e+02 9.5764360237e+05
3.4142740957e+02 9.5977499051e+05
3.4162174241e+02 9.5996934072e+05
3.4139410613e+02 9.6114375348e+05
3.4144725777e+02 9.6221870474e+05
3.4092084407e+02 9.6326067777e+05
3.4134364557e+02 9.6492773037e+05
3.4141754796e+02 9.6592288780e+05
3.4150745434e+02 9.6721903617e+05
3.4145064533e+02 9.6785586211e+05
3.4139460439e+02 9.6963919824e+05
3.4142072839e+02 9.7001973898e+05
3.4077705289e+02 9.7121571232e+05
3.4162565347e+02 9.7297129572e+05
3.4134018518e+02 9.7325185435e+05
3.4146938675e+02 9.7481773180e+05
3.4141156612e+02 9.7594442230e+05
3.4144966528e+02 9.7703833825e+05
3.4051905877e+02 9.7816735311e+05
3.4135951403e+02 9.7967839945e+05
3.4140464915e+02 9.8075068740e+05
3.4133405869e+02 9.8098923192e+05
3.4146881276e+02 9.8245302134e+05
3.4123113520e+02 9.8339041091e+05
3.4145997682e+02 9.8432042414e+05
3.4133535972e+02 9.8553937447e+05
3.4021420072e+02 9.8755694163e+05
3.4133810614e+02 9.8960683968e+05
3.4140496189e+02 9.9005605577e+05
3.4143736070e+02 9.9162279347e+05
3.4107751030e+02 9.9226582161e+05
3.3990215108e+02 9.9575837950e+05
3.4128818992e+02 9.9728748871e+05
3.4103108033e+02 9.9757679329e+05
3.4145198625e+02 1.0006999062e+06
3.4123461726e+02 1.0015575985e+06
3.4098381744e+02 1.0027002152e+06
3.3967762852e+02 1.0068783954e+06
3.4095498408e+02 1.0088089701e+06
3.4142054279e+02 1.0106106323e+06
3.4142692589e+02 1.0112605491e+06
3.4094545101e+02 1.0124099852e+06
3.3953901989e+02 1.0162686978e+06
3.4073627186e+02 1.0216488697e+06
3.4147402096e+02 1.0228368844e+06
3.4144714318e+02 1.0231990716e+06
3.4034722041e+02 1.0250166425e+06
3.3949876149e+02 1.0294974094e+06
3.4005352112e+02 1.0323516310e+06
3.4021052913e+02 1.0361022668e+06
3.3981073968e+02 1.0393732565e+06
3.3948117213e+02 1.0399335133e+06
3.3990518148e+02 1.0435871392e+06
3.4068669461e+02 1.0447044842e+06
3.4082279676e+02 1.0453364404e+06
3.3964331328e+02 1.0476158128e+06
3.3965297656e+02 1.0521671146e+06
3.3951426519e+02 1.0559232667e+06
3.3946017350e+02 1.0603806536e+06
3.3991820398e+02 1.0624458043e+06
3.3982598433e+02 1.0637534847e+06
3.3943057970e+02 1.0646855718e+06
3.3944514302e+02 1.0670923754e+06
3.3973507477e+02 1.0688885646e+06
3.3935371200e+02 1.0698231471e+06
3.3932606846e+02 1.0733134908e+06
3.3959048377e+02 1.0752519459e+06
3.3952686205e+02 1.0775816507e+06
3.3928013920e+02 1.0786872028e+06
3.3980616212e+02 1.0805278032e+06
3.3946593030e+02 1.0822003384e+06
3.3921603328e+02 1.0835596308e+06
3.3941410505e+02 1.0846112418e+06
3.3936529069e+02 1.0870124486e+06
3.3971032323e+02 1.0871973307e+06
3.3923673046e+02 1.0890153909e+06
3.3930591016e+02 1.0923142080e+06
3.3908124706e+02 1.0928157883e+06
3.3921490834e+02 1.0964858681e+06
3.3910982558e+02 1.0979744454e+06
3.3915403082e+02 1.0983401638e+06
3.3918357926e+02 1.0996852903e+06
3.3910220500e+02 1.1037508426e+06
3.3897703855e+02 1.1042149929e+06
3.3907637145e+02 1.1078273503e+06
3.3907273262e+02 1.1095397692e+06
3.3915106267e+02 1.1104658864e+06
3.3903322753e+02 1.1116719822e+06
3.3889753795e+02 1.1138885743e+06
3.3898793985e+02 1.1154502119e+06
3.3908493888e+02 1.1167721438e+06
3.3894070286e+02 1.1188680736e+06
3.3917540317e+02 1.1199665029e+06
3.3937082082e+02 1.1207802519e+06
3.3911385255e+02 1.1219012779e+06
3.3908241690e+02 1.1234032939e+06
3.3896972898e+02 1.1240710388e+06
3.3897193316e+02 1.1249569052e+06
3.3892986562e+02 1.1265940933e+06
3.3905081848e+02 1.1275694683e+06
3.3922669949e+02 1.1291583059e+06
3.3911603690e+02 1.1299505934e+06
3.3887599026e+02 1.1306786059e+06
3.3900471916e+02 1.1318468226e+06
3.3923568653e+02 1.1334249618e+06
3.3923987509e+02 1.1338935241e+06
3.3835858104e+02 1.1352420676e+06
3.3894088769e+02 1.1362873970e+06
3.3928034007e+02 1.1378885748e+06
3.3936078531e+02 1.1384069049e+06
3.3881966769e+02 1.1393024823e+06
3.3908872821e+02 1.1409949432e+06
3.3929088721e+02 1.1415845169e+06
3.3930195579e+02 1.1433400037e+06
3.3930593846e+02 1.1440212367e+06
3.3928422147e+02 1.1448534476e+06
3.3937013139e+02 1.1467887110e+06
3.3933335619e+02 1.1479054847e+06
3.3922845388e+02 1.1487921506e+06
3.3915611993e+02 1.1501883174e+06
3.3889585627e+02 1.1509946438e+06
3.3939824578e+02 1.1522594169e+06
3.3961638755e+02 1.1534216181e+06
3.3944341131e+02 1.1542397210e+06
3.3934873601e+02 1.1548880151e+06
3.3975221098e+02 1.1564967347e+06
3.3933766984e+02 1.1571922654e+06
3.3866331879e+02 1.1593511263e+06
3.3934650616e+02 1.1624708269e+06
3.3953388049e+02 1.1627844775e+06
3.3943676831e+02 1.1646910631e+06
3.3966007389e+02 1.1648705674e+06
3.3938252343e+02 1.1661949344e+06
3.3955549188e+02 1.1672481132e+06
3.3960065742e+02 1.1685067759e+06
3.3968523823e+02 1.1691364817e+06
3.4015641762e+02 1.1711067826e+06
3.3979680492e+02 1.1713595101e+06
3.3973674624e+02 1.1728855951e+06
3.4005497654e+02 1.1744347659e+06
3.3956034833e+02 1.1752642419e+06
3.3960817312e+02 1.1763298132e+06
3.3942728093e+02 1.1787185381e+06
3.3943951855e+02 1.1800234361e+06
3.3932461702e+02 1.1816322616e+06
3.3948468250e+02 1.1824927073e+06
3.3931059768e+02 1.1835626246e+06
3.3936105059e+02 1.1860684210e+06
3.3946629614e+02 1.1875069835e+06
3.3992266965e+02 1.1883295447e+06
3.3958723873e+02 1.1895689758e+06
3.3971707867e+02 1.1904345296e+06
3.3982651916e+02 1.1920306714e+06
3.3999973326e+02 1.1934481070e+06
3.4012500989e+02 1.1940062010e+06
3.4045497752e+02 1.1956390133e+06
3.4040835211e+02 1.1964944886e+06
3.4026529260e+02 1.1975582626e+06
3.4030334290e+02 1.1987495513e+06
3.4029188070e+02 1.2000173276e+06
3.4030250130e+02 1.2003109086e+06
3.4029371685e+02 1.2015502304e+06
3.3991704403e+02 1.2030242085e+06
3.4029232039e+02 1.2038874705e+06
3.4021917310e+02 1.2046419816e+06
3.3962537866e+02 1.2061142333e+06
3.3937458268e+02 1.2105704650e+06
3.3920452326e+02 1.2128740225e+06
3.3910120113e+02 1.2163693034e+06
3.3908275968e+02 1.2177675225e+06
3.3966145172e+02 1.2186592540e+06
3.3963638653e+02 1.2197620364e+06
3.3911841264e+02 1.2203365986e+06
3.3944939013e+02 1.2217356513e+06
3.3931637926e+02 1.2223937463e+06
3.3986721947e+02 1.2239081834e+06
3.4035343947e+02 1.2245912406e+06
3.4184765555e+02 1.2270239734e+06
3.4211836966e+02 1.2280260976e+06
3.4202804230e+02 1.2291397782e+06
3.4201787438e+02 1.2304329947e+06
3.4256112400e+02 1.2315975618e+06
3.4219371210e+02 1.2327203785e+06
3.4217912798e+02 1.2342181091e+06
3.4244001909e+02 1.2351497065e+06
3.4234540433e+02 1.2366526675e+06
3.4236155313e+02 1.2373495489e+06
3.4233764259e+02 1.2378919501e+06
3.4205718543e+02 1.2398133642e+06
3.4248598560e+02 1.2404598049e+06
3.4248467468e+02 1.2421862124e+06
3.4264181973e+02 1.2424394371e+06
3.4274824170e+02 1.2443508294e+06
3.4260913595e+02 1.2448348619e+06
3.4185541577e+02 1.2458490635e+06
3.4279424860e+02 1.2484020736e+06
3.4270791733e+02 1.2488710071e+06
3.4029752772e+02 1.2521174006e+06
3.4033322885e+02 1.2536996816e+06
3.4279901510e+02 1.2564937607e+06
3.4292980351e+02 1.2567450728e+06
3.4163019447e+02 1.2585411825e+06
3.4138082394e+02 1.2635003525e+06
3.4292295897e+02 1.2658862357e+06
3.4314184651e+02 1.2673615847e+06
3.4291736152e+02 1.2680918869e+06
3.4034783361e+02 1.2718024070e+06
3.4042111742e+02 1.2732299298e+06
3.4034937421e+02 1.2732412293e+06
3.4088744391e+02 1.2765050318e+06
3.4067275947e+02 1.2833387627e+06
3.4031354205e+02 1.2851868083e+06
3.4047854299e+02 1.2856388891e+06
3.4034181104e+02 1.2905699516e+06
3.4023657937e+02 1.2915073198e+06
3.4028509952e+02 1.2920681363e+06
3.4017878761e+02 1.2932878757e+06
3.4019812021e+02 1.2945745604e+06
3.4318462671e+02 1.2985127530e+06
3.4352789941e+02 1.2998478266e+06
3.4361803721e+02 1.3031018456e+06
3.4335799652e+02 1.3034654087e+06
3.4332462059e+02 1.3054111631e+06
3.4390519235e+02 1.3083707820e+06
3.4401707790e+02 1.3087220753e+06
3.4388761800e+02 1.3108357159e+06
3.4393570840e+02 1.3129535673e+06
3.4332055363e+02 1.3141517494e+06
3.4380951564e+02 1.3147794838e+06
3.4336833908e+02 1.3173623653e+06
3.4373072859e+02 1.3176922110e+06
3.4336371879e+02 1.3193534306e+06
3.4349485381e+02 1.3204169119e+06
3.4369471099e+02 1.3218599889e+06
3.4357846586e+02 1.3226558351e+06
3.4327336173e+02 1.3232006647e+06
3.4375116303e+02 1.3242740373e+06
3.4411522009e+02 1.3259878011e+06
3.4385190859e+02 1.3264739293e+06
3.4353055708e+02 1.3277485218e+06
3.4368767635e+02 1.3286657787e+06
3.4407954463e+02 1.3440085281e+06
3.4384824554e+02 1.3452733163e+06
3.4477846967e+02 1.3639244382e+06
3.4468740073e+02 1.3733860511e+06
3.4488753044e+02 1.3749285398e+06
3.4485974331e+02 1.3806469223e+06
3.4460995911e+02 1.3809449888e+06
3.4398854758e+02 1.3826774129e+06
3.4469027918e+02 1.3859752201e+06
3.4453717124e+02 1.3869053998e+06
3.4408404305e+02 1.3901904692e+06
3.4446591995e+02 1.3914168707e+06
3.4439926224e+02 1.3928814076e+06
3.4418489790e+02 1.3944399909e+06
3.4425482624e+02 1.3962658673e+06
3.4404676117e+02 1.3976396154e+06
3.4417363450e+02 1.4004518924e+06
3.4425020074e+02 1.4016819158e+06
}