Pressao_entrada 1198330
Pressao_saida 101300.0
Velocidade_angular 1083.84946425
Temperatura 341.559255287


Ri 0.0875
Rg 0.0979
Rm 0.1035
Ro 0.1095
h 6e-06
hg 5e-06
beta1 2.29
beta2 1
N 10

n_r_1 25
n_r_2 25
n_r_3 25
n_t_1 20
n_t_2 20
n_t_3 20
n_t_4 20
n_t_5 20
n_z_h 10
n_z_hg 10

nCells 9.5000000000e+04
minVol 2.3535439975e-03
maxVol 4.6730311376e-02
totVol 9.8682146577e+02

min_U 0.0000000000e+00
max_U 2.1649928196e+02
min_Rho 8.7379421253e-01
max_Rho 1.1135279656e+01
min_P 1.0130000000e+05
max_P 1.2740264441e+06
min_T 3.3149398115e+02
max_T 3.4411602073e+02
Force 1.2256875981e+03
Shear 1.9961346103e+03
Inlet_Flow -3.6037604386e-05
Outlet_Flow 3.6029653956e-05
Sum_Flow -7.9504306790e-09
Perc_flow 9.3087692554e-02

T_crit 275.013329195
P_crit 12742463.5102
satSize 200
composition methane_0.711759/ethane_0.123199/n-propane_0.081155/isobutane_0.004940/n-butane_0.035894/isopentane_0.002823/n-pentane_0.013712/n-hexane_0.008469/n-heptane_0.004840/n-octane_0.001210/n-nonane_0.000202/n-decane_0.000000/nitrogen_0.005747/co2_0.006050


SaturationCurve
{
2.7404950042e+02 1.0130000000e+05
2.8814529671e+02 2.4175737234e+05
2.9625622464e+02 3.8221474467e+05
3.0207372040e+02 5.2267211701e+05
3.0664385472e+02 6.6312948934e+05
3.1042060261e+02 8.0358686168e+05
3.1364393464e+02 9.4404423401e+05
3.1645651518e+02 1.0845016064e+06
3.1895022975e+02 1.2249589787e+06
3.2118788012e+02 1.3654163510e+06
3.2321441674e+02 1.5058737234e+06
3.2506321567e+02 1.6463310957e+06
3.2675980481e+02 1.7867884680e+06
3.2832418967e+02 1.9272458404e+06
3.2977236772e+02 2.0677032127e+06
3.3111735066e+02 2.2081605850e+06
3.3236987591e+02 2.3486179574e+06
3.3353891526e+02 2.4890753297e+06
3.3463204670e+02 2.6295327020e+06
3.3565573192e+02 2.7699900744e+06
3.3661552686e+02 2.9104474467e+06
3.3751624417e+02 3.0509048191e+06
3.3836208010e+02 3.1913621914e+06
3.3915671499e+02 3.3318195637e+06
3.3990339367e+02 3.4722769361e+06
3.4060499045e+02 3.6127343084e+06
3.4126406213e+02 3.7531916807e+06
3.4188289163e+02 3.8936490531e+06
3.4246352415e+02 4.0341064254e+06
3.4300779731e+02 4.1745637977e+06
3.4351736650e+02 4.3150211701e+06
3.4399372632e+02 4.4554785424e+06
3.4443822875e+02 4.5959359147e+06
3.4485209868e+02 4.7363932871e+06
3.4523644718e+02 4.8768506594e+06
3.4559228303e+02 5.0173080318e+06
3.4592052253e+02 5.1577654041e+06
3.4622199814e+02 5.2982227764e+06
3.4649746589e+02 5.4386801488e+06
3.4674761184e+02 5.5791375211e+06
3.4697305779e+02 5.7195948934e+06
3.4717436616e+02 5.8600522658e+06
3.4735204431e+02 6.0005096381e+06
3.4750654831e+02 6.1409670104e+06
3.4763828617e+02 6.2814243828e+06
3.4774762070e+02 6.4218817551e+06
3.4783487197e+02 6.5623391274e+06
3.4790031940e+02 6.7027964998e+06
3.4794420354e+02 6.8432538721e+06
3.4796672757e+02 6.9837112445e+06
3.4796805853e+02 7.1241686168e+06
3.4794832825e+02 7.2646259891e+06
3.4790763412e+02 7.4050833615e+06
3.4784603952e+02 7.5455407338e+06
3.4776357413e+02 7.6859981061e+06
3.4766023390e+02 7.8264554785e+06
3.4753598084e+02 7.9669128508e+06
3.4739074259e+02 8.1073702231e+06
3.4722441167e+02 8.2478275955e+06
3.4703684455e+02 8.3882849678e+06
3.4682786031e+02 8.5287423401e+06
3.4659723913e+02 8.6691997125e+06
3.4634472029e+02 8.8096570848e+06
3.4606999991e+02 8.9501144572e+06
3.4577272813e+02 9.0905718295e+06
3.4545250592e+02 9.2310292018e+06
3.4510888120e+02 9.3714865742e+06
3.4474134438e+02 9.5119439465e+06
3.4434932307e+02 9.6524013188e+06
3.4393217594e+02 9.7928586912e+06
3.4348918549e+02 9.9333160635e+06
3.4301954944e+02 1.0073773436e+07
3.4252237073e+02 1.0214230808e+07
3.4199664552e+02 1.0354688181e+07
3.4144124895e+02 1.0495145553e+07
3.4085491804e+02 1.0635602925e+07
3.4023623109e+02 1.0776060298e+07
3.3958358263e+02 1.0916517670e+07
3.3889515274e+02 1.1056975042e+07
3.3816886914e+02 1.1197432415e+07
3.3740235982e+02 1.1337889787e+07
3.3659289331e+02 1.1478347159e+07
3.3573730224e+02 1.1618804532e+07
3.3483188422e+02 1.1759261904e+07
3.3387227125e+02 1.1899719276e+07
3.3285325430e+02 1.2040176649e+07
3.3176854294e+02 1.2180634021e+07
3.3061042766e+02 1.2321091393e+07
3.2936929160e+02 1.2461548766e+07
3.2803288059e+02 1.2602006138e+07
3.2658516578e+02 1.2742463510e+07
3.2500448017e+02 1.2882920883e+07
3.2326026461e+02 1.3023378255e+07
3.2130689138e+02 1.3163835627e+07
3.1907051905e+02 1.3304293000e+07
3.1641595513e+02 1.3444750372e+07
3.1303553826e+02 1.3585207744e+07
3.0771330963e+02 1.3725665117e+07
3.0771330963e+02 1.3725665115e+07
3.0576871708e+02 1.3753740692e+07
3.0382412454e+02 1.3769857542e+07
3.0187953199e+02 1.3774260573e+07
2.9993493944e+02 1.3767167021e+07
2.9799034690e+02 1.3748775280e+07
2.9604575435e+02 1.3719272514e+07
2.9410116180e+02 1.3678840999e+07
2.9215656926e+02 1.3627663214e+07
2.9021197671e+02 1.3565925714e+07
2.8826738416e+02 1.3493821911e+07
2.8632279162e+02 1.3411554005e+07
2.8437819907e+02 1.3319334544e+07
2.8243360652e+02 1.3217388716e+07
2.8048901398e+02 1.3105961066e+07
2.7854442143e+02 1.2985344935e+07
2.7465523634e+02 1.2713900700e+07
2.7271064379e+02 1.2568259556e+07
2.7076605125e+02 1.2413108534e+07
2.6882145870e+02 1.2249685475e+07
2.6687686615e+02 1.2078414191e+07
2.6493227361e+02 1.1899603264e+07
2.6298768106e+02 1.1713544624e+07
2.6104308851e+02 1.1520532700e+07
2.5909849597e+02 1.1320871590e+07
2.5715390342e+02 1.1114879446e+07
2.5520931087e+02 1.0902892166e+07
2.5326471833e+02 1.0685266849e+07
2.5132012578e+02 1.0462385096e+07
2.4937553323e+02 1.0234655949e+07
2.4743094069e+02 1.0002518179e+07
2.4548634814e+02 9.7664414764e+06
2.4354175559e+02 9.5269259231e+06
2.4159716305e+02 9.2844992378e+06
2.3965257050e+02 9.0397113515e+06
2.3770797795e+02 8.7931263445e+06
2.3576338541e+02 8.5453123460e+06
2.3381879286e+02 8.2968306074e+06
2.3187420031e+02 8.0482252765e+06
2.2992960777e+02 7.8000152363e+06
2.2798501522e+02 7.5526887571e+06
2.2604042267e+02 7.3067009548e+06
2.2409583013e+02 7.0624734542e+06
2.2215123758e+02 6.8203954100e+06
2.2020664503e+02 6.5808251206e+06
2.1826205249e+02 6.3440917212e+06
2.1631745994e+02 6.1104967156e+06
2.1437286739e+02 5.8803152964e+06
2.1242827485e+02 5.6537975052e+06
2.1048368230e+02 5.4311693094e+06
2.0853908975e+02 5.2126336595e+06
2.0659449721e+02 4.9983715673e+06
2.0464990466e+02 4.7885432205e+06
2.0270531211e+02 4.5832891300e+06
2.0076071957e+02 4.3827312968e+06
1.9881612702e+02 4.1869743774e+06
1.9687153447e+02 3.9961068280e+06
1.9492694193e+02 3.8102020084e+06
1.9298234938e+02 3.6293192308e+06
1.9103775683e+02 3.4535047457e+06
1.8909316429e+02 3.2827926587e+06
1.8714857174e+02 3.1172057780e+06
1.8520397919e+02 2.9567563931e+06
1.8325938665e+02 2.8014469876e+06
1.8131479410e+02 2.6512708888e+06
1.7937020155e+02 2.5062128593e+06
1.7742560901e+02 2.3662496351e+06
1.7548101646e+02 2.2313504147e+06
1.7353642391e+02 2.1014773051e+06
1.7159183137e+02 1.9765857294e+06
1.6964723882e+02 1.8566248000e+06
1.6770264627e+02 1.7415376622e+06
1.6575805373e+02 1.6312618110e+06
1.6381346118e+02 1.5257293864e+06
1.6186886863e+02 1.4248674481e+06
1.5992427609e+02 1.3285982339e+06
1.5797968354e+02 1.2368394047e+06
1.5603509099e+02 1.1495042780e+06
1.5409049845e+02 1.0665020519e+06
1.5214590590e+02 9.8773802345e+05
1.5020131335e+02 9.1311380111e+05
1.4825672081e+02 8.4252751468e+05
1.4631212826e+02 7.7587402381e+05
1.4436753571e+02 7.1304512681e+05
1.4242294317e+02 6.5392977166e+05
1.4047835062e+02 5.9841427050e+05
1.3853375808e+02 5.4638251947e+05
1.3658916553e+02 4.9771622509e+05
1.3464457298e+02 4.5229513862e+05
1.3269998044e+02 4.0999729960e+05
1.3075538789e+02 3.7069928971e+05
1.2881079534e+02 3.3427649778e+05
1.2686620280e+02 3.0060339678e+05
1.2492161025e+02 2.6955383339e+05
1.2297701770e+02 2.4100133047e+05
1.2103242516e+02 2.1481940266e+05
1.1908783261e+02 1.9088188505e+05
1.1714324006e+02 1.6906327458e+05
1.1519864752e+02 1.4923908353e+05
1.1325405497e+02 1.3128620418e+05
1.1130946242e+02 1.1508328347e+05
}

T_margin 20.0581287048
T_sat_margin 319.380247618
T_hull_margin 339.438376323
P_hull_margin 1251951.21144

caseHull
{
3.3991006874e+02 2.9264565332e+05
3.3984940802e+02 2.9332078350e+05
3.3979019162e+02 2.9420570006e+05
3.3973316869e+02 2.9534227437e+05
3.3967951504e+02 2.9667954333e+05
3.3963074869e+02 2.9827985737e+05
3.3958834235e+02 3.0004844461e+05
3.3955371477e+02 3.0208268696e+05
3.3952758236e+02 3.0422322966e+05
3.3951017601e+02 3.0661904238e+05
3.3950047482e+02 3.0903633179e+05
3.3949787420e+02 3.1121835915e+05
3.3949861240e+02 3.1289823783e+05
3.3950139240e+02 3.1467740847e+05
3.3950559226e+02 3.1640269618e+05
3.3951123202e+02 3.1820068198e+05
3.3951764932e+02 3.1994187503e+05
3.3952494962e+02 3.2173306885e+05
3.3953258927e+02 3.2346751803e+05
3.3954070621e+02 3.2523308867e+05
3.3992516500e+02 3.2580715083e+05
3.3954889063e+02 3.2694484300e+05
3.3955732508e+02 3.2867240035e+05
3.3956575031e+02 3.3035023359e+05
3.3957440512e+02 3.3203175550e+05
3.3974936749e+02 3.3243994201e+05
3.3958316896e+02 3.3366836503e+05
3.3972226496e+02 3.3476171355e+05
3.3959227735e+02 3.3529939586e+05
3.3960165066e+02 3.3688920999e+05
3.3970337124e+02 3.3720542444e+05
3.3961143980e+02 3.3846582585e+05
3.3962153395e+02 3.4000309584e+05
3.3994712475e+02 3.4095369617e+05
3.3963198671e+02 3.4151997823e+05
3.3964266594e+02 3.4299714930e+05
3.3965356673e+02 3.4444647951e+05
3.3966456154e+02 3.4585310287e+05
3.4001117386e+02 3.4659071853e+05
3.3967561643e+02 3.4722348064e+05
3.3968661255e+02 3.4854544872e+05
3.3969749396e+02 3.4982129707e+05
3.3987563599e+02 3.5004422611e+05
3.3970518247e+02 3.5116119725e+05
3.3971852473e+02 3.5220210982e+05
3.3971274746e+02 3.5322227695e+05
3.3973808179e+02 3.5432159212e+05
3.3972083981e+02 3.5521676311e+05
3.3975569101e+02 3.5613042957e+05
3.3972968522e+02 3.5726957237e+05
3.3977794185e+02 3.5814990940e+05
3.3973867543e+02 3.5925616149e+05
3.3987374298e+02 3.6010217903e+05
3.3974804235e+02 3.6127911864e+05
3.3975732925e+02 3.6323922485e+05
3.4022969254e+02 3.6382068114e+05
3.3976682937e+02 3.6521764928e+05
3.3988050718e+02 3.6567502770e+05
3.3977626883e+02 3.6713879448e+05
3.3988647080e+02 3.6771104560e+05
3.3978596768e+02 3.6906446059e+05
3.3989406646e+02 3.6987369814e+05
3.3979577949e+02 3.7093843267e+05
3.3990242453e+02 3.7196642159e+05
3.3980597452e+02 3.7280629411e+05
3.3991192335e+02 3.7415238091e+05
3.3981641524e+02 3.7462690474e+05
3.3992170543e+02 3.7626474831e+05
3.3982726665e+02 3.7643263100e+05
3.3983837479e+02 3.7819351434e+05
3.3993215198e+02 3.7844149300e+05
3.3984979845e+02 3.7993131612e+05
3.3994255069e+02 3.8054528015e+05
3.3986138338e+02 3.8162394444e+05
3.3995328315e+02 3.8268886859e+05
3.3987313935e+02 3.8328505456e+05
3.3988493054e+02 3.8489770862e+05
3.3989673513e+02 3.8646932967e+05
3.3990843009e+02 3.8798608397e+05
3.3998536519e+02 3.8889160279e+05
3.3991997212e+02 3.8945085455e+05
3.3993124552e+02 3.9085132240e+05
3.4007854745e+02 3.9147640233e+05
3.3994219183e+02 3.9218692225e+05
3.3995271330e+02 3.9344625866e+05
3.3996275679e+02 3.9462665829e+05
3.3997225206e+02 3.9571684223e+05
3.3998116334e+02 3.9671336722e+05
3.3998945152e+02 3.9760483702e+05
3.3999710400e+02 3.9838819871e+05
3.4000410997e+02 3.9905259495e+05
3.4001622787e+02 4.0001068126e+05
3.4007594417e+02 4.0120522288e+05
3.4006888432e+02 4.0242653349e+05
3.4008509318e+02 4.0361991473e+05
3.4008179580e+02 4.0421803202e+05
3.4009469105e+02 4.0595179556e+05
3.4010787013e+02 4.0768533696e+05
3.4010529837e+02 4.0839175861e+05
3.4012088009e+02 4.0935144967e+05
3.4011594708e+02 4.1074673773e+05
3.4013373462e+02 4.1096076818e+05
3.4014639020e+02 4.1251617547e+05
3.4012713795e+02 4.1317588581e+05
3.4015873619e+02 4.1400478022e+05
3.4013811920e+02 4.1552088797e+05
3.4018223748e+02 4.1676884512e+05
3.4014941832e+02 4.1791212778e+05
3.4020362609e+02 4.1919664433e+05
3.4016050036e+02 4.2022492235e+05
3.4022242322e+02 4.2122658830e+05
3.4017191194e+02 4.2256158872e+05
3.4023833974e+02 4.2279702793e+05
3.4024736484e+02 4.2443584752e+05
3.4018331139e+02 4.2482767876e+05
3.4019517288e+02 4.2710050709e+05
3.4048580386e+02 4.2837481122e+05
3.4020722721e+02 4.2931059751e+05
3.4026811674e+02 4.2947596773e+05
3.4043149441e+02 4.3112650950e+05
3.4021978774e+02 4.3151447257e+05
3.4041178073e+02 4.3302413958e+05
3.4023258603e+02 4.3366192704e+05
3.4029065912e+02 4.3457106141e+05
3.4024578455e+02 4.3579279510e+05
3.4030235676e+02 4.3715448102e+05
3.4025915226e+02 4.3787106479e+05
3.4027277692e+02 4.3992332361e+05
3.4038871601e+02 4.4107517389e+05
3.4028646313e+02 4.4192324977e+05
3.4054716606e+02 4.4237475257e+05
3.4030025556e+02 4.4388762517e+05
3.4033703970e+02 4.4463991447e+05
3.4031399829e+02 4.4579652049e+05
3.4052944817e+02 4.4642691083e+05
3.4032769435e+02 4.4765914895e+05
3.4052208102e+02 4.4853477649e+05
3.4034120709e+02 4.4945917708e+05
3.4051531100e+02 4.5041907242e+05
3.4035450867e+02 4.5120018420e+05
3.4036747742e+02 4.5286818442e+05
3.4078238197e+02 4.5325190818e+05
3.4038006772e+02 4.5446275910e+05
3.4042227525e+02 4.5526014067e+05
3.4039217261e+02 4.5597054741e+05
3.4040373965e+02 4.5738860605e+05
3.4041468128e+02 4.5870343869e+05
3.4041416037e+02 4.5890495183e+05
3.4042495132e+02 4.5991119079e+05
3.4042832323e+02 4.6116824973e+05
3.4044324492e+02 4.6196000704e+05
3.4044260643e+02 4.6337558838e+05
3.4046471838e+02 4.6399799203e+05
3.4045713973e+02 4.6555643928e+05
3.4046557642e+02 4.6628014129e+05
3.4047171253e+02 4.6768263026e+05
3.4047685242e+02 4.6902191530e+05
3.4048638501e+02 4.6977279106e+05
3.4072825671e+02 4.7119688810e+05
3.4048866030e+02 4.7186227230e+05
3.4055671195e+02 4.7326159095e+05
3.4050008904e+02 4.7459364915e+05
3.4071293830e+02 4.7544491265e+05
3.4052989320e+02 4.7571351456e+05
3.4051204899e+02 4.7738695499e+05
3.4054403778e+02 4.7757550317e+05
3.4055784665e+02 4.7936250130e+05
3.4052389045e+02 4.8008057708e+05
3.4057128207e+02 4.8107444945e+05
3.4069899699e+02 4.8153334964e+05
3.4053640491e+02 4.8280728339e+05
3.4059199970e+02 4.8366348721e+05
3.4069523710e+02 4.8540899844e+05
3.4054907525e+02 4.8544621394e+05
3.4060338950e+02 4.8667510160e+05
3.4056246644e+02 4.8809662498e+05
3.4063944280e+02 4.8920660390e+05
3.4061431513e+02 4.8955476293e+05
3.4057610706e+02 4.9067067776e+05
3.4066293140e+02 4.9148289924e+05
3.4059034738e+02 4.9324011804e+05
3.4096616863e+02 4.9385819705e+05
3.4070542377e+02 4.9488907585e+05
3.4060478526e+02 4.9574261308e+05
3.4096922120e+02 4.9714844822e+05
3.4095380131e+02 4.9778001250e+05
3.4061963725e+02 4.9822802483e+05
3.4111793123e+02 4.9979483087e+05
3.4063458654e+02 5.0065210222e+05
3.4066055904e+02 5.0145603848e+05
3.4064978789e+02 5.0304862385e+05
3.4099452300e+02 5.0381614650e+05
3.4067278615e+02 5.0443566194e+05
3.4066501241e+02 5.0538600412e+05
3.4073041252e+02 5.0624063108e+05
3.4068034021e+02 5.0768536034e+05
3.4069558814e+02 5.0992336205e+05
3.4069798923e+02 5.1020761718e+05
3.4089335430e+02 5.1130101178e+05
3.4071076822e+02 5.1211176194e+05
3.4071117666e+02 5.1301516959e+05
3.4072573520e+02 5.1423125598e+05
3.4072516095e+02 5.1583821329e+05
3.4074049010e+02 5.1628695858e+05
3.4076842824e+02 5.1752470908e+05
3.4073935422e+02 5.1857668757e+05
3.4084500984e+02 5.1903103453e+05
3.4076895067e+02 5.2015814816e+05
3.4075416489e+02 5.2131307119e+05
3.4078251721e+02 5.2195799900e+05
3.4079556044e+02 5.2365910499e+05
3.4076913108e+02 5.2397693718e+05
3.4080798281e+02 5.2524516804e+05
3.4078453332e+02 5.2662557809e+05
3.4080304748e+02 5.2727058169e+05
3.4083072457e+02 5.2804204698e+05
3.4080003476e+02 5.2920955110e+05
3.4081426603e+02 5.3044006428e+05
3.4085865087e+02 5.3113387102e+05
3.4081582069e+02 5.3176693250e+05
3.4087831411e+02 5.3267092316e+05
3.4082636560e+02 5.3374936517e+05
3.4113194663e+02 5.3540828490e+05
3.4125873623e+02 5.3605196980e+05
3.4083811970e+02 5.3690946519e+05
3.4089136338e+02 5.3814251124e+05
3.4086349052e+02 5.3911831244e+05
3.4085085642e+02 5.4015819012e+05
3.4114147966e+02 5.4095621402e+05
3.4087935745e+02 5.4146546100e+05
3.4086355380e+02 5.4327458091e+05
3.4089503818e+02 5.4374324330e+05
3.4101275683e+02 5.4456268487e+05
3.4091053570e+02 5.4595786769e+05
3.4087722451e+02 5.4644012244e+05
3.4092571784e+02 5.4809177180e+05
3.4092933403e+02 5.4915142635e+05
3.4089099502e+02 5.4949213442e+05
3.4114716182e+02 5.5102818493e+05
3.4095496250e+02 5.5210257027e+05
3.4090555800e+02 5.5256449856e+05
3.4096887611e+02 5.5395969761e+05
3.4099695969e+02 5.5460635408e+05
3.4092021660e+02 5.5554173074e+05
3.4108135292e+02 5.5670141362e+05
3.4099489644e+02 5.5731669344e+05
3.4093546222e+02 5.5851898058e+05
3.4096467822e+02 5.5943080522e+05
3.4101803458e+02 5.6012309142e+05
3.4095078506e+02 5.6141627686e+05
3.4097757413e+02 5.6298457095e+05
3.4104612042e+02 5.6308621893e+05
3.4096652113e+02 5.6429846104e+05
3.4099002068e+02 5.6635450176e+05
3.4098234029e+02 5.6710985582e+05
3.4129524171e+02 5.6852297161e+05
3.4100366640e+02 5.6983669374e+05
3.4099847640e+02 5.6989446939e+05
3.4101465947e+02 5.7261350966e+05
3.4101712687e+02 5.7316033617e+05
3.4112818230e+02 5.7460112852e+05
3.4103101183e+02 5.7529468232e+05
3.4103159061e+02 5.7654797415e+05
3.4120642622e+02 5.7729492176e+05
3.4104732774e+02 5.7790975292e+05
3.4122419674e+02 5.7907193521e+05
3.4104591929e+02 5.7980363948e+05
3.4111105063e+02 5.8084365393e+05
3.4106096093e+02 5.8308835209e+05
3.4109155896e+02 5.8391688476e+05
3.4109584583e+02 5.8539487248e+05
3.4107588287e+02 5.8626502226e+05
3.4110384382e+02 5.8751357841e+05
3.4111156148e+02 5.8773808825e+05
3.4109134138e+02 5.8944713433e+05
3.4112695900e+02 5.8999810332e+05
3.4111776339e+02 5.9141897877e+05
3.4114192339e+02 5.9215630530e+05
3.4110677202e+02 5.9254063044e+05
3.4115642364e+02 5.9421011826e+05
3.4113083295e+02 5.9507656994e+05
3.4112264767e+02 5.9562283170e+05
3.4115756164e+02 5.9649437754e+05
3.4118368794e+02 5.9794055090e+05
3.4113858650e+02 5.9863033101e+05
3.4119631173e+02 5.9958991083e+05
3.4120817839e+02 6.0108598342e+05
3.4115490087e+02 6.0161442150e+05
3.4115951278e+02 6.0259841503e+05
3.4122929866e+02 6.0353693818e+05
3.4117130719e+02 6.0453156433e+05
3.4125355276e+02 6.0568520137e+05
3.4117482808e+02 6.0638474727e+05
3.4118798121e+02 6.0741424983e+05
3.4122507248e+02 6.0836452241e+05
3.4118964258e+02 6.0998321084e+05
3.4120469427e+02 6.1023169274e+05
3.4121854829e+02 6.1121798796e+05
3.4122149714e+02 6.1300269725e+05
3.4120528038e+02 6.1365952258e+05
3.4122389925e+02 6.1426966712e+05
3.4123821000e+02 6.1570265294e+05
3.4122934724e+02 6.1659217011e+05
3.4122040070e+02 6.1718089512e+05
3.4123810986e+02 6.1809302563e+05
3.4154987679e+02 6.1953897431e+05
3.4123604649e+02 6.2073878924e+05
3.4136693469e+02 6.2146664679e+05
3.4125485449e+02 6.2234220254e+05
3.4128746713e+02 6.2337563386e+05
3.4125128835e+02 6.2417265899e+05
3.4130328512e+02 6.2575349499e+05
3.4127035995e+02 6.2624925926e+05
3.4126691594e+02 6.2761587968e+05
3.4131870448e+02 6.2802990704e+05
3.4128004049e+02 6.3020133125e+05
3.4128233085e+02 6.3095994254e+05
3.4134798059e+02 6.3220736240e+05
3.4145556370e+02 6.3349939466e+05
3.4129812778e+02 6.3429509061e+05
3.4130177223e+02 6.3544501903e+05
3.4137469585e+02 6.3579232538e+05
3.4131390441e+02 6.3754835674e+05
3.4132232290e+02 6.3844731423e+05
3.4139818448e+02 6.3865688720e+05
3.4140848047e+02 6.3976923623e+05
3.4131188440e+02 6.4130098760e+05
3.4130470012e+02 6.4200494099e+05
3.4130085866e+02 6.4306100755e+05
3.4134630238e+02 6.4393898170e+05
3.4130288443e+02 6.4513703942e+05
3.4135653606e+02 6.4625610152e+05
3.4136286994e+02 6.4706499106e+05
3.4130887566e+02 6.4745869836e+05
3.4155758945e+02 6.4901979982e+05
3.4135985918e+02 6.4952349640e+05
3.4132219391e+02 6.5124432387e+05
3.4139638672e+02 6.5313431405e+05
3.4137769718e+02 6.5366618228e+05
3.4133804272e+02 6.5495174979e+05
3.4141324007e+02 6.5607362039e+05
3.4169227693e+02 6.5638998898e+05
3.4140553012e+02 6.5752105850e+05
3.4139876569e+02 6.5833681875e+05
3.4147459492e+02 6.5939693662e+05
3.4136259427e+02 6.6069000745e+05
3.4142164736e+02 6.6121704158e+05
3.4141830542e+02 6.6257503357e+05
3.4149696051e+02 6.6332947332e+05
3.4143723118e+02 6.6480035356e+05
3.4138626261e+02 6.6578805459e+05
3.4147946195e+02 6.6707414777e+05
3.4144020555e+02 6.6717365823e+05
3.4145309108e+02 6.6838222984e+05
3.4149525770e+02 6.6958268195e+05
3.4164415228e+02 6.7082509815e+05
3.4141459845e+02 6.7196989942e+05
3.4177492597e+02 6.7246273760e+05
3.4136781730e+02 6.7384276863e+05
3.4136107293e+02 6.7431552204e+05
3.4135777218e+02 6.7517903934e+05
3.4140526442e+02 6.7613017301e+05
3.4136068037e+02 6.7719050059e+05
3.4150088887e+02 6.7876360585e+05
3.4136799196e+02 6.7945451187e+05
3.4143734556e+02 6.7993843786e+05
3.4145892296e+02 6.8120367682e+05
3.4145445636e+02 6.8215980856e+05
3.4138337661e+02 6.8343877453e+05
3.4152217340e+02 6.8432155150e+05
3.4147649697e+02 6.8522877866e+05
3.4190500779e+02 6.8652487242e+05
3.4140171671e+02 6.8730326654e+05
3.4149905174e+02 6.8808549560e+05
3.4155086554e+02 6.8874664741e+05
3.4171011199e+02 6.9024400595e+05
3.4150853319e+02 6.9081520215e+05
3.4152815045e+02 6.9184961697e+05
3.4142995715e+02 6.9358635245e+05
3.4153296976e+02 6.9535874934e+05
3.4157693298e+02 6.9647787881e+05
3.4160251132e+02 6.9822159358e+05
3.4145839752e+02 6.9909863242e+05
3.4156096616e+02 7.0044682185e+05
3.4161982177e+02 7.0124566896e+05
3.4184250722e+02 7.0219182522e+05
3.4161070917e+02 7.0431896737e+05
3.4158598381e+02 7.0499854160e+05
3.4149226474e+02 7.0603741772e+05
3.4165390674e+02 7.0701815437e+05
3.4162715360e+02 7.0817781636e+05
3.4167855983e+02 7.0861223109e+05
3.4161288333e+02 7.0988504043e+05
3.4141061265e+02 7.1069406350e+05
3.4140515793e+02 7.1222351433e+05
3.4168658150e+02 7.1234007174e+05
3.4144695515e+02 7.1332774627e+05
3.4146249511e+02 7.1492600616e+05
3.4141357379e+02 7.1534952911e+05
3.4154762314e+02 7.1629488094e+05
3.4142419656e+02 7.1753257000e+05
3.4166172684e+02 7.1903191676e+05
3.4150436276e+02 7.1966889546e+05
3.4157545978e+02 7.2111022043e+05
3.4153298165e+02 7.2293686068e+05
3.4145281661e+02 7.2392368978e+05
3.4180959386e+02 7.2464352325e+05
3.4156291772e+02 7.2581552622e+05
3.4160958938e+02 7.2694217987e+05
3.4170656874e+02 7.2786648609e+05
3.4148012038e+02 7.2805779417e+05
3.4160264736e+02 7.2979342430e+05
3.4172344203e+02 7.3013559488e+05
3.4163982120e+02 7.3191327523e+05
3.4172712109e+02 7.3211696316e+05
3.4164419452e+02 7.3324805059e+05
3.4192220125e+02 7.3414337947e+05
3.4204217104e+02 7.3571431854e+05
3.4152705211e+02 7.3649334158e+05
3.4167418224e+02 7.3754946465e+05
3.4169615379e+02 7.3788881795e+05
3.4140705039e+02 7.3972191275e+05
3.4140821280e+02 7.4032422139e+05
3.4155312172e+02 7.4084425824e+05
3.4144578671e+02 7.4254426093e+05
3.4141837752e+02 7.4372203184e+05
3.4178510527e+02 7.4472313639e+05
3.4143090591e+02 7.4611834082e+05
3.4150484425e+02 7.4732123566e+05
3.4159527406e+02 7.4791425636e+05
3.4180284513e+02 7.4877845841e+05
3.4154442165e+02 7.4986678896e+05
3.4206796540e+02 7.5108440855e+05
3.4186773742e+02 7.5172080015e+05
3.4146352890e+02 7.5339230092e+05
3.4159622215e+02 7.5358929496e+05
3.4197759757e+02 7.5544952363e+05
3.4185616491e+02 7.5586046739e+05
3.4165084534e+02 7.5673780339e+05
3.4149831439e+02 7.5820228970e+05
3.4187155583e+02 7.5855696010e+05
3.4166989039e+02 7.5989277330e+05
3.4171666742e+02 7.6117488769e+05
3.4197376195e+02 7.6194416974e+05
3.4182517245e+02 7.6250791610e+05
3.4190008127e+02 7.6341687952e+05
3.4170417709e+02 7.6526000308e+05
3.4191297122e+02 7.6554619832e+05
3.4218010001e+02 7.6712698099e+05
3.4155312738e+02 7.6809312076e+05
3.4188841222e+02 7.6862389537e+05
3.4121452415e+02 7.7001483137e+05
3.4117813858e+02 7.7087469295e+05
3.4122207815e+02 7.7201414295e+05
3.4114422789e+02 7.7269613840e+05
3.4113784709e+02 7.7486696173e+05
3.4111538695e+02 7.7538040019e+05
3.4111028299e+02 7.7799652850e+05
3.4109441835e+02 7.7885529376e+05
3.4143200867e+02 7.8096737482e+05
3.4145314420e+02 7.8117661391e+05
3.4109124363e+02 7.8211418110e+05
3.4107169108e+02 7.8307911516e+05
3.4205948159e+02 7.8484492613e+05
3.4195017142e+02 7.8541701117e+05
3.4106094131e+02 7.8721283280e+05
3.4104022403e+02 7.8802142303e+05
3.4197167318e+02 7.8975204452e+05
3.4157316124e+02 7.9012924300e+05
3.4135608464e+02 7.9230838676e+05
3.4106854480e+02 7.9338243879e+05
3.4136408101e+02 7.9402898037e+05
3.4146785224e+02 7.9522880780e+05
3.4154733232e+02 7.9678041776e+05
3.4143104963e+02 7.9821855031e+05
3.4123830176e+02 7.9988152015e+05
3.4122222663e+02 8.0082591303e+05
3.4173221996e+02 8.0259607611e+05
3.4141605975e+02 8.0354239262e+05
3.4143078437e+02 8.0389812456e+05
3.4135502223e+02 8.0543362682e+05
3.4097841844e+02 8.0661571346e+05
3.4127353073e+02 8.0793021791e+05
3.4119562812e+02 8.0991462826e+05
3.4120151514e+02 8.1105884610e+05
3.4061169844e+02 8.1335473868e+05
3.4113635464e+02 8.1483264976e+05
3.4109747262e+02 8.1647478636e+05
3.4042942939e+02 8.1802822274e+05
3.4107988022e+02 8.1925907898e+05
3.4115556972e+02 8.2025220567e+05
3.4105400967e+02 8.2082768777e+05
3.4083980064e+02 8.2136044456e+05
3.4107149261e+02 8.2284270340e+05
3.4105077124e+02 8.2407696205e+05
3.4107342759e+02 8.2434310249e+05
3.4110255566e+02 8.2570056778e+05
3.4099941270e+02 8.2622772450e+05
3.4147653013e+02 8.2765904448e+05
3.4097855620e+02 8.2817038655e+05
3.4093511476e+02 8.3030962323e+05
3.4091653952e+02 8.3288755318e+05
3.4133891023e+02 8.3386029525e+05
3.4087853065e+02 8.3500570138e+05
3.4069659860e+02 8.3642720420e+05
3.4125844895e+02 8.3720790266e+05
3.4086378874e+02 8.3821585789e+05
3.4126432156e+02 8.3922941587e+05
3.4083045182e+02 8.4024831632e+05
3.4117771607e+02 8.4099519320e+05
3.4055047589e+02 8.4208552633e+05
3.4116169124e+02 8.4337522850e+05
3.4083260533e+02 8.4410066267e+05
3.4115488042e+02 8.4515298074e+05
3.4084597055e+02 8.4597176668e+05
3.4023926863e+02 8.4724763014e+05
3.4092279229e+02 8.5073416206e+05
3.4047913096e+02 8.5172763484e+05
3.4042960875e+02 8.5258354839e+05
3.4131896863e+02 8.5345682816e+05
3.4127356236e+02 8.5418156730e+05
3.4137449250e+02 8.5526277238e+05
3.4092274813e+02 8.5627191848e+05
3.4088644836e+02 8.5828869387e+05
3.4092171321e+02 8.5874844335e+05
3.4048723996e+02 8.6056634894e+05
3.4041235043e+02 8.6215387185e+05
3.4046072812e+02 8.6308330693e+05
3.4037517577e+02 8.6445441825e+05
3.4071791776e+02 8.6517253959e+05
3.4075301670e+02 8.6600637259e+05
3.4027687258e+02 8.6690411612e+05
3.4062848352e+02 8.6788454979e+05
3.4043395697e+02 8.6906661802e+05
3.4010439831e+02 8.6974307074e+05
3.4053048070e+02 8.7068953935e+05
3.4038656389e+02 8.7171556614e+05
3.4071564138e+02 8.7267865743e+05
3.4047410206e+02 8.7378021108e+05
3.4034962913e+02 8.7484420219e+05
3.4026241822e+02 8.7592025548e+05
3.4057808260e+02 8.7707594985e+05
3.4069064905e+02 8.7731965668e+05
3.4047327269e+02 8.7872404450e+05
3.4072934968e+02 8.8015617216e+05
3.4060468178e+02 8.8118518027e+05
3.4100323535e+02 8.8182769482e+05
3.4081840254e+02 8.8300382779e+05
3.4026721712e+02 8.8434567329e+05
3.4080768844e+02 8.8523818038e+05
3.4090308217e+02 8.8700148935e+05
3.4069754288e+02 8.8732322150e+05
3.4072070689e+02 8.8827458976e+05
3.4056354962e+02 8.9152543023e+05
3.4082426007e+02 8.9215413015e+05
3.4031510280e+02 8.9459417244e+05
3.4032991720e+02 8.9690195814e+05
3.4081522122e+02 8.9777614815e+05
3.4089544504e+02 8.9795598296e+05
3.4092206433e+02 8.9936963105e+05
3.4034839823e+02 9.0155787825e+05
3.4040596445e+02 9.0324656829e+05
3.4036313839e+02 9.0396928269e+05
3.4048502498e+02 9.0778213753e+05
3.4039982545e+02 9.0979260585e+05
3.4054975450e+02 9.1191693283e+05
3.4042412637e+02 9.1329610685e+05
3.4053001437e+02 9.1531577316e+05
3.4123720964e+02 9.1628646480e+05
3.4104017764e+02 9.1676598702e+05
3.4112578169e+02 9.1768470453e+05
3.4046451140e+02 9.1910143413e+05
3.4055100372e+02 9.2023285305e+05
3.4104154880e+02 9.2139265956e+05
3.4115096786e+02 9.2178039362e+05
3.4049344969e+02 9.2281681077e+05
3.4058943416e+02 9.2411998697e+05
3.4054688140e+02 9.2595484237e+05
3.4069167556e+02 9.2705795513e+05
3.4053622117e+02 9.2761297014e+05
3.4053847079e+02 9.2879759410e+05
3.4054150032e+02 9.2931927154e+05
3.4057186134e+02 9.3250463146e+05
3.4056352478e+02 9.3364357249e+05
3.4066049286e+02 9.3567826894e+05
3.4057873003e+02 9.3655832538e+05
3.4059023861e+02 9.3720415718e+05
3.4058979639e+02 9.3862582657e+05
3.4129155076e+02 9.3947946901e+05
3.4121735879e+02 9.4044304295e+05
3.4060868440e+02 9.4134304890e+05
3.4060415269e+02 9.4243257529e+05
3.4063090870e+02 9.4452030447e+05
3.4061424626e+02 9.4510802356e+05
3.4079245524e+02 9.4626450900e+05
3.4074150072e+02 9.4712499059e+05
3.4108438220e+02 9.4885692231e+05
3.4063865222e+02 9.4951259426e+05
3.4066022109e+02 9.5149429075e+05
3.4065762172e+02 9.5247947557e+05
3.4065368936e+02 9.5383322382e+05
3.4064822596e+02 9.5481538103e+05
3.4092098662e+02 9.5531310560e+05
3.4119782020e+02 9.5634276850e+05
3.4069369073e+02 9.5726467216e+05
3.4065637009e+02 9.5786855683e+05
3.4108308535e+02 9.5925161768e+05
3.4066288432e+02 9.6020385127e+05
3.4079759167e+02 9.6097083167e+05
3.4104086477e+02 9.6206453241e+05
3.4071244962e+02 9.6317002817e+05
3.4068426441e+02 9.6405086780e+05
3.4069273274e+02 9.6559234565e+05
3.4074584803e+02 9.6635632728e+05
3.4070295939e+02 9.6670748911e+05
3.4069752820e+02 9.6819103594e+05
3.4070365456e+02 9.7028328135e+05
3.4073975599e+02 9.7100021062e+05
3.4047384219e+02 9.7273326115e+05
3.4072486406e+02 9.7375442634e+05
3.4008909488e+02 9.7574901195e+05
3.4083285119e+02 9.7821946946e+05
3.4076346640e+02 9.7854421012e+05
3.3969987177e+02 9.8078267824e+05
3.4074617707e+02 9.8193146430e+05
3.4082538045e+02 9.8253536272e+05
3.3937151340e+02 9.8509792922e+05
3.4078022539e+02 9.8674907065e+05
3.4128429618e+02 9.8780886107e+05
3.4080698475e+02 9.8892571888e+05
3.3915995914e+02 9.9107560390e+05
3.4082522689e+02 9.9402754032e+05
3.4079942547e+02 9.9445056127e+05
3.3905240300e+02 9.9647484602e+05
3.4079605350e+02 9.9775095950e+05
3.4093034436e+02 9.9838027851e+05
3.4085696098e+02 9.9910067019e+05
3.3901177957e+02 1.0034848899e+06
3.4083967214e+02 1.0068859666e+06
3.4085473755e+02 1.0076328769e+06
3.4084052419e+02 1.0079873052e+06
3.3901012803e+02 1.0099079885e+06
3.3903876289e+02 1.0180833606e+06
3.3971526888e+02 1.0197124453e+06
3.3987522221e+02 1.0217780157e+06
3.3942933119e+02 1.0240155999e+06
3.3906755434e+02 1.0254550812e+06
3.3948358760e+02 1.0270737451e+06
3.3965799367e+02 1.0280499030e+06
3.3926976450e+02 1.0291699570e+06
3.4041280447e+02 1.0312422897e+06
3.4013570047e+02 1.0318890389e+06
3.3918980806e+02 1.0326991067e+06
3.3918789161e+02 1.0341883225e+06
3.3911472812e+02 1.0350063378e+06
3.3949021396e+02 1.0361669936e+06
3.3964954873e+02 1.0368029270e+06
3.3900261841e+02 1.0384942900e+06
3.3915197070e+02 1.0399946514e+06
3.3977575701e+02 1.0409760489e+06
3.3994746147e+02 1.0415577937e+06
3.3915334461e+02 1.0432620186e+06
3.3892174155e+02 1.0447322346e+06
3.3915119077e+02 1.0457071371e+06
3.3969764780e+02 1.0473059662e+06
3.3994936908e+02 1.0484869360e+06
3.3964260663e+02 1.0493251321e+06
3.3889729218e+02 1.0510400658e+06
3.3944284422e+02 1.0516642407e+06
3.3916786205e+02 1.0521899529e+06
3.3941503698e+02 1.0533229429e+06
3.3921509571e+02 1.0544894505e+06
3.3939569655e+02 1.0550321970e+06
3.3927298608e+02 1.0560212751e+06
3.3890921327e+02 1.0578796840e+06
3.3918177845e+02 1.0585723416e+06
3.3944533124e+02 1.0593492388e+06
3.3936654757e+02 1.0600584563e+06
3.3926601055e+02 1.0613072789e+06
3.3944579064e+02 1.0622263857e+06
3.3924850864e+02 1.0634949816e+06
3.3892529632e+02 1.0646989970e+06
3.3919744484e+02 1.0657550062e+06
3.3948827187e+02 1.0658725175e+06
3.3927800545e+02 1.0669407389e+06
3.3957511977e+02 1.0680097422e+06
3.3954263234e+02 1.0691703465e+06
3.3937826787e+02 1.0704829678e+06
3.3946934218e+02 1.0709452011e+06
3.3895349782e+02 1.0721415738e+06
3.3920050581e+02 1.0727728187e+06
3.3981069116e+02 1.0738869255e+06
3.3949611298e+02 1.0753243507e+06
3.3937419816e+02 1.0759077344e+06
3.3929717047e+02 1.0768491339e+06
3.3953161704e+02 1.0778146861e+06
3.3897565892e+02 1.0794526257e+06
3.3947003593e+02 1.0805429330e+06
3.3918465246e+02 1.0806903061e+06
3.3935508141e+02 1.0816933742e+06
3.3971684377e+02 1.0834505114e+06
3.3952266188e+02 1.0835225019e+06
3.3926519029e+02 1.0846100303e+06
3.3926931295e+02 1.0862343959e+06
3.3900472289e+02 1.0875007907e+06
3.3923317600e+02 1.0909681297e+06
3.3954677510e+02 1.0922514581e+06
3.3961420931e+02 1.0931968957e+06
3.3922436895e+02 1.0936668356e+06
3.3901110347e+02 1.0952428240e+06
3.3934037636e+02 1.0958477187e+06
3.3903269787e+02 1.0970014568e+06
3.3917458237e+02 1.0972776179e+06
3.3912613758e+02 1.0998441470e+06
3.3925394370e+02 1.1011239297e+06
3.3947687408e+02 1.1016800744e+06
3.3922565137e+02 1.1027192961e+06
3.3900984860e+02 1.1039007641e+06
3.3891720377e+02 1.1050808090e+06
3.3917682459e+02 1.1058969040e+06
3.3901975627e+02 1.1063660529e+06
3.3958785739e+02 1.1075345041e+06
3.4007765826e+02 1.1083330959e+06
3.3974176453e+02 1.1099774450e+06
3.3899533263e+02 1.1104924552e+06
3.3896105771e+02 1.1119288725e+06
3.3891718738e+02 1.1128716239e+06
3.3881700367e+02 1.1146581525e+06
3.3911588220e+02 1.1149843221e+06
3.3897212975e+02 1.1165043038e+06
3.3889863824e+02 1.1174431032e+06
3.3920868975e+02 1.1187136454e+06
3.3884696204e+02 1.1197345641e+06
3.3890215415e+02 1.1211625329e+06
3.3891238144e+02 1.1219181258e+06
3.3873378979e+02 1.1230709519e+06
3.3881403607e+02 1.1241388176e+06
3.3882249872e+02 1.1265080917e+06
3.3890183056e+02 1.1274359854e+06
3.3895931264e+02 1.1284061772e+06
3.3879102367e+02 1.1291446258e+06
3.3900633964e+02 1.1306233515e+06
3.3878411096e+02 1.1313893745e+06
3.3913701447e+02 1.1317124363e+06
3.3892590613e+02 1.1329570093e+06
3.3874209981e+02 1.1336196707e+06
3.3889894239e+02 1.1352210112e+06
3.3935214787e+02 1.1361452766e+06
3.3880971564e+02 1.1382085197e+06
3.3872410045e+02 1.1386384410e+06
3.3923560144e+02 1.1394970433e+06
3.3890909153e+02 1.1405891143e+06
3.3823638785e+02 1.1421017625e+06
3.3911825134e+02 1.1442146299e+06
3.3910341512e+02 1.1450470532e+06
3.3865915424e+02 1.1459716004e+06
3.3909581492e+02 1.1472906868e+06
3.3904189889e+02 1.1478993778e+06
3.3904337417e+02 1.1491141423e+06
3.3926197576e+02 1.1500503399e+06
3.3926074798e+02 1.1503829681e+06
3.3906494114e+02 1.1519471025e+06
3.3898128886e+02 1.1526578553e+06
3.3893534102e+02 1.1535108769e+06
3.3869597339e+02 1.1549799725e+06
3.3926850808e+02 1.1559518702e+06
3.3928152412e+02 1.1563335995e+06
3.3909400308e+02 1.1574446134e+06
3.3929118917e+02 1.1587055045e+06
3.3919559538e+02 1.1595348679e+06
3.3903136992e+02 1.1610464017e+06
3.3845209845e+02 1.1621122131e+06
3.3901306136e+02 1.1638607542e+06
3.3935165568e+02 1.1642271987e+06
3.3915073507e+02 1.1655389491e+06
3.3939769795e+02 1.1667792022e+06
3.3903044287e+02 1.1671515002e+06
3.3901582990e+02 1.1682987776e+06
3.3908695217e+02 1.1695851191e+06
3.3925095655e+02 1.1707908063e+06
3.3941318366e+02 1.1709417886e+06
3.3892725905e+02 1.1722043185e+06
3.3943914261e+02 1.1731994698e+06
3.3926458867e+02 1.1745741948e+06
3.3938962846e+02 1.1754967526e+06
3.3938448644e+02 1.1767028530e+06
3.3885124829e+02 1.1776281478e+06
3.3940815002e+02 1.1787454512e+06
3.3957401710e+02 1.1788672614e+06
3.3953664417e+02 1.1800754784e+06
3.3882655661e+02 1.1811075517e+06
3.3932861374e+02 1.1821604163e+06
3.3951056416e+02 1.1835665277e+06
3.3960195542e+02 1.1841458110e+06
3.3926731802e+02 1.1855556743e+06
3.3882175803e+02 1.1857602270e+06
3.3885651234e+02 1.1886665091e+06
3.3923932657e+02 1.1900927076e+06
3.3954726736e+02 1.1905685181e+06
3.3951268362e+02 1.1916502027e+06
3.3890718842e+02 1.1925970246e+06
3.3898297393e+02 1.1948284681e+06
3.3927743340e+02 1.1965705449e+06
3.3906217640e+02 1.1980743144e+06
3.3933585157e+02 1.1984555706e+06
3.3915180276e+02 1.1995559035e+06
3.3922951001e+02 1.2021510568e+06
3.3931254351e+02 1.2028334799e+06
3.3973136112e+02 1.2038057121e+06
3.3937351917e+02 1.2048220561e+06
3.3949692092e+02 1.2060468940e+06
3.3973845466e+02 1.2067627500e+06
3.3967612832e+02 1.2082013494e+06
3.4073025168e+02 1.2097364975e+06
3.4102463600e+02 1.2108615089e+06
3.4020705809e+02 1.2126767788e+06
3.4040673558e+02 1.2150872543e+06
3.3991239992e+02 1.2158220189e+06
3.4214127987e+02 1.2170227306e+06
3.4217394530e+02 1.2172705260e+06
3.3956457540e+02 1.2196765196e+06
3.3947025938e+02 1.2245849854e+06
3.3940644236e+02 1.2332455752e+06
3.3936777514e+02 1.2372217035e+06
3.3936676297e+02 1.2438865146e+06
3.3938676964e+02 1.2467993184e+06
3.3990747594e+02 1.2498805292e+06
3.3943837632e+02 1.2519512114e+06
3.3949706330e+02 1.2536166726e+06
3.3985636175e+02 1.2565095761e+06
3.3957418102e+02 1.2575356167e+06
3.3976895212e+02 1.2588045737e+06
3.3971534183e+02 1.2605265645e+06
3.4266066582e+02 1.2676307147e+06
3.4302499505e+02 1.2690614457e+06
3.4276050384e+02 1.2700000596e+06
3.4291115321e+02 1.2703355582e+06
3.4270217962e+02 1.2718890804e+06
3.4298891582e+02 1.2729723868e+06
3.4271339779e+02 1.2737187812e+06
}