Pressao_entrada 1198330
Pressao_saida 101300.0
Velocidade_angular 1083.84946425
Temperatura 341.158980256


Ri 0.0875
Rg 0.0979
Rm 0.1035
Ro 0.1095
h 7e-06
hg 5e-06
beta1 2.29
beta2 1
N 10

n_r_1 25
n_r_2 25
n_r_3 25
n_t_1 20
n_t_2 20
n_t_3 20
n_t_4 20
n_t_5 20
n_z_h 10
n_z_hg 10

nCells 9.5000000000e+04
minVol 2.7458013305e-03
maxVol 5.4518696606e-02
totVol 1.1229770950e+03

min_U 0.0000000000e+00
max_U 2.5653669122e+02
min_Rho 8.8218896036e-01
max_Rho 1.0918584004e+01
min_P 1.0130000000e+05
max_P 1.2367229124e+06
min_T 3.2737283799e+02
max_T 3.4323695362e+02
Force 1.2046271410e+03
Shear 2.0784463058e+03
Inlet_Flow -5.3910783250e-05
Outlet_Flow 5.3898293881e-05
Sum_Flow -1.2489368802e-08
Perc_flow 5.2996004004e-02

T_crit 275.013329195
P_crit 12742463.5102
satSize 200
composition methane_0.711759/ethane_0.123199/n-propane_0.081155/isobutane_0.004940/n-butane_0.035894/isopentane_0.002823/n-pentane_0.013712/n-hexane_0.008469/n-heptane_0.004840/n-octane_0.001210/n-nonane_0.000202/n-decane_0.000000/nitrogen_0.005747/co2_0.006050


SaturationCurve
{
2.7404950042e+02 1.0130000000e+05
2.8814529671e+02 2.4175737234e+05
2.9625622464e+02 3.8221474467e+05
3.0207372040e+02 5.2267211701e+05
3.0664385472e+02 6.6312948934e+05
3.1042060261e+02 8.0358686168e+05
3.1364393464e+02 9.4404423401e+05
3.1645651518e+02 1.0845016064e+06
3.1895022975e+02 1.2249589787e+06
3.2118788012e+02 1.3654163510e+06
3.2321441674e+02 1.5058737234e+06
3.2506321567e+02 1.6463310957e+06
3.2675980481e+02 1.7867884680e+06
3.2832418967e+02 1.9272458404e+06
3.2977236772e+02 2.0677032127e+06
3.3111735066e+02 2.2081605850e+06
3.3236987591e+02 2.3486179574e+06
3.3353891526e+02 2.4890753297e+06
3.3463204670e+02 2.6295327020e+06
3.3565573192e+02 2.7699900744e+06
3.3661552686e+02 2.9104474467e+06
3.3751624417e+02 3.0509048191e+06
3.3836208010e+02 3.1913621914e+06
3.3915671499e+02 3.3318195637e+06
3.3990339367e+02 3.4722769361e+06
3.4060499045e+02 3.6127343084e+06
3.4126406213e+02 3.7531916807e+06
3.4188289163e+02 3.8936490531e+06
3.4246352415e+02 4.0341064254e+06
3.4300779731e+02 4.1745637977e+06
3.4351736650e+02 4.3150211701e+06
3.4399372632e+02 4.4554785424e+06
3.4443822875e+02 4.5959359147e+06
3.4485209868e+02 4.7363932871e+06
3.4523644718e+02 4.8768506594e+06
3.4559228303e+02 5.0173080318e+06
3.4592052253e+02 5.1577654041e+06
3.4622199814e+02 5.2982227764e+06
3.4649746589e+02 5.4386801488e+06
3.4674761184e+02 5.5791375211e+06
3.4697305779e+02 5.7195948934e+06
3.4717436616e+02 5.8600522658e+06
3.4735204431e+02 6.0005096381e+06
3.4750654831e+02 6.1409670104e+06
3.4763828617e+02 6.2814243828e+06
3.4774762070e+02 6.4218817551e+06
3.4783487197e+02 6.5623391274e+06
3.4790031940e+02 6.7027964998e+06
3.4794420354e+02 6.8432538721e+06
3.4796672757e+02 6.9837112445e+06
3.4796805853e+02 7.1241686168e+06
3.4794832825e+02 7.2646259891e+06
3.4790763412e+02 7.4050833615e+06
3.4784603952e+02 7.5455407338e+06
3.4776357413e+02 7.6859981061e+06
3.4766023390e+02 7.8264554785e+06
3.4753598084e+02 7.9669128508e+06
3.4739074259e+02 8.1073702231e+06
3.4722441167e+02 8.2478275955e+06
3.4703684455e+02 8.3882849678e+06
3.4682786031e+02 8.5287423401e+06
3.4659723913e+02 8.6691997125e+06
3.4634472029e+02 8.8096570848e+06
3.4606999991e+02 8.9501144572e+06
3.4577272813e+02 9.0905718295e+06
3.4545250592e+02 9.2310292018e+06
3.4510888120e+02 9.3714865742e+06
3.4474134438e+02 9.5119439465e+06
3.4434932307e+02 9.6524013188e+06
3.4393217594e+02 9.7928586912e+06
3.4348918549e+02 9.9333160635e+06
3.4301954944e+02 1.0073773436e+07
3.4252237073e+02 1.0214230808e+07
3.4199664552e+02 1.0354688181e+07
3.4144124895e+02 1.0495145553e+07
3.4085491804e+02 1.0635602925e+07
3.4023623109e+02 1.0776060298e+07
3.3958358263e+02 1.0916517670e+07
3.3889515274e+02 1.1056975042e+07
3.3816886914e+02 1.1197432415e+07
3.3740235982e+02 1.1337889787e+07
3.3659289331e+02 1.1478347159e+07
3.3573730224e+02 1.1618804532e+07
3.3483188422e+02 1.1759261904e+07
3.3387227125e+02 1.1899719276e+07
3.3285325430e+02 1.2040176649e+07
3.3176854294e+02 1.2180634021e+07
3.3061042766e+02 1.2321091393e+07
3.2936929160e+02 1.2461548766e+07
3.2803288059e+02 1.2602006138e+07
3.2658516578e+02 1.2742463510e+07
3.2500448017e+02 1.2882920883e+07
3.2326026461e+02 1.3023378255e+07
3.2130689138e+02 1.3163835627e+07
3.1907051905e+02 1.3304293000e+07
3.1641595513e+02 1.3444750372e+07
3.1303553826e+02 1.3585207744e+07
3.0771330963e+02 1.3725665117e+07
3.0771330963e+02 1.3725665115e+07
3.0576871708e+02 1.3753740692e+07
3.0382412454e+02 1.3769857542e+07
3.0187953199e+02 1.3774260573e+07
2.9993493944e+02 1.3767167021e+07
2.9799034690e+02 1.3748775280e+07
2.9604575435e+02 1.3719272514e+07
2.9410116180e+02 1.3678840999e+07
2.9215656926e+02 1.3627663214e+07
2.9021197671e+02 1.3565925714e+07
2.8826738416e+02 1.3493821911e+07
2.8632279162e+02 1.3411554005e+07
2.8437819907e+02 1.3319334544e+07
2.8243360652e+02 1.3217388716e+07
2.8048901398e+02 1.3105961066e+07
2.7854442143e+02 1.2985344935e+07
2.7465523634e+02 1.2713900700e+07
2.7271064379e+02 1.2568259556e+07
2.7076605125e+02 1.2413108534e+07
2.6882145870e+02 1.2249685475e+07
2.6687686615e+02 1.2078414191e+07
2.6493227361e+02 1.1899603264e+07
2.6298768106e+02 1.1713544624e+07
2.6104308851e+02 1.1520532700e+07
2.5909849597e+02 1.1320871590e+07
2.5715390342e+02 1.1114879446e+07
2.5520931087e+02 1.0902892166e+07
2.5326471833e+02 1.0685266849e+07
2.5132012578e+02 1.0462385096e+07
2.4937553323e+02 1.0234655949e+07
2.4743094069e+02 1.0002518179e+07
2.4548634814e+02 9.7664414764e+06
2.4354175559e+02 9.5269259231e+06
2.4159716305e+02 9.2844992378e+06
2.3965257050e+02 9.0397113515e+06
2.3770797795e+02 8.7931263445e+06
2.3576338541e+02 8.5453123460e+06
2.3381879286e+02 8.2968306074e+06
2.3187420031e+02 8.0482252765e+06
2.2992960777e+02 7.8000152363e+06
2.2798501522e+02 7.5526887571e+06
2.2604042267e+02 7.3067009548e+06
2.2409583013e+02 7.0624734542e+06
2.2215123758e+02 6.8203954100e+06
2.2020664503e+02 6.5808251206e+06
2.1826205249e+02 6.3440917212e+06
2.1631745994e+02 6.1104967156e+06
2.1437286739e+02 5.8803152964e+06
2.1242827485e+02 5.6537975052e+06
2.1048368230e+02 5.4311693094e+06
2.0853908975e+02 5.2126336595e+06
2.0659449721e+02 4.9983715673e+06
2.0464990466e+02 4.7885432205e+06
2.0270531211e+02 4.5832891300e+06
2.0076071957e+02 4.3827312968e+06
1.9881612702e+02 4.1869743774e+06
1.9687153447e+02 3.9961068280e+06
1.9492694193e+02 3.8102020084e+06
1.9298234938e+02 3.6293192308e+06
1.9103775683e+02 3.4535047457e+06
1.8909316429e+02 3.2827926587e+06
1.8714857174e+02 3.1172057780e+06
1.8520397919e+02 2.9567563931e+06
1.8325938665e+02 2.8014469876e+06
1.8131479410e+02 2.6512708888e+06
1.7937020155e+02 2.5062128593e+06
1.7742560901e+02 2.3662496351e+06
1.7548101646e+02 2.2313504147e+06
1.7353642391e+02 2.1014773051e+06
1.7159183137e+02 1.9765857294e+06
1.6964723882e+02 1.8566248000e+06
1.6770264627e+02 1.7415376622e+06
1.6575805373e+02 1.6312618110e+06
1.6381346118e+02 1.5257293864e+06
1.6186886863e+02 1.4248674481e+06
1.5992427609e+02 1.3285982339e+06
1.5797968354e+02 1.2368394047e+06
1.5603509099e+02 1.1495042780e+06
1.5409049845e+02 1.0665020519e+06
1.5214590590e+02 9.8773802345e+05
1.5020131335e+02 9.1311380111e+05
1.4825672081e+02 8.4252751468e+05
1.4631212826e+02 7.7587402381e+05
1.4436753571e+02 7.1304512681e+05
1.4242294317e+02 6.5392977166e+05
1.4047835062e+02 5.9841427050e+05
1.3853375808e+02 5.4638251947e+05
1.3658916553e+02 4.9771622509e+05
1.3464457298e+02 4.5229513862e+05
1.3269998044e+02 4.0999729960e+05
1.3075538789e+02 3.7069928971e+05
1.2881079534e+02 3.3427649778e+05
1.2686620280e+02 3.0060339678e+05
1.2492161025e+02 2.6955383339e+05
1.2297701770e+02 2.4100133047e+05
1.2103242516e+02 2.1481940266e+05
1.1908783261e+02 1.9088188505e+05
1.1714324006e+02 1.6906327458e+05
1.1519864752e+02 1.4923908353e+05
1.1325405497e+02 1.3128620418e+05
1.1130946242e+02 1.1508328347e+05
}

T_margin 20.17739774
T_sat_margin 318.910343328
T_hull_margin 339.087741068
P_hull_margin 1222712.3935

caseHull
{
3.3886370646e+02 2.9329692525e+05
3.3883818942e+02 2.9398107824e+05
3.3881151231e+02 2.9490301482e+05
3.3878469578e+02 2.9597780341e+05
3.3910037938e+02 2.9620771719e+05
3.3875834207e+02 2.9730148959e+05
3.3873330662e+02 2.9873107221e+05
3.3917630480e+02 2.9970103437e+05
3.3871394968e+02 3.0010721444e+05
3.3869982204e+02 3.0120684465e+05
3.3868697926e+02 3.0240904778e+05
3.3867542189e+02 3.0361623024e+05
3.3911144014e+02 3.0398517741e+05
3.3866537256e+02 3.0490511845e+05
3.3865675595e+02 3.0619454793e+05
3.3902367010e+02 3.0718078603e+05
3.3864971332e+02 3.0754683106e+05
3.3864410908e+02 3.0889588441e+05
3.3864000303e+02 3.1029137142e+05
3.3895443909e+02 3.1058688428e+05
3.3863721429e+02 3.1168118350e+05
3.3863575736e+02 3.1310345773e+05
3.3892932364e+02 3.1411765879e+05
3.3863546509e+02 3.1451858335e+05
3.3863635046e+02 3.1595516544e+05
3.3863827515e+02 3.1738398173e+05
3.3864122739e+02 3.1882558557e+05
3.3897179734e+02 3.1942052055e+05
3.3864503851e+02 3.2025886506e+05
3.3899871757e+02 3.2117727211e+05
3.3864960897e+02 3.2169798405e+05
3.3865470869e+02 3.2312765334e+05
3.3904598695e+02 3.2420174848e+05
3.3866018108e+02 3.2455688577e+05
3.3866582051e+02 3.2597460930e+05
3.3897781316e+02 3.2721714705e+05
3.3867152920e+02 3.2738590078e+05
3.3867721616e+02 3.2878195674e+05
3.3868288726e+02 3.3016459947e+05
3.3893358769e+02 3.3033394648e+05
3.3868856291e+02 3.3152650512e+05
3.3869431695e+02 3.3286742827e+05
3.3890476860e+02 3.3315090878e+05
3.3870020663e+02 3.3418031325e+05
3.3870629798e+02 3.3546327831e+05
3.3871262332e+02 3.3670915594e+05
3.3887516030e+02 3.3734944207e+05
3.3871919527e+02 3.3791488125e+05
3.3872599469e+02 3.3907256444e+05
3.3873297172e+02 3.4017884926e+05
3.3874006422e+02 3.4122466044e+05
3.3874718167e+02 3.4220754903e+05
3.3875424948e+02 3.4311699927e+05
3.3876116636e+02 3.4395287332e+05
3.3876787489e+02 3.4470338023e+05
3.3877429075e+02 3.4537157875e+05
3.3878614215e+02 3.4643137993e+05
3.3879788509e+02 3.4720027457e+05
3.3885186823e+02 3.4825875284e+05
3.3885360905e+02 3.4988833123e+05
3.3917093606e+02 3.5003564460e+05
3.3885645974e+02 3.5150869933e+05
3.3914373221e+02 3.5205128837e+05
3.3886043035e+02 3.5314357448e+05
3.3913873283e+02 3.5443993653e+05
3.3886531286e+02 3.5476881736e+05
3.3887098845e+02 3.5640062939e+05
3.3912419852e+02 3.5743366825e+05
3.3887718275e+02 3.5802157722e+05
3.3911864248e+02 3.5897968445e+05
3.3888372988e+02 3.5964212902e+05
3.3889039874e+02 3.6124964795e+05
3.3911138271e+02 3.6222201490e+05
3.3889709190e+02 3.6284974868e+05
3.3910967415e+02 3.6389727443e+05
3.3890371831e+02 3.6443259670e+05
3.3891028864e+02 3.6600065360e+05
3.3931594533e+02 3.6670313075e+05
3.3891681870e+02 3.6754550707e+05
3.3930446046e+02 3.6822512308e+05
3.3892338326e+02 3.6906697428e+05
3.3893003498e+02 3.7055715481e+05
3.3926316360e+02 3.7108192392e+05
3.3893684270e+02 3.7201387412e+05
3.3894383833e+02 3.7342902540e+05
3.3912565270e+02 3.7412811279e+05
3.3895103750e+02 3.7479918680e+05
3.3895842076e+02 3.7611537715e+05
3.3896594086e+02 3.7737390638e+05
3.3913659571e+02 3.7809476066e+05
3.3897353397e+02 3.7856436962e+05
3.3898110781e+02 3.7968407960e+05
3.3898858309e+02 3.8072089077e+05
3.3899586097e+02 3.8167478878e+05
3.3900288621e+02 3.8253184701e+05
3.3900956947e+02 3.8329590895e+05
3.3902178796e+02 3.8450846439e+05
3.3902727643e+02 3.8495593631e+05
3.3918180410e+02 3.8605597157e+05
3.3919011049e+02 3.8771356137e+05
3.3919833236e+02 3.8934717050e+05
3.3959207727e+02 3.9042502587e+05
3.3920654241e+02 3.9095669144e+05
3.3957525494e+02 3.9198312297e+05
3.3921478596e+02 3.9253385975e+05
3.3922313122e+02 3.9407655713e+05
3.3930978317e+02 3.9454506168e+05
3.3923160582e+02 3.9557624483e+05
3.3924022677e+02 3.9702943099e+05
3.3948337001e+02 3.9737620020e+05
3.3924897106e+02 3.9842660738e+05
3.3925778826e+02 3.9976392406e+05
3.3931023838e+02 4.0012964796e+05
3.3926660864e+02 4.0103012453e+05
3.3927533850e+02 4.0222265478e+05
3.3928389211e+02 4.0332813192e+05
3.3929216426e+02 4.0434705733e+05
3.3930008918e+02 4.0526371744e+05
3.3930758189e+02 4.0608324478e+05
3.3931461433e+02 4.0678886766e+05
3.3932717044e+02 4.0787323386e+05
3.3934184182e+02 4.0864782305e+05
3.3933709796e+02 4.0961250717e+05
3.3934562102e+02 4.1151920713e+05
3.3935460756e+02 4.1341292558e+05
3.3936390604e+02 4.1530645340e+05
3.3974368855e+02 4.1632031143e+05
3.3937326313e+02 4.1718485904e+05
3.3977811674e+02 4.1840449343e+05
3.3938260292e+02 4.1905536311e+05
3.3980244243e+02 4.2047339828e+05
3.3939181589e+02 4.2090648262e+05
3.3978924357e+02 4.2178254687e+05
3.3940091808e+02 4.2274142031e+05
3.3940990173e+02 4.2455052564e+05
3.3952086164e+02 4.2548693994e+05
3.3941883479e+02 4.2633381446e+05
3.3975577990e+02 4.2675031722e+05
3.3942775318e+02 4.2808219613e+05
3.3975725729e+02 4.2891473462e+05
3.3943672668e+02 4.2979338497e+05
3.3974706331e+02 4.3044372420e+05
3.3944578221e+02 4.3145793234e+05
3.3945494114e+02 4.3307209243e+05
3.3954995318e+02 4.3354222322e+05
3.3946418009e+02 4.3462517804e+05
3.3955970674e+02 4.3556137227e+05
3.3947345823e+02 4.3611326898e+05
3.3948270833e+02 4.3752365298e+05
3.3963877684e+02 4.3854717184e+05
3.3949183683e+02 4.3885361675e+05
3.3950075745e+02 4.4008776965e+05
3.3950936391e+02 4.4122705464e+05
3.3951758964e+02 4.4225294173e+05
3.3952534590e+02 4.4317186939e+05
3.3953260624e+02 4.4396348348e+05
3.3953931961e+02 4.4463843413e+05
3.3955262632e+02 4.4570817582e+05
3.3962208017e+02 4.4745599297e+05
3.3963221223e+02 4.4937705907e+05
3.3993703801e+02 4.5073155709e+05
3.3964226624e+02 4.5127223364e+05
3.3970064241e+02 4.5217715897e+05
3.3965226730e+02 4.5313199891e+05
3.3970248920e+02 4.5430167124e+05
3.3966227964e+02 4.5495419357e+05
3.3970593522e+02 4.5648205161e+05
3.3967232515e+02 4.5672883461e+05
3.3968242789e+02 4.5845211114e+05
3.3971073396e+02 4.5864470329e+05
3.3969256803e+02 4.6011276178e+05
3.3971714010e+02 4.6084409405e+05
3.3970269722e+02 4.6170660708e+05
3.3971275310e+02 4.6321945631e+05
3.3988520723e+02 4.6341460448e+05
3.3972265111e+02 4.6464900725e+05
3.3973230112e+02 4.6597784702e+05
3.3985524537e+02 4.6691589988e+05
3.3974159517e+02 4.6720794133e+05
3.3975045987e+02 4.6831754143e+05
3.3975392945e+02 4.6962120170e+05
3.3976660191e+02 4.7017660030e+05
3.3976479519e+02 4.7180623187e+05
3.3978793845e+02 4.7210998083e+05
3.3987535256e+02 4.7353138718e+05
3.3977594107e+02 4.7399249083e+05
3.3978712404e+02 4.7616210495e+05
3.4017806674e+02 4.7679551469e+05
3.3979830604e+02 4.7832447116e+05
3.4020191630e+02 4.7887153594e+05
3.3988102960e+02 4.8023822201e+05
3.3980936215e+02 4.8046619743e+05
3.4008286486e+02 4.8209804993e+05
3.3982030796e+02 4.8259165309e+05
3.4007166113e+02 4.8359457662e+05
3.3983110729e+02 4.8468992269e+05
3.4010661548e+02 4.8531924662e+05
3.3984181119e+02 4.8676153448e+05
3.3989953376e+02 4.8717667464e+05
3.3985242601e+02 4.8879603505e+05
3.3990828955e+02 4.8949027127e+05
3.4011656498e+02 4.9042371721e+05
3.3986300679e+02 4.9079127364e+05
3.3991820227e+02 4.9182855720e+05
3.3987356654e+02 4.9273627193e+05
3.3992881974e+02 4.9415002462e+05
3.3988412921e+02 4.9462714864e+05
3.4014044647e+02 4.9618884542e+05
3.3989467610e+02 4.9645118225e+05
3.3990517596e+02 4.9820400473e+05
3.3995167731e+02 4.9880216592e+05
3.3991557037e+02 4.9987002506e+05
3.4009040064e+02 5.0034035387e+05
3.3992577835e+02 5.0144716389e+05
3.3993571681e+02 5.0291523521e+05
3.3997542242e+02 5.0342723836e+05
3.3994527920e+02 5.0427734204e+05
3.3995439226e+02 5.0550745338e+05
3.3996296199e+02 5.0661712060e+05
3.3997095447e+02 5.0757490639e+05
3.3997831704e+02 5.0840126885e+05
3.3998505781e+02 5.0906576138e+05
3.3999279904e+02 5.0972924313e+05
3.4005501043e+02 5.1128995210e+05
3.4020077722e+02 5.1216290097e+05
3.4002261144e+02 5.1250499705e+05
3.4005975806e+02 5.1372037144e+05
3.4003416459e+02 5.1471672470e+05
3.4019654683e+02 5.1600764045e+05
3.4004562548e+02 5.1689205508e+05
3.4005703278e+02 5.1902919059e+05
3.4024622476e+02 5.1916393483e+05
3.4019610599e+02 5.2088794551e+05
3.4006838266e+02 5.2111648206e+05
3.4038525549e+02 5.2228273084e+05
3.4007969174e+02 5.2315011584e+05
3.4026062148e+02 5.2385496700e+05
3.4009094040e+02 5.2511643843e+05
3.4010328531e+02 5.2623987130e+05
3.4010210174e+02 5.2701139306e+05
3.4011312125e+02 5.2881706285e+05
3.4019995025e+02 5.2965624857e+05
3.4012392669e+02 5.3053209041e+05
3.4013443676e+02 5.3213260938e+05
3.4027025797e+02 5.3253732961e+05
3.4013836771e+02 5.3376844498e+05
3.4015418098e+02 5.3497370993e+05
3.4046347715e+02 5.3549135119e+05
3.4015059851e+02 5.3627541343e+05
3.4017167545e+02 5.3725734180e+05
3.4016285400e+02 5.3876477402e+05
3.4018651865e+02 5.3892109448e+05
3.4020320907e+02 5.4017407389e+05
3.4017516864e+02 5.4124929394e+05
3.4022319822e+02 5.4225514748e+05
3.4033240881e+02 5.4307967817e+05
3.4018742266e+02 5.4371317137e+05
3.4023182970e+02 5.4491525262e+05
3.4019965015e+02 5.4616290965e+05
3.4036479965e+02 5.4670086378e+05
3.4024131670e+02 5.4753976963e+05
3.4021178594e+02 5.4858540430e+05
3.4022386407e+02 5.5098278725e+05
3.4063965870e+02 5.5152933225e+05
3.4026312356e+02 5.5286810326e+05
3.4023584948e+02 5.5334310186e+05
3.4055548539e+02 5.5436315000e+05
3.4024776460e+02 5.5566493479e+05
3.4061685117e+02 5.5591340397e+05
3.4057209852e+02 5.5760220305e+05
3.4025958256e+02 5.5793546551e+05
3.4027130597e+02 5.6015132783e+05
3.4029954243e+02 5.6088976761e+05
3.4028288603e+02 5.6229700039e+05
3.4035424342e+02 5.6319425188e+05
3.4029430636e+02 5.6436840632e+05
3.4051256133e+02 5.6485909434e+05
3.4032467421e+02 5.6621717830e+05
3.4030552667e+02 5.6634550005e+05
3.4048289360e+02 5.6788001615e+05
3.4031648392e+02 5.6822794677e+05
3.4032711254e+02 5.6998769902e+05
3.4046158509e+02 5.7070251679e+05
3.4033731773e+02 5.7163274304e+05
3.4044590419e+02 5.7242215503e+05
3.4034702947e+02 5.7312365949e+05
3.4035615002e+02 5.7448269716e+05
3.4036463213e+02 5.7565723840e+05
3.4043292889e+02 5.7576951675e+05
3.4037241924e+02 5.7668761061e+05
3.4038761111e+02 5.7836580788e+05
3.4038817631e+02 5.7936124501e+05
3.4040398775e+02 5.7964201523e+05
3.4045529227e+02 5.8061260501e+05
3.4040091714e+02 5.8193609729e+05
3.4041586603e+02 5.8246172283e+05
3.4046185460e+02 5.8344257527e+05
3.4041363106e+02 5.8447740396e+05
3.4042860407e+02 5.8534300268e+05
3.4042632869e+02 5.8698452789e+05
3.4072306854e+02 5.8740647545e+05
3.4044144875e+02 5.8818776484e+05
3.4043895584e+02 5.8944375179e+05
3.4047828749e+02 5.9056653596e+05
3.4045468372e+02 5.9106962449e+05
3.4045149458e+02 5.9185205557e+05
3.4048629391e+02 5.9336013737e+05
3.4046388649e+02 5.9419217267e+05
3.4073201400e+02 5.9468850996e+05
3.4047609110e+02 5.9646142327e+05
3.4048106158e+02 5.9679864883e+05
3.4069421221e+02 5.9810676712e+05
3.4048804655e+02 5.9863599273e+05
3.4049413880e+02 5.9965190025e+05
3.4049969120e+02 6.0071762363e+05
3.4051645762e+02 6.0182190054e+05
3.4050722869e+02 6.0251439626e+05
3.4052174748e+02 6.0450957450e+05
3.4052016969e+02 6.0535866166e+05
3.4053199364e+02 6.0618090685e+05
3.4054160176e+02 6.0771803392e+05
3.4053311046e+02 6.0820320381e+05
3.4055049884e+02 6.0904784066e+05
3.4055863831e+02 6.1023091106e+05
3.4054596914e+02 6.1102923619e+05
3.4057430837e+02 6.1217847623e+05
3.4057446094e+02 6.1277195466e+05
3.4055882960e+02 6.1384664241e+05
3.4057789637e+02 6.1519215796e+05
3.4057167495e+02 6.1663986568e+05
3.4058299732e+02 6.1759564085e+05
3.4086582039e+02 6.1901952505e+05
3.4058457367e+02 6.1941376087e+05
3.4059430867e+02 6.2048799629e+05
3.4059519230e+02 6.2217311303e+05
3.4061162389e+02 6.2330393357e+05
3.4060450155e+02 6.2480838108e+05
3.4063409967e+02 6.2602830223e+05
3.4062327519e+02 6.2752204922e+05
3.4061666695e+02 6.2787714879e+05
3.4064889002e+02 6.2908979867e+05
3.4063606744e+02 6.3013169869e+05
3.4062919794e+02 6.3077082982e+05
3.4066323710e+02 6.3212853481e+05
3.4064869018e+02 6.3267202823e+05
3.4064454160e+02 6.3398127411e+05
3.4066107620e+02 6.3514111538e+05
3.4088475463e+02 6.3580482354e+05
3.4066032702e+02 6.3704312465e+05
3.4067314156e+02 6.3751166444e+05
3.4069120846e+02 6.3821992037e+05
3.4064088830e+02 6.3904857239e+05
3.4064127206e+02 6.3998903513e+05
3.4064438147e+02 6.4099805189e+05
3.4069600315e+02 6.4192776944e+05
3.4065206141e+02 6.4343124640e+05
3.4070664638e+02 6.4395087401e+05
3.4066986799e+02 6.4470976824e+05
3.4066054870e+02 6.4565081119e+05
3.4067505439e+02 6.4700908037e+05
3.4072602937e+02 6.4749640378e+05
3.4067282404e+02 6.4890292720e+05
3.4073395929e+02 6.4999146678e+05
3.4068115437e+02 6.5111350298e+05
3.4069297695e+02 6.5209521297e+05
3.4075730902e+02 6.5247033512e+05
3.4075307064e+02 6.5328750948e+05
3.4069393996e+02 6.5413122876e+05
3.4070616151e+02 6.5681888380e+05
3.4116431465e+02 6.5746353024e+05
3.4073694862e+02 6.5808639257e+05
3.4078573768e+02 6.5927835338e+05
3.4072282113e+02 6.6012855431e+05
3.4077118506e+02 6.6119649436e+05
3.4079946258e+02 6.6219891446e+05
3.4073941783e+02 6.6315318612e+05
3.4081323325e+02 6.6508115896e+05
3.4082484250e+02 6.6631628064e+05
3.4075969767e+02 6.6661874645e+05
3.4082696602e+02 6.6790325019e+05
3.4086569585e+02 6.6835861660e+05
3.4077984004e+02 6.6985537463e+05
3.4084057448e+02 6.7066657469e+05
3.4071156008e+02 6.7165808576e+05
3.4071362263e+02 6.7265793154e+05
3.4071704626e+02 6.7327115992e+05
3.4071934826e+02 6.7459618121e+05
3.4104154217e+02 6.7522186750e+05
3.4072396141e+02 6.7654617052e+05
3.4102903596e+02 6.7703457653e+05
3.4073006467e+02 6.7850203671e+05
3.4074047412e+02 6.7879331214e+05
3.4084836925e+02 6.8027646233e+05
3.4074304739e+02 6.8110944969e+05
3.4100050796e+02 6.8182111868e+05
3.4075681227e+02 6.8260228558e+05
3.4076172260e+02 6.8359202587e+05
3.4076820171e+02 6.8504308983e+05
3.4091575636e+02 6.8577504308e+05
3.4079097353e+02 6.8673151865e+05
3.4089473312e+02 6.8721397176e+05
3.4078538872e+02 6.8853444556e+05
3.4082841504e+02 6.8966639754e+05
3.4091739012e+02 6.9065333604e+05
3.4080159093e+02 6.9150169989e+05
3.4094280244e+02 6.9220710648e+05
3.4087758401e+02 6.9327321198e+05
3.4094008917e+02 6.9415698653e+05
3.4082321123e+02 6.9526363666e+05
3.4093234532e+02 6.9661396796e+05
3.4096190111e+02 6.9760703953e+05
3.4084406672e+02 6.9858323805e+05
3.4098335353e+02 7.0109695893e+05
3.4098279570e+02 7.0169859240e+05
3.4086924465e+02 7.0245277817e+05
3.4129228849e+02 7.0324304850e+05
3.4099617544e+02 7.0479443864e+05
3.4089353620e+02 7.0597955545e+05
3.4130100369e+02 7.0668659965e+05
3.4100954043e+02 7.0782992557e+05
3.4102364522e+02 7.0804223935e+05
3.4079476267e+02 7.0902019346e+05
3.4092066629e+02 7.0985840412e+05
3.4079998231e+02 7.1129044746e+05
3.4080660705e+02 7.1218691186e+05
3.4094677802e+02 7.1348789571e+05
3.4081833716e+02 7.1422941717e+05
3.4106056923e+02 7.1500697690e+05
3.4082689028e+02 7.1620213407e+05
3.4097460355e+02 7.1732830255e+05
3.4083823898e+02 7.1821672288e+05
3.4084921386e+02 7.1907958297e+05
3.4117610165e+02 7.1953943156e+05
3.4100152496e+02 7.2099439465e+05
3.4087500401e+02 7.2160623448e+05
3.4086034249e+02 7.2206887706e+05
3.4143604876e+02 7.2355855546e+05
3.4102937078e+02 7.2478229549e+05
3.4087809234e+02 7.2493587128e+05
3.4109179052e+02 7.2623801927e+05
3.4146010072e+02 7.2730600999e+05
3.4096113229e+02 7.2792497278e+05
3.4090468366e+02 7.2911901433e+05
3.4110729820e+02 7.2991557616e+05
3.4111322660e+02 7.3128438125e+05
3.4102117025e+02 7.3171559517e+05
3.4092765636e+02 7.3253403377e+05
3.4112496835e+02 7.3374246128e+05
3.4108562204e+02 7.3507648370e+05
3.4111031837e+02 7.3586134037e+05
3.4095693800e+02 7.3680623305e+05
3.4082813965e+02 7.3808348907e+05
3.4081780206e+02 7.3830248884e+05
3.4081955908e+02 7.3974268370e+05
3.4098337516e+02 7.4052458249e+05
3.4083022111e+02 7.4106670995e+05
3.4085835668e+02 7.4240130211e+05
3.4085325023e+02 7.4350493402e+05
3.4088718003e+02 7.4561984881e+05
3.4119961011e+02 7.4654917173e+05
3.4118677118e+02 7.4692724075e+05
3.4088701863e+02 7.4787581549e+05
3.4093747982e+02 7.4877627516e+05
3.4121472024e+02 7.4999992936e+05
3.4090251407e+02 7.5039882722e+05
3.4099702608e+02 7.5146472949e+05
3.4107364262e+02 7.5276997548e+05
3.4122988352e+02 7.5338032388e+05
3.4123307790e+02 7.5429039208e+05
3.4093131834e+02 7.5535714753e+05
3.4110356037e+02 7.5667087357e+05
3.4095234658e+02 7.5877389898e+05
3.4113514172e+02 7.6073749458e+05
3.4127481754e+02 7.6167697602e+05
3.4122408587e+02 7.6237596548e+05
3.4127402790e+02 7.6306451681e+05
3.4098377746e+02 7.6387546333e+05
3.4116589564e+02 7.6464314541e+05
3.4128719176e+02 7.6595952181e+05
3.4135381515e+02 7.6686812769e+05
3.4100887019e+02 7.6780579552e+05
3.4119761494e+02 7.6864119980e+05
3.4134611108e+02 7.7041143889e+05
3.4130920792e+02 7.7121321117e+05
3.4104125341e+02 7.7278892064e+05
3.4131783015e+02 7.7356771066e+05
3.4142385833e+02 7.7434730678e+05
3.4089364486e+02 7.7563167514e+05
3.4126029610e+02 7.7650199137e+05
3.4106902960e+02 7.7695436925e+05
3.4133420853e+02 7.7863906945e+05
3.4089057989e+02 7.7915694324e+05
3.4129124766e+02 7.8041138375e+05
3.4089418559e+02 7.8119364658e+05
3.4094715746e+02 7.8212530769e+05
3.4095539145e+02 7.8307057847e+05
3.4132210609e+02 7.8436515943e+05
3.4091559388e+02 7.8470399054e+05
3.4094539951e+02 7.8611594995e+05
3.4159351730e+02 7.8708301481e+05
3.4138756637e+02 7.8756397536e+05
3.4135223533e+02 7.8830309814e+05
3.4099819790e+02 7.8925510775e+05
3.4116403764e+02 7.9052422197e+05
3.4100355125e+02 7.9111857860e+05
3.4101612095e+02 7.9222206422e+05
3.4089482349e+02 7.9361112873e+05
3.4089951803e+02 7.9437064914e+05
3.4153878390e+02 7.9508006151e+05
3.4141058929e+02 7.9627360664e+05
3.4095409544e+02 7.9695406192e+05
3.4086190081e+02 7.9765257315e+05
3.4082452089e+02 7.9933388465e+05
3.4079233656e+02 8.0034145451e+05
3.4078841143e+02 8.0125325546e+05
3.4124535429e+02 8.0207031340e+05
3.4077160801e+02 8.0324066058e+05
3.4077972428e+02 8.0379661363e+05
3.4078052942e+02 8.0616237244e+05
3.4080038922e+02 8.0751116857e+05
3.4111633524e+02 8.0813951364e+05
3.4085869130e+02 8.0988212021e+05
3.4081489979e+02 8.0988960010e+05
3.4132766841e+02 8.1164375533e+05
3.4084280338e+02 8.1202200027e+05
3.4086835253e+02 8.1432421458e+05
3.4148250613e+02 8.1539105462e+05
3.4136180622e+02 8.1581587940e+05
3.4090457163e+02 8.1727697240e+05
3.4117832251e+02 8.1790605140e+05
3.4105278342e+02 8.1839525571e+05
3.4092018282e+02 8.1940703819e+05
3.4095796015e+02 8.2195359653e+05
3.4100525468e+02 8.2222755272e+05
3.4090824754e+02 8.2327856954e+05
3.4110369989e+02 8.2498972684e+05
3.4082794234e+02 8.2509093593e+05
3.4100585514e+02 8.2618602410e+05
3.4120669778e+02 8.2768178598e+05
3.4098901624e+02 8.2855626231e+05
3.4103063230e+02 8.2970797622e+05
3.4071161737e+02 8.3010460643e+05
3.4056232935e+02 8.3131207588e+05
3.4091574358e+02 8.3251595105e+05
3.4096889820e+02 8.3267754912e+05
3.4090177045e+02 8.3392805846e+05
3.4089501071e+02 8.3593123278e+05
3.4089767857e+02 8.3691557954e+05
3.4039028988e+02 8.3797296133e+05
3.4077715777e+02 8.3862233134e+05
3.4081401169e+02 8.3928159146e+05
3.4100543877e+02 8.4014153688e+05
3.4094842195e+02 8.4179069101e+05
3.4103115502e+02 8.4242856146e+05
3.4070123299e+02 8.4378360703e+05
3.4036542984e+02 8.4491700779e+05
3.4040252660e+02 8.4712160581e+05
3.4067538370e+02 8.4772148990e+05
3.4067661215e+02 8.4939188258e+05
3.4095125357e+02 8.4972209425e+05
3.4108493425e+02 8.5069496350e+05
3.4027570604e+02 8.5161023824e+05
3.4068248674e+02 8.5298240585e+05
3.4111127446e+02 8.5496131242e+05
3.4071484789e+02 8.5543177807e+05
3.4007231536e+02 8.5626274073e+05
3.4039248315e+02 8.5827193661e+05
3.4065153653e+02 8.5938952516e+05
3.4103287373e+02 8.6049980947e+05
3.4054822127e+02 8.6110998782e+05
3.4076886278e+02 8.6190907316e+05
3.4115521486e+02 8.6357262353e+05
3.4116268317e+02 8.6396770804e+05
3.4074598165e+02 8.6499124251e+05
3.4051010731e+02 8.6638042859e+05
3.4043842139e+02 8.6711763160e+05
3.4069123279e+02 8.6883387757e+05
3.4099144583e+02 8.7009427217e+05
3.4057122185e+02 8.7158144795e+05
3.4025707039e+02 8.7300916448e+05
3.4083866885e+02 8.7365085758e+05
3.4040662667e+02 8.7413734871e+05
3.4078445782e+02 8.7525817443e+05
3.4046277627e+02 8.7621406056e+05
3.4000129260e+02 8.7838673758e+05
3.4062729429e+02 8.8052529417e+05
3.4096069511e+02 8.8162356395e+05
3.4104002276e+02 8.8187457989e+05
3.4007792079e+02 8.8307413760e+05
3.4029901553e+02 8.8407522738e+05
3.4023385738e+02 8.8531847008e+05
3.4048144747e+02 8.8569483281e+05
3.4079651466e+02 8.8691467558e+05
3.4070756455e+02 8.8817509666e+05
3.4027224466e+02 8.8839224509e+05
3.4043319548e+02 8.8969516938e+05
3.4023112884e+02 8.9053383598e+05
3.4010873571e+02 8.9188637753e+05
3.4012581111e+02 8.9262348426e+05
3.4006588918e+02 8.9473821344e+05
3.4053460493e+02 8.9531646961e+05
3.4019880727e+02 8.9635047056e+05
3.3985232969e+02 8.9758534934e+05
3.4016044705e+02 8.9844790064e+05
3.4018345252e+02 8.9888658277e+05
3.4063816391e+02 9.0022046207e+05
3.4028174198e+02 9.0087077355e+05
3.3985613003e+02 9.0229543544e+05
3.4038101570e+02 9.0333185928e+05
3.4029510654e+02 9.0422316636e+05
3.4027310687e+02 9.0441663923e+05
3.4048099402e+02 9.0550652562e+05
3.4019604116e+02 9.0644839714e+05
3.4047963509e+02 9.0761339787e+05
3.4048544949e+02 9.0957517917e+05
3.4052769913e+02 9.1031565924e+05
3.3987975906e+02 9.1099811837e+05
3.4043278558e+02 9.1291739887e+05
3.4011987988e+02 9.1392640441e+05
3.4040924352e+02 9.1534872579e+05
3.4049647562e+02 9.1630828989e+05
3.4052970374e+02 9.1663712052e+05
3.4003908154e+02 9.1847034529e+05
3.3993465145e+02 9.1996628075e+05
3.3992439982e+02 9.2188959691e+05
3.4055220573e+02 9.2247701667e+05
3.4062585660e+02 9.2400453308e+05
3.4058841313e+02 9.2434965365e+05
3.4009077196e+02 9.2556013111e+05
3.3998229567e+02 9.2633170479e+05
3.4007189489e+02 9.2742550263e+05
3.4005032435e+02 9.2835074656e+05
3.4061175875e+02 9.2968920213e+05
3.4041141622e+02 9.2997472452e+05
3.4015339903e+02 9.3108505653e+05
3.4033427159e+02 9.3205575077e+05
3.4010536979e+02 9.3273827163e+05
3.4021184090e+02 9.3506922569e+05
3.4039365011e+02 9.3556761987e+05
3.4014432004e+02 9.3654969079e+05
3.4023781828e+02 9.3785090377e+05
3.4018591759e+02 9.3844038904e+05
3.4038547397e+02 9.4000321973e+05
3.4010892041e+02 9.4029166983e+05
3.3998390703e+02 9.4135414562e+05
3.4019783060e+02 9.4292102578e+05
3.4042684519e+02 9.4307006489e+05
3.3970617001e+02 9.4486497105e+05
3.4013564431e+02 9.4560262409e+05
3.4004307860e+02 9.4675916443e+05
3.4040849296e+02 9.4735560138e+05
3.4020122362e+02 9.4863911680e+05
3.3987115945e+02 9.4937437150e+05
3.3979411885e+02 9.5004540091e+05
3.4019211920e+02 9.5062377916e+05
3.3946944331e+02 9.5211187339e+05
3.3972554825e+02 9.5337568163e+05
3.3978763349e+02 9.5375511187e+05
3.3923700490e+02 9.5539161565e+05
3.3954246750e+02 9.5686566844e+05
3.3950869935e+02 9.5903540734e+05
3.3940598398e+02 9.5982107717e+05
3.3925865689e+02 9.6204477998e+05
3.3909343767e+02 9.6452429994e+05
3.3906482951e+02 9.6514574464e+05
3.3901496602e+02 9.6739276188e+05
3.3904471823e+02 9.6848248245e+05
3.3931480994e+02 9.6860978535e+05
3.3925367275e+02 9.7005303413e+05
3.3883045728e+02 9.7070263835e+05
3.3888832478e+02 9.7136447618e+05
3.3872906899e+02 9.7334761487e+05
3.3928268114e+02 9.7539016957e+05
3.3907090672e+02 9.7643340576e+05
3.3857839815e+02 9.7823163230e+05
3.3860182445e+02 9.8046720902e+05
3.3866470568e+02 9.8136314398e+05
3.3849093923e+02 9.8230052551e+05
3.3875082235e+02 9.8443193000e+05
3.3858178282e+02 9.8521169284e+05
3.3850913731e+02 9.8570870083e+05
3.3851507494e+02 9.8913458388e+05
3.3867029327e+02 9.9009913748e+05
3.3861013234e+02 9.9082910624e+05
3.3839937350e+02 9.9191367451e+05
3.3863251895e+02 9.9281511763e+05
3.3861077075e+02 9.9356827380e+05
3.3854436776e+02 9.9423504808e+05
3.3855156735e+02 9.9542047507e+05
3.3867309774e+02 9.9631725492e+05
3.3864240422e+02 9.9779699892e+05
3.3875465812e+02 9.9825051431e+05
3.3857094757e+02 9.9890226526e+05
3.3863472257e+02 1.0010961500e+06
3.3869640768e+02 1.0021930280e+06
3.3859985672e+02 1.0032904176e+06
3.3858545052e+02 1.0036855848e+06
3.3871888162e+02 1.0068202240e+06
3.3859571526e+02 1.0081611026e+06
3.3902389096e+02 1.0086334275e+06
3.3871013096e+02 1.0091920064e+06
3.3887983463e+02 1.0112672173e+06
3.3870033577e+02 1.0127782761e+06
3.3860720347e+02 1.0137121368e+06
3.3869949208e+02 1.0140720995e+06
3.3874766754e+02 1.0152345734e+06
3.3873738477e+02 1.0161571008e+06
3.3874140685e+02 1.0170769393e+06
3.3869699885e+02 1.0178805017e+06
3.3861699879e+02 1.0190270273e+06
3.3888353047e+02 1.0198147557e+06
3.3873984898e+02 1.0212056922e+06
3.3875339171e+02 1.0222696491e+06
3.3857705864e+02 1.0228036522e+06
3.3876225334e+02 1.0238322777e+06
3.3880103419e+02 1.0245367383e+06
3.3863285696e+02 1.0254141959e+06
3.3855153754e+02 1.0270611823e+06
3.3885366622e+02 1.0278837557e+06
3.3877137895e+02 1.0281468544e+06
3.3877524195e+02 1.0297361509e+06
3.3921486217e+02 1.0301866164e+06
3.3865090579e+02 1.0315004260e+06
3.3852499016e+02 1.0322042204e+06
3.3879682548e+02 1.0332763019e+06
3.3876372655e+02 1.0341285709e+06
3.3886036325e+02 1.0350920685e+06
3.3881604633e+02 1.0357740025e+06
3.3851713658e+02 1.0370451233e+06
3.3891234721e+02 1.0380449332e+06
3.3868453896e+02 1.0388323720e+06
3.3883536137e+02 1.0402903275e+06
3.3888070779e+02 1.0404996584e+06
3.3884382673e+02 1.0421331995e+06
3.3850422282e+02 1.0424665695e+06
3.3874177133e+02 1.0434028198e+06
3.3872089974e+02 1.0456472975e+06
3.3896194872e+02 1.0467718388e+06
3.3849725124e+02 1.0478298589e+06
3.3873552133e+02 1.0483364475e+06
3.3888196082e+02 1.0491607821e+06
3.3888898015e+02 1.0501409923e+06
3.3889273985e+02 1.0516097692e+06
3.3890964792e+02 1.0517741455e+06
3.3892893508e+02 1.0530122904e+06
3.3848873140e+02 1.0535695151e+06
3.3895108074e+02 1.0550349776e+06
3.3887557792e+02 1.0563389814e+06
3.3896619279e+02 1.0576432622e+06
3.3893396509e+02 1.0587700157e+06
3.3848898476e+02 1.0594138106e+06
3.3896122224e+02 1.0603910380e+06
3.3881476585e+02 1.0615862488e+06
3.3899430539e+02 1.0629208928e+06
3.3946624383e+02 1.0636050548e+06
3.3895377246e+02 1.0640537814e+06
3.3849297955e+02 1.0654916901e+06
3.3885538372e+02 1.0662137699e+06
3.3900259763e+02 1.0668134106e+06
3.3901291925e+02 1.0677006887e+06
3.3895083619e+02 1.0688681942e+06
3.3902913193e+02 1.0695758890e+06
3.3878812787e+02 1.0711537403e+06
3.3851084893e+02 1.0717898895e+06
3.3905460017e+02 1.0727762500e+06
3.3895331105e+02 1.0737481188e+06
3.3904954555e+02 1.0748296654e+06
3.3903373735e+02 1.0752444004e+06
3.3886396430e+02 1.0766572601e+06
3.3881393713e+02 1.0776435032e+06
3.3853514849e+02 1.0782124587e+06
3.3891544095e+02 1.0794450485e+06
3.3908988416e+02 1.0801066236e+06
3.3906201353e+02 1.0811234223e+06
3.3887502607e+02 1.0820708532e+06
3.3909185821e+02 1.0834592454e+06
3.3883008558e+02 1.0841287123e+06
3.3857228193e+02 1.0849462544e+06
3.3904753470e+02 1.0865540945e+06
3.3909396756e+02 1.0869272880e+06
3.3888233123e+02 1.0876500654e+06
3.3911364346e+02 1.0889908648e+06
3.3895194843e+02 1.0894468507e+06
3.3882733991e+02 1.0911881018e+06
3.3860567718e+02 1.0917077479e+06
3.3909820020e+02 1.0925453010e+06
3.3887676616e+02 1.0933185801e+06
3.3891559498e+02 1.0949420883e+06
3.3903887783e+02 1.0953904690e+06
3.3899654635e+02 1.0962105206e+06
3.3878144214e+02 1.0981374563e+06
3.3864148776e+02 1.0988693902e+06
3.3885247913e+02 1.1006234134e+06
3.3894074596e+02 1.1011653007e+06
3.3915782351e+02 1.1024935083e+06
3.3905197124e+02 1.1033989863e+06
3.3901735846e+02 1.1038014935e+06
3.3881234312e+02 1.1050391607e+06
3.3865892883e+02 1.1059188787e+06
3.3877215291e+02 1.1064050629e+06
3.3892446405e+02 1.1082418056e+06
3.3919874604e+02 1.1088663229e+06
3.3879120312e+02 1.1099455826e+06
3.3875140737e+02 1.1110878809e+06
3.3877974264e+02 1.1113066867e+06
3.3868484367e+02 1.1123522518e+06
3.3862226084e+02 1.1131574176e+06
3.3889668378e+02 1.1145692116e+06
3.3869988865e+02 1.1149226226e+06
3.3869115244e+02 1.1165293051e+06
3.3867162511e+02 1.1171446412e+06
3.3860112948e+02 1.1184009602e+06
3.3898961040e+02 1.1186817347e+06
3.3862574928e+02 1.1200244514e+06
3.3853242501e+02 1.1214938067e+06
3.3861535467e+02 1.1217708147e+06
3.3859074339e+02 1.1233583778e+06
3.3880528490e+02 1.1241496573e+06
3.3854123777e+02 1.1245900168e+06
3.3866505085e+02 1.1257411850e+06
3.3861351071e+02 1.1265127770e+06
3.3856679939e+02 1.1271749305e+06
3.3860481235e+02 1.1286543763e+06
3.3845435092e+02 1.1291392578e+06
3.3851942135e+02 1.1308714996e+06
3.3861342418e+02 1.1311019848e+06
3.3856042467e+02 1.1325265476e+06
3.3866978098e+02 1.1335590207e+06
3.3864813653e+02 1.1340250542e+06
3.3860631298e+02 1.1354783789e+06
3.3848745073e+02 1.1358862983e+06
3.3853684955e+02 1.1372159398e+06
3.3844989684e+02 1.1381972450e+06
3.3870984140e+02 1.1386387720e+06
3.3861149503e+02 1.1397661422e+06
3.3867021730e+02 1.1408876552e+06
3.3850624155e+02 1.1421511016e+06
3.3873637838e+02 1.1428821298e+06
3.3845149971e+02 1.1437640618e+06
3.3868398178e+02 1.1445087038e+06
3.3847882489e+02 1.1459472326e+06
3.3799352226e+02 1.1469936667e+06
3.3855496577e+02 1.1486698166e+06
3.3874727786e+02 1.1493046050e+06
3.3838534057e+02 1.1503455839e+06
3.3864072286e+02 1.1515352253e+06
3.3858060800e+02 1.1521669730e+06
3.3906162852e+02 1.1528749065e+06
3.3899652788e+02 1.1544843703e+06
3.3865082559e+02 1.1550134302e+06
3.3858976405e+02 1.1556305460e+06
3.3884364181e+02 1.1567915965e+06
3.3839474955e+02 1.1575685035e+06
3.3914894101e+02 1.1584082485e+06
3.3914025979e+02 1.1594840278e+06
3.3892948274e+02 1.1608649530e+06
3.3844421984e+02 1.1614280077e+06
3.3835012905e+02 1.1635766570e+06
3.3814476393e+02 1.1640062357e+06
3.3845103261e+02 1.1662482930e+06
3.3885059512e+02 1.1669821389e+06
3.3866669941e+02 1.1681081602e+06
3.3850581640e+02 1.1696454313e+06
3.3882654093e+02 1.1700336505e+06
3.3925479392e+02 1.1709548730e+06
3.3883069862e+02 1.1716373512e+06
3.3911361372e+02 1.1730200860e+06
3.3857730522e+02 1.1739051676e+06
3.3885324019e+02 1.1748135035e+06
3.3866481822e+02 1.1767746739e+06
3.3891494098e+02 1.1788638987e+06
3.3936036872e+02 1.1793019796e+06
3.3874605234e+02 1.1805142445e+06
3.3899396944e+02 1.1813842847e+06
3.3882578673e+02 1.1827858438e+06
3.3944933267e+02 1.1838206672e+06
3.3951066761e+02 1.1847333555e+06
3.3908314494e+02 1.1848708125e+06
3.3889015154e+02 1.1860420150e+06
3.3895468776e+02 1.1876544709e+06
3.3953131999e+02 1.1892725221e+06
3.3921208523e+02 1.1899636360e+06
3.3900500577e+02 1.1904775817e+06
3.3934669919e+02 1.1931479412e+06
3.3911109340e+02 1.1937915839e+06
3.3909382864e+02 1.1949240666e+06
3.3922259814e+02 1.1958358776e+06
3.3936512354e+02 1.1964077216e+06
3.3973089253e+02 1.1972608675e+06
3.3901706905e+02 1.2031675008e+06
3.3897988865e+02 1.2074066040e+06
3.3955244725e+02 1.2100165357e+06
3.3971813995e+02 1.2108593774e+06
3.3898864667e+02 1.2139764396e+06
3.3902375962e+02 1.2173792143e+06
3.3908774107e+02 1.2227123935e+06
3.3952107447e+02 1.2242621513e+06
3.3915325619e+02 1.2251292008e+06
3.3922824106e+02 1.2294801805e+06
3.3928588351e+02 1.2306868187e+06
3.3949025786e+02 1.2317042488e+06
3.3946161150e+02 1.2338758393e+06
3.3934525444e+02 1.2342118175e+06
3.3942373420e+02 1.2366934464e+06
}