Pressao_entrada 1034170
Pressao_saida 101300.0
Velocidade_angular 1083.84946425
Temperatura 353.182157972


Ri 0.0875
Rg 0.0979
Rm 0.1035
Ro 0.1095
h 2e-06
hg 5e-06
beta1 2.29
beta2 1
N 10

n_r_1 25
n_r_2 25
n_r_3 25
n_t_1 20
n_t_2 20
n_t_3 20
n_t_4 20
n_t_5 20
n_z_h 10
n_z_hg 10

nCells 9.5000000000e+04
minVol 7.8451466584e-04
maxVol 1.5576770459e-02
totVol 4.4219894904e+02

min_U 0.0000000000e+00
max_U 1.2128553929e+02
min_Rho 8.6423536110e-01
max_Rho 2.1194467135e+01
min_P 1.0130000000e+05
max_P 2.4008084705e+06
min_T 3.4733053074e+02
max_T 3.6281332884e+02
Force 1.5202309671e+03
Shear 1.6893682843e+03
Inlet_Flow -2.5219400486e-06
Outlet_Flow 2.5231162454e-06
Sum_Flow 1.1761967708e-09
Perc_flow 3.0530407796e-01

T_crit 284.789023277
P_crit 13667293.4024
satSize 197
composition methane_0.696392/ethane_0.112586/n-propane_0.091609/isobutane_0.015910/n-butane_0.034455/isopentane_0.008918/n-pentane_0.011654/n-hexane_0.008411/n-heptane_0.005878/n-octane_0.002128/n-nonane_0.000203/n-decane_0.000101/nitrogen_0.009222/co2_0.002533


SaturationCurve
{
2.8090348048e+02 1.0130000000e+05
2.9577379061e+02 2.5203326003e+05
3.0419915249e+02 4.0276652005e+05
3.1022344592e+02 5.5349978008e+05
3.1495509383e+02 7.0423304010e+05
3.1886765847e+02 8.5496630013e+05
3.2220866670e+02 1.0056995602e+06
3.2512443644e+02 1.1564328202e+06
3.2770916644e+02 1.3071660802e+06
3.3002740202e+02 1.4578993402e+06
3.3212549589e+02 1.6086326003e+06
3.3403797008e+02 1.7593658603e+06
3.3579129199e+02 1.9100991203e+06
3.3740623898e+02 2.0608323803e+06
3.3889944511e+02 2.2115656404e+06
3.4028444980e+02 2.3622989004e+06
3.4157243071e+02 2.5130321604e+06
3.4277272920e+02 2.6637654204e+06
3.4389323559e+02 2.8144986805e+06
3.4494067705e+02 2.9652319405e+06
3.4592083650e+02 3.1159652005e+06
3.4683872155e+02 3.2666984605e+06
3.4769869666e+02 3.4174317206e+06
3.4850458778e+02 3.5681649806e+06
3.4925976608e+02 3.7188982406e+06
3.4996721574e+02 3.8696315007e+06
3.5062958910e+02 4.0203647607e+06
3.5124925216e+02 4.1710980207e+06
3.5182832219e+02 4.3218312807e+06
3.5236869915e+02 4.4725645408e+06
3.5287209207e+02 4.6232978008e+06
3.5334004130e+02 4.7740310608e+06
3.5377393741e+02 4.9247643208e+06
3.5417503733e+02 5.0754975809e+06
3.5454447809e+02 5.2262308409e+06
3.5488328876e+02 5.3769641009e+06
3.5519240059e+02 5.5276973609e+06
3.5547265592e+02 5.6784306210e+06
3.5572481580e+02 5.8291638810e+06
3.5594956667e+02 5.9798971410e+06
3.5614752608e+02 6.1306304010e+06
3.5631924777e+02 6.2813636611e+06
3.5646522594e+02 6.4320969211e+06
3.5658589911e+02 6.5828301811e+06
3.5668165325e+02 6.7335634412e+06
3.5675282466e+02 6.8842967012e+06
3.5679970228e+02 7.0350299612e+06
3.5682252966e+02 7.1857632212e+06
3.5682150661e+02 7.3364964813e+06
3.5679679047e+02 7.4872297413e+06
3.5674849712e+02 7.6379630013e+06
3.5667670163e+02 7.7886962613e+06
3.5658143865e+02 7.9394295214e+06
3.5646270256e+02 8.0901627814e+06
3.5632044719e+02 8.2408960414e+06
3.5615458541e+02 8.3916293014e+06
3.5596498828e+02 8.5423625615e+06
3.5575148394e+02 8.6930958215e+06
3.5551385612e+02 8.8438290815e+06
3.5525184228e+02 8.9945623415e+06
3.5496513132e+02 9.1452956016e+06
3.5465336082e+02 9.2960288616e+06
3.5431611379e+02 9.4467621216e+06
3.5395291471e+02 9.5974953816e+06
3.5356322502e+02 9.7482286417e+06
3.5314643770e+02 9.8989619017e+06
3.5270187094e+02 1.0049695162e+07
3.5222876070e+02 1.0200428422e+07
3.5172625199e+02 1.0351161682e+07
3.5119338849e+02 1.0501894942e+07
3.5062910033e+02 1.0652628202e+07
3.5003218947e+02 1.0803361462e+07
3.4940131233e+02 1.0954094722e+07
3.4873495873e+02 1.1104827982e+07
3.4803142645e+02 1.1255561242e+07
3.4728879019e+02 1.1406294502e+07
3.4650486320e+02 1.1557027762e+07
3.4567714960e+02 1.1707761022e+07
3.4480278437e+02 1.1858494282e+07
3.4387845685e+02 1.2009227542e+07
3.4290031189e+02 1.2159960802e+07
3.4186382004e+02 1.2310694062e+07
3.4076360404e+02 1.2461427322e+07
3.3959320192e+02 1.2612160582e+07
3.3834473589e+02 1.2762893842e+07
3.3700843631e+02 1.2913627102e+07
3.3557193439e+02 1.3064360362e+07
3.3401916893e+02 1.3215093622e+07
3.3232861230e+02 1.3365826882e+07
3.3047021154e+02 1.3516560142e+07
3.2839968129e+02 1.3667293402e+07
3.2604665362e+02 1.3818026662e+07
3.2328593954e+02 1.3968759922e+07
3.1984777413e+02 1.4119493182e+07
3.1483770060e+02 1.4270226442e+07
3.1483770060e+02 1.4270226441e+07
3.1278448923e+02 1.4309448852e+07
3.1073127786e+02 1.4335970475e+07
3.0867806649e+02 1.4350021486e+07
3.0662485512e+02 1.4351813536e+07
3.0457164375e+02 1.4341549309e+07
3.0251843238e+02 1.4319429986e+07
3.0046522101e+02 1.4285660751e+07
2.9841200964e+02 1.4240454520e+07
2.9635879827e+02 1.4184034312e+07
2.9430558690e+02 1.4116634921e+07
2.9225237553e+02 1.4038505598e+07
2.9019916416e+02 1.3949919268e+07
2.8814595279e+02 1.3851216474e+07
2.8403953005e+02 1.3620689626e+07
2.8198631868e+02 1.3493836152e+07
2.7993310731e+02 1.3356754550e+07
2.7787989594e+02 1.3210492808e+07
2.7582668457e+02 1.3055440699e+07
2.7377347320e+02 1.2891885133e+07
2.7172026183e+02 1.2720089904e+07
2.6966705046e+02 1.2540312421e+07
2.6761383909e+02 1.2352810169e+07
2.6556062773e+02 1.2157844741e+07
2.6350741636e+02 1.1955685302e+07
2.6145420499e+02 1.1746612047e+07
2.5940099362e+02 1.1530919663e+07
2.5734778225e+02 1.1308920979e+07
2.5529457088e+02 1.1080950581e+07
2.5324135951e+02 1.0847368383e+07
2.5118814814e+02 1.0608562930e+07
2.4913493677e+02 1.0364954216e+07
2.4708172540e+02 1.0116995660e+07
2.4502851403e+02 9.8651748334e+06
2.4297530266e+02 9.6100124633e+06
2.4092209129e+02 9.3520592694e+06
2.3886887992e+02 9.0918903480e+06
2.3681566855e+02 8.8300971802e+06
2.3476245718e+02 8.5672778225e+06
2.3270924581e+02 8.3040263246e+06
2.3065603444e+02 8.0409226727e+06
2.2860282307e+02 7.7785244180e+06
2.2654961170e+02 7.5173606675e+06
2.2449640033e+02 7.2579284957e+06
2.2244318896e+02 7.0006913476e+06
2.2038997759e+02 6.7460787894e+06
2.1833676622e+02 6.4944870034e+06
2.1628355485e+02 6.2462796050e+06
2.1423034348e+02 6.0017885610e+06
2.1217713211e+02 5.7613151417e+06
2.1012392074e+02 5.5251309216e+06
2.0807070937e+02 5.2934788644e+06
2.0601749800e+02 5.0665745243e+06
2.0396428663e+02 4.8446073659e+06
2.0191107526e+02 4.6277421859e+06
1.9985786389e+02 4.4161206028e+06
1.9780465252e+02 4.2098625752e+06
1.9575144115e+02 4.0090679086e+06
1.9369822978e+02 3.8138177174e+06
1.9164501841e+02 3.6241758175e+06
1.8959180704e+02 3.4401900321e+06
1.8753859567e+02 3.2618934013e+06
1.8548538431e+02 3.0893052920e+06
1.8343217294e+02 2.9224324103e+06
1.8137896157e+02 2.7612697192e+06
1.7932575020e+02 2.6058012687e+06
1.7727253883e+02 2.4560009469e+06
1.7521932746e+02 2.3118331575e+06
1.7316611609e+02 2.1732534336e+06
1.7111290472e+02 2.0402089953e+06
1.6905969335e+02 1.9126392565e+06
1.6700648198e+02 1.7904762899e+06
1.6495327061e+02 1.6736452534e+06
1.6290005924e+02 1.5620647866e+06
1.6084684787e+02 1.4556473782e+06
1.5879363650e+02 1.3542997127e+06
1.5674042513e+02 1.2579229967e+06
1.5468721376e+02 1.1664132709e+06
1.5263400239e+02 1.0796617107e+06
1.5058079102e+02 9.9755491707e+05
1.4852757965e+02 9.1997520247e+05
1.4647436828e+02 8.4680087305e+05
1.4442115691e+02 7.7790651003e+05
1.4236794554e+02 7.1316325243e+05
1.4031473417e+02 6.5243908346e+05
1.3826152280e+02 5.9559912244e+05
1.3620831143e+02 5.4250592440e+05
1.3415510006e+02 4.9301978898e+05
1.3210188869e+02 4.4699908019e+05
1.3004867732e+02 4.0430055853e+05
1.2799546595e+02 3.6477972645e+05
1.2594225458e+02 3.2829118837e+05
1.2388904321e+02 2.9468902589e+05
1.2183583184e+02 2.6382718893e+05
1.1978262047e+02 2.3555990316e+05
1.1772940910e+02 2.0974209383e+05
1.1567619773e+02 1.8622982590e+05
1.1362298636e+02 1.6488075965e+05
1.1156977499e+02 1.4555462067e+05
1.0951656362e+02 1.2811368216e+05
1.0746335226e+02 1.1242325663e+05
}

T_margin 20.1947464719
T_sat_margin 340.613415941
T_hull_margin 360.808162413
P_hull_margin 2400798.02594

caseHull
{
3.5429937766e+02 3.8132391147e+05
3.5430717161e+02 3.8333539201e+05
3.5431726054e+02 3.8563172599e+05
3.5433023469e+02 3.8853342503e+05
3.5433770302e+02 3.9019105779e+05
3.5434565792e+02 3.9195130099e+05
3.5435425208e+02 3.9384639036e+05
3.5436322013e+02 3.9582097416e+05
3.5437280949e+02 3.9792646416e+05
3.5438268334e+02 4.0009283651e+05
3.5439316646e+02 4.0238726952e+05
3.5440385097e+02 4.0472648306e+05
3.5441512247e+02 4.0719224501e+05
3.5444380254e+02 4.0892742060e+05
3.5442651156e+02 4.0968846048e+05
3.5443847279e+02 4.1230841009e+05
3.5445049298e+02 4.1494265286e+05
3.5446309569e+02 4.1769762635e+05
3.5447572063e+02 4.2045760500e+05
3.5448891596e+02 4.2333480531e+05
3.5451533871e+02 4.2392368262e+05
3.5450208013e+02 4.2620556505e+05
3.5448218460e+02 4.2765789073e+05
3.5449451903e+02 4.3069961359e+05
3.5450035705e+02 4.3201711523e+05
3.5451468348e+02 4.3520545296e+05
3.5452305099e+02 4.3705294964e+05
3.5453199674e+02 4.3902229975e+05
3.5454173380e+02 4.4115797196e+05
3.5455191171e+02 4.4338728920e+05
3.5457493023e+02 4.4454265827e+05
3.5456285283e+02 4.4577679677e+05
3.5457413231e+02 4.4823849563e+05
3.5458615797e+02 4.5085640816e+05
3.5455877414e+02 4.5267625009e+05
3.5456432193e+02 4.5418969733e+05
3.5457456430e+02 4.5651551802e+05
3.5458120812e+02 4.5799835572e+05
3.5459710859e+02 4.6151589951e+05
3.5460613043e+02 4.6350340327e+05
3.5461602225e+02 4.6567419475e+05
3.5462639103e+02 4.6794599607e+05
3.5466695260e+02 4.6842819419e+05
3.5463760396e+02 4.7039491630e+05
3.5464917243e+02 4.7291992865e+05
3.5466156701e+02 4.7561762708e+05
3.5468492967e+02 4.7628406753e+05
3.5467421625e+02 4.7837027792e+05
3.5468768110e+02 4.8129264646e+05
3.5471589860e+02 4.8265322944e+05
3.5470131071e+02 4.8425106656e+05
3.5471573383e+02 4.8737418997e+05
3.5474918696e+02 4.8954072531e+05
3.5473023379e+02 4.9051519376e+05
3.5474550637e+02 4.9381561659e+05
3.5479309137e+02 4.9572981860e+05
3.5472543356e+02 4.9777113303e+05
3.5472955155e+02 4.9881355658e+05
3.5473947204e+02 5.0107504596e+05
3.5474634466e+02 5.0260262551e+05
3.5476306083e+02 5.0628382412e+05
3.5478517602e+02 5.0763569955e+05
3.5477269957e+02 5.0839663008e+05
3.5478341019e+02 5.1073487160e+05
3.5479464003e+02 5.1318678842e+05
3.5480688320e+02 5.1585058560e+05
3.5483635609e+02 5.1803764936e+05
3.5481953831e+02 5.1860238625e+05
3.5483317705e+02 5.2155947890e+05
3.5486801468e+02 5.2451339264e+05
3.5480815483e+02 5.2635881513e+05
3.5480982347e+02 5.2679770342e+05
3.5481780933e+02 5.2865808080e+05
3.5483118669e+02 5.3164232640e+05
3.5483973854e+02 5.3352427127e+05
3.5484910553e+02 5.3557673416e+05
3.5485969454e+02 5.3788444176e+05
3.5487087850e+02 5.4031824299e+05
3.5492627042e+02 5.4168148527e+05
3.5488322678e+02 5.4299487068e+05
3.5489601128e+02 5.4576462086e+05
3.5497990364e+02 5.4768768639e+05
3.5490992586e+02 5.4876944888e+05
3.5492413645e+02 5.5183987120e+05
3.5497913174e+02 5.5306722338e+05
3.5493943634e+02 5.5514014966e+05
3.5314548758e+02 5.6242029075e+05
3.5327537457e+02 5.6479854330e+05
3.5308432627e+02 5.6510312171e+05
3.5313685586e+02 5.6800653305e+05
3.5303746364e+02 5.6955946572e+05
3.5348486120e+02 5.7152111079e+05
3.5309772800e+02 5.7377708152e+05
3.5299710475e+02 5.7563496216e+05
3.5275912808e+02 5.8239411889e+05
3.5231990485e+02 5.8467266098e+05
3.5376511339e+02 5.9173388828e+05
3.5382854574e+02 5.9330336175e+05
3.5307205558e+02 5.9865454863e+05
3.5266450866e+02 6.0792730715e+05
3.5277607760e+02 6.1053263758e+05
3.5260683727e+02 6.1229062706e+05
3.5255042007e+02 6.1475530377e+05
3.5280175192e+02 6.1912093310e+05
3.5252935117e+02 6.2225694012e+05
3.5250822593e+02 6.2897846263e+05
3.5249267266e+02 6.3730456695e+05
3.5280303249e+02 6.3777471104e+05
3.5249829308e+02 6.3967458894e+05
3.5535250655e+02 6.4333885780e+05
3.5523664695e+02 6.4390589229e+05
3.5308468659e+02 6.4885601548e+05
3.5246867111e+02 6.5014136299e+05
3.5314161313e+02 6.5192783712e+05
3.5297070635e+02 6.5422155078e+05
3.5284467813e+02 6.5808388466e+05
3.5217109069e+02 6.6196562964e+05
3.5242465816e+02 6.6416425000e+05
3.5289528627e+02 6.7168075496e+05
3.5267615002e+02 6.7440495927e+05
3.5233468542e+02 6.7807559794e+05
3.5298216263e+02 6.8093808526e+05
3.5281563169e+02 6.8302591150e+05
3.5231383210e+02 6.8574184009e+05
3.5213868021e+02 6.8745531963e+05
3.5265552519e+02 6.8927601632e+05
3.5219404411e+02 6.9090036642e+05
3.5216069053e+02 6.9570174294e+05
3.5229516468e+02 6.9687428186e+05
3.5245844203e+02 6.9986636665e+05
3.5236144079e+02 7.0146302516e+05
3.5249183770e+02 7.0270099236e+05
3.5234623097e+02 7.0534478965e+05
3.5243084195e+02 7.0802707434e+05
3.5260635232e+02 7.0969255027e+05
3.5249362934e+02 7.1197253095e+05
3.5188389841e+02 7.1288273659e+05
3.5244317259e+02 7.1582310547e+05
3.5256257336e+02 7.1705551369e+05
3.5231647177e+02 7.1987528381e+05
3.5262594086e+02 7.2178778941e+05
3.5268656736e+02 7.2417593556e+05
3.5273615683e+02 7.2631030068e+05
3.5275141956e+02 7.2780356599e+05
3.5276204831e+02 7.2968564001e+05
3.5279841315e+02 7.3248748315e+05
3.5285315933e+02 7.3316672654e+05
3.5156007832e+02 7.3463175791e+05
3.5272054660e+02 7.4321633999e+05
3.5309916476e+02 7.4823327427e+05
3.5285997991e+02 7.4951946784e+05
3.5113214228e+02 7.5490011195e+05
3.5243866812e+02 7.6446591650e+05
3.5270049443e+02 7.6660666185e+05
3.5287941521e+02 7.6836246450e+05
3.5285317175e+02 7.7027645567e+05
3.5257552250e+02 7.7131435414e+05
3.5283542501e+02 7.7414981462e+05
3.5284499150e+02 7.7588797217e+05
3.5219919265e+02 7.7753308579e+05
3.5070708688e+02 7.8183581790e+05
3.5018574425e+02 8.0503105644e+05
3.5091421904e+02 8.1783392538e+05
3.5106828914e+02 8.2142069213e+05
3.5266792659e+02 8.2695108700e+05
3.5270751467e+02 8.2870038924e+05
3.5198848937e+02 8.2980285653e+05
3.5041140595e+02 8.3284839684e+05
3.4976077025e+02 8.3967116642e+05
3.4997502032e+02 8.5038792118e+05
3.4923427776e+02 8.6529523852e+05
3.4961000393e+02 8.6733676745e+05
3.4978240755e+02 8.7792604249e+05
3.4995620768e+02 8.8035524166e+05
3.4938841940e+02 8.8738662594e+05
3.4959534637e+02 8.9190202291e+05
3.4963822467e+02 8.9228099928e+05
3.4943092546e+02 8.9707962237e+05
3.4929040353e+02 9.0586178020e+05
3.4976076006e+02 9.0630792911e+05
3.4987998251e+02 9.0936298537e+05
3.4904163534e+02 9.1480416746e+05
3.4947524129e+02 9.1834208775e+05
3.4967273926e+02 9.1852642468e+05
3.4926263308e+02 9.2091325858e+05
3.4957709782e+02 9.2714663432e+05
3.4933821540e+02 9.2863182754e+05
3.4994580447e+02 9.3232713729e+05
3.4958714486e+02 9.3257754613e+05
3.4949481338e+02 9.3600942876e+05
3.4967678308e+02 9.3778848013e+05
3.4977966300e+02 9.3891670923e+05
3.4921085015e+02 9.4075482022e+05
3.4846984031e+02 9.4512061631e+05
3.4946741473e+02 9.4785153313e+05
3.4990562638e+02 9.4936077983e+05
3.4993216037e+02 9.5179749823e+05
3.4972979767e+02 9.5297270230e+05
3.4984243334e+02 9.5503103035e+05
3.5020119297e+02 9.5750477259e+05
3.4990404352e+02 9.6069263874e+05
3.5014814052e+02 9.6125007643e+05
3.4989341388e+02 9.6491150339e+05
3.4933435024e+02 9.6727788044e+05
3.5001397227e+02 9.6979306176e+05
3.5034059577e+02 9.7222206668e+05
3.4984939004e+02 9.7314136396e+05
3.5008279668e+02 9.7549194156e+05
3.4996986721e+02 9.7902658349e+05
3.5000545376e+02 9.8259035773e+05
3.5029537180e+02 9.8480796600e+05
3.5016321553e+02 9.8613431410e+05
3.4934994973e+02 9.8742293976e+05
3.4998648568e+02 9.9065524906e+05
3.5000635576e+02 9.9270193005e+05
3.5006967750e+02 9.9354845455e+05
3.5025624963e+02 9.9633274791e+05
3.5049882856e+02 9.9912894468e+05
3.5057942375e+02 1.0012801012e+06
3.5085200326e+02 1.0044520519e+06
3.5112743519e+02 1.0070261174e+06
3.5108518513e+02 1.0074259892e+06
3.5100685571e+02 1.0107321557e+06
3.5043234901e+02 1.0125036241e+06
3.5014652540e+02 1.0143493309e+06
3.5009475196e+02 1.0158025889e+06
3.5019810038e+02 1.0173548525e+06
3.5063561122e+02 1.0197606208e+06
3.5106662403e+02 1.0215754707e+06
3.5143201588e+02 1.0236917176e+06
3.5063540234e+02 1.0285975798e+06
3.5011164913e+02 1.0307037973e+06
3.5020583680e+02 1.0315641576e+06
3.5150921200e+02 1.0449797839e+06
3.5161868652e+02 1.0470161336e+06
3.5146956935e+02 1.0482094144e+06
3.5111946787e+02 1.0507431030e+06
3.5141260157e+02 1.0528240584e+06
3.5132592031e+02 1.0557400112e+06
3.5118858521e+02 1.0597607226e+06
3.5099521271e+02 1.0621019104e+06
3.5076028103e+02 1.0652355806e+06
3.5053515023e+02 1.0668230660e+06
3.5039750199e+02 1.0689684900e+06
3.5076139999e+02 1.0708614709e+06
3.5102426887e+02 1.0737388986e+06
3.5081798207e+02 1.0773916061e+06
3.5061541851e+02 1.0819016239e+06
3.5051881647e+02 1.0845198645e+06
3.5058644178e+02 1.0877020874e+06
3.5089411904e+02 1.0891867391e+06
3.5097938386e+02 1.0983354802e+06
3.5131387969e+02 1.1046078902e+06
3.5122365167e+02 1.1126692142e+06
3.5108769710e+02 1.1199981978e+06
3.5114435308e+02 1.1262656827e+06
3.5121596757e+02 1.1298157684e+06
3.5111870488e+02 1.1328730043e+06
3.5117944541e+02 1.1430947427e+06
3.5135020407e+02 1.1453245318e+06
3.5137214810e+02 1.1480109011e+06
3.5158884899e+02 1.1532513253e+06
3.5173946714e+02 1.1553408258e+06
3.5224824522e+02 1.1584352178e+06
3.5189254525e+02 1.1647858883e+06
3.5189062394e+02 1.1680437479e+06
3.5228774419e+02 1.1706563022e+06
3.5190316986e+02 1.1723408278e+06
3.5224847351e+02 1.1822420387e+06
3.5369320929e+02 1.1866033050e+06
3.5354932651e+02 1.1877490653e+06
3.5383973336e+02 1.1891740197e+06
3.5367941766e+02 1.1929578681e+06
3.5424307212e+02 1.1936898288e+06
3.5428564086e+02 1.1961700999e+06
3.5430451112e+02 1.1973793675e+06
3.5380356001e+02 1.2011256556e+06
3.5444368290e+02 1.2044783627e+06
3.5435634241e+02 1.2070266570e+06
3.5373703177e+02 1.2088617353e+06
3.5377402821e+02 1.2102773795e+06
3.5436334604e+02 1.2119015800e+06
3.5399811988e+02 1.2134872088e+06
3.5381727760e+02 1.2158139108e+06
3.5329626323e+02 1.2191734337e+06
3.5446390617e+02 1.2230234286e+06
3.5444877681e+02 1.2234565470e+06
3.5252977511e+02 1.2266800464e+06
3.5282617019e+02 1.2371742246e+06
3.5396403762e+02 1.2437537126e+06
3.5452814432e+02 1.2465515403e+06
3.5460674726e+02 1.2476374672e+06
3.5423178074e+02 1.2508085666e+06
3.5406421584e+02 1.2547096140e+06
3.5465463098e+02 1.2561311712e+06
3.5467166386e+02 1.2591352182e+06
3.5404763158e+02 1.2610712047e+06
3.5405441718e+02 1.2636208745e+06
3.5313244910e+02 1.2667851370e+06
3.5342448655e+02 1.2757418494e+06
3.5429541484e+02 1.2791290336e+06
3.5416643950e+02 1.2817772014e+06
3.5421127876e+02 1.2830515440e+06
3.5305170511e+02 1.2870280295e+06
3.5372783651e+02 1.2959154722e+06
3.5402955578e+02 1.2971793508e+06
3.5338965722e+02 1.2992867065e+06
3.5398798710e+02 1.3025472068e+06
3.5432099826e+02 1.3052881284e+06
3.5477232312e+02 1.3070883296e+06
3.5467357990e+02 1.3085493635e+06
3.5441491009e+02 1.3112319898e+06
3.5426823208e+02 1.3138217184e+06
3.5423124352e+02 1.3160909067e+06
3.5438083873e+02 1.3168508277e+06
3.5440740628e+02 1.3200207507e+06
3.5449809992e+02 1.3203961377e+06
3.5467592082e+02 1.3236604349e+06
3.5472620976e+02 1.3256054186e+06
3.5442919309e+02 1.3280941444e+06
3.5454664810e+02 1.3285376148e+06
3.5447524225e+02 1.3312886949e+06
3.5452963769e+02 1.3332938597e+06
3.5478201176e+02 1.3349015145e+06
3.5467998450e+02 1.3373960847e+06
3.5450584158e+02 1.3404013477e+06
3.5478644683e+02 1.3441756959e+06
3.5519944111e+02 1.3445376617e+06
3.5462177623e+02 1.3475027361e+06
3.5452972374e+02 1.3493656688e+06
3.5467930818e+02 1.3509265392e+06
3.5471944328e+02 1.3532726877e+06
3.5458680037e+02 1.3547934736e+06
3.5382492924e+02 1.3583712129e+06
3.5465138902e+02 1.3621091905e+06
3.5532753353e+02 1.3645472495e+06
3.5535390065e+02 1.3651983850e+06
3.5469501363e+02 1.3671996457e+06
3.5471228070e+02 1.3695473158e+06
3.5411056502e+02 1.3709986897e+06
3.5479937043e+02 1.3734173280e+06
3.5494028320e+02 1.3788286310e+06
3.5475463798e+02 1.3809417194e+06
3.5481634828e+02 1.3831400757e+06
3.5479626855e+02 1.3871541666e+06
3.5504243073e+02 1.3894387777e+06
3.5488411143e+02 1.3916736884e+06
3.5483874085e+02 1.3937939913e+06
3.5487716911e+02 1.3952884716e+06
3.5505413023e+02 1.3995096934e+06
3.5442432592e+02 1.4021969734e+06
3.5493753685e+02 1.4036993406e+06
3.5496102926e+02 1.4084050403e+06
3.5464707687e+02 1.4121497027e+06
3.5498078786e+02 1.4141050231e+06
3.5501559441e+02 1.4155899589e+06
3.5520013529e+02 1.4182312458e+06
3.5567513659e+02 1.4206025851e+06
3.5569415107e+02 1.4215622026e+06
3.5569879274e+02 1.4242473120e+06
3.5571794784e+02 1.4268630885e+06
3.5485176937e+02 1.4291942147e+06
3.5520844569e+02 1.4315704992e+06
3.5498363153e+02 1.4359782631e+06
3.5520944157e+02 1.4402989857e+06
3.5507825780e+02 1.4450825725e+06
3.5519580178e+02 1.4472793395e+06
3.5512779437e+02 1.4488424164e+06
3.5518922170e+02 1.4512074722e+06
3.5515179693e+02 1.4529071266e+06
3.5516647478e+02 1.4536958779e+06
3.5591393979e+02 1.4567980298e+06
3.5591361285e+02 1.4585885566e+06
3.5593461619e+02 1.4604342135e+06
3.5597678163e+02 1.4635890426e+06
3.5596144689e+02 1.4652205929e+06
3.5596606530e+02 1.4661381577e+06
3.5598396290e+02 1.4679723097e+06
3.5600946649e+02 1.4711851558e+06
3.5603101333e+02 1.4736189838e+06
3.5601623950e+02 1.4747765992e+06
3.5605277471e+02 1.4762346709e+06
3.5603734831e+02 1.4781698704e+06
3.5608425834e+02 1.4800537338e+06
3.5606633742e+02 1.4830105873e+06
3.5609812601e+02 1.4854856339e+06
3.5608861703e+02 1.4863828119e+06
3.5612024710e+02 1.4894243253e+06
3.5611751710e+02 1.4908769517e+06
3.5632717237e+02 1.4923798429e+06
3.5614155977e+02 1.4941746668e+06
3.5617115451e+02 1.4982951769e+06
3.5619705183e+02 1.5014282941e+06
3.5626676255e+02 1.5038633360e+06
3.5620818970e+02 1.5050215887e+06
3.5625200551e+02 1.5079510273e+06
3.5623084272e+02 1.5087181118e+06
3.5627377289e+02 1.5102532964e+06
3.5626208657e+02 1.5139967103e+06
3.5629909169e+02 1.5141712197e+06
3.5628618499e+02 1.5176998464e+06
3.5633146091e+02 1.5189036509e+06
3.5634328630e+02 1.5202397057e+06
3.5631767926e+02 1.5226293623e+06
3.5641141906e+02 1.5244510783e+06
3.5634437266e+02 1.5262908683e+06
3.5639967245e+02 1.5300404025e+06
3.5637756157e+02 1.5308619390e+06
3.5639125317e+02 1.5336043216e+06
3.5640730796e+02 1.5343964297e+06
3.5641526024e+02 1.5376017453e+06
3.5644139033e+02 1.5385494942e+06
3.5647058920e+02 1.5409049121e+06
3.5644855394e+02 1.5433114999e+06
3.5650150746e+02 1.5454558521e+06
3.5647442087e+02 1.5473506482e+06
3.5650855302e+02 1.5504830582e+06
3.5653657233e+02 1.5512968175e+06
3.5650860567e+02 1.5527208644e+06
3.5653294532e+02 1.5547698991e+06
3.5653828630e+02 1.5567604869e+06
3.5674419864e+02 1.5605451331e+06
3.5656924388e+02 1.5613459073e+06
3.5660761281e+02 1.5633167453e+06
3.5659447998e+02 1.5656571051e+06
3.5663417454e+02 1.5682496614e+06
3.5664913674e+02 1.5704089167e+06
3.5662967319e+02 1.5718043894e+06
3.5668379984e+02 1.5741693716e+06
3.5665729314e+02 1.5761878561e+06
3.5670398585e+02 1.5774212628e+06
3.5670104955e+02 1.5806125897e+06
3.5669434839e+02 1.5820007525e+06
3.5674482569e+02 1.5839457565e+06
3.5672750255e+02 1.5864264623e+06
3.5673910633e+02 1.5876346033e+06
3.5680014787e+02 1.5908546806e+06
3.5676539547e+02 1.5922545322e+06
3.5681713232e+02 1.5945773699e+06
3.5680910907e+02 1.5963287441e+06
3.5680242861e+02 1.5988346481e+06
3.5683680994e+02 1.6005709391e+06
3.5685403505e+02 1.6014956034e+06
3.5683197215e+02 1.6035680706e+06
3.5686341905e+02 1.6054547211e+06
3.5698912591e+02 1.6075226166e+06
3.5687232927e+02 1.6098293525e+06
3.5690320437e+02 1.6129307471e+06
3.5690959385e+02 1.6146554351e+06
3.5715519664e+02 1.6160333981e+06
3.5693047989e+02 1.6178709946e+06
3.5695711317e+02 1.6206393124e+06
3.5701860551e+02 1.6220621402e+06
3.5696930993e+02 1.6248837341e+06
3.5700239206e+02 1.6254911002e+06
3.5701865392e+02 1.6289688042e+06
3.5700093547e+02 1.6299699276e+06
3.5706418935e+02 1.6329373054e+06
3.5707619442e+02 1.6342653590e+06
3.5704490086e+02 1.6366736510e+06
3.5713435249e+02 1.6375401106e+06
3.5711507597e+02 1.6409324263e+06
3.5708687893e+02 1.6418982307e+06
3.5721293334e+02 1.6448148169e+06
3.5713958435e+02 1.6458906154e+06
3.5714065913e+02 1.6483618795e+06
3.5712842262e+02 1.6495751910e+06
3.5718496253e+02 1.6523293544e+06
3.5716222010e+02 1.6550185205e+06
3.5722211866e+02 1.6557445121e+06
3.5726612672e+02 1.6589505457e+06
3.5721062379e+02 1.6597429468e+06
3.5721038655e+02 1.6621700526e+06
3.5723901610e+02 1.6653196453e+06
3.5727552234e+02 1.6664054288e+06
3.5725834227e+02 1.6678063792e+06
3.5730252539e+02 1.6702107111e+06
3.5728055838e+02 1.6731812149e+06
3.5732029912e+02 1.6747523411e+06
3.5734291063e+02 1.6758687562e+06
3.5731655328e+02 1.6789809419e+06
3.5735409394e+02 1.6813103018e+06
3.5771039950e+02 1.6853211787e+06
3.5737006640e+02 1.6865679557e+06
3.5742403174e+02 1.6890761514e+06
3.5749057495e+02 1.6915176983e+06
3.5742675113e+02 1.6926073864e+06
3.5742466933e+02 1.6954735961e+06
3.5784189655e+02 1.6961302033e+06
3.5749158165e+02 1.6993421727e+06
3.5746392335e+02 1.7016316271e+06
3.5755832929e+02 1.7038324837e+06
3.5754793285e+02 1.7048116520e+06
3.5751948131e+02 1.7079239447e+06
3.5752538219e+02 1.7096579269e+06
3.5756491493e+02 1.7102976406e+06
3.5758353184e+02 1.7127183306e+06
3.5759094182e+02 1.7142144981e+06
3.5756398599e+02 1.7166020812e+06
3.5771803756e+02 1.7199747709e+06
3.5762290325e+02 1.7208434454e+06
3.5760841977e+02 1.7231193071e+06
3.5772900592e+02 1.7261442232e+06
3.5765303676e+02 1.7273617334e+06
3.5770200469e+02 1.7288050414e+06
3.5767968379e+02 1.7315757548e+06
3.5770256016e+02 1.7323663126e+06
3.5789681193e+02 1.7356690813e+06
3.5770222413e+02 1.7364299718e+06
3.5774958388e+02 1.7387586452e+06
3.5783499094e+02 1.7404763278e+06
3.5775391033e+02 1.7433065478e+06
3.5778522459e+02 1.7455788905e+06
3.5782122136e+02 1.7464372239e+06
3.5781704416e+02 1.7500900975e+06
3.5783400658e+02 1.7521959938e+06
3.5784265045e+02 1.7540816855e+06
3.5784333394e+02 1.7550309075e+06
3.5783489557e+02 1.7571904320e+06
3.5792052722e+02 1.7601470582e+06
3.5790404720e+02 1.7622712552e+06
3.5801773811e+02 1.7643288604e+06
3.5792262729e+02 1.7665863304e+06
3.5803195850e+02 1.7683150889e+06
3.5813430562e+02 1.7697918194e+06
3.5797786503e+02 1.7707784019e+06
3.5801272513e+02 1.7734848587e+06
3.5801266050e+02 1.7766154232e+06
3.5803624443e+02 1.7781801670e+06
3.5799419039e+02 1.7800496095e+06
3.5803309080e+02 1.7817515899e+06
3.5802104033e+02 1.7837163658e+06
3.5805169696e+02 1.7865661554e+06
3.5812778884e+02 1.7883506166e+06
3.5806755345e+02 1.7907444475e+06
3.5806306097e+02 1.7925888419e+06
3.5808230787e+02 1.7944848746e+06
3.5816633465e+02 1.7964622506e+06
3.5809398246e+02 1.7972589196e+06
3.5810471271e+02 1.7991021630e+06
3.5799602159e+02 1.8015661257e+06
3.5824670772e+02 1.8043762951e+06
3.5826698813e+02 1.8055310561e+06
3.5825614756e+02 1.8073883893e+06
3.5823133665e+02 1.8097396620e+06
3.5837654910e+02 1.8125135047e+06
3.5834406942e+02 1.8139863647e+06
3.5817582498e+02 1.8159657241e+06
3.5815925249e+02 1.8186477036e+06
3.5827519799e+02 1.8224907300e+06
3.5847013601e+02 1.8250804073e+06
3.5842343792e+02 1.8258539244e+06
3.5829338227e+02 1.8284605031e+06
3.5827475756e+02 1.8295633077e+06
3.5854791138e+02 1.8326016915e+06
3.5820531409e+02 1.8344058881e+06
3.5856830239e+02 1.8368489520e+06
3.5832650292e+02 1.8391337759e+06
3.5851661271e+02 1.8413037252e+06
3.5860059912e+02 1.8421068140e+06
3.5834344033e+02 1.8437531312e+06
3.5834837833e+02 1.8455163150e+06
3.5836632405e+02 1.8490950541e+06
3.5862024439e+02 1.8500003104e+06
3.5866830090e+02 1.8534721484e+06
3.5830838442e+02 1.8548089741e+06
3.5856886623e+02 1.8565966476e+06
3.5880282578e+02 1.8580744669e+06
3.5864582563e+02 1.8605675089e+06
3.5885224655e+02 1.8626093715e+06
3.5858684625e+02 1.8639481328e+06
3.5881863273e+02 1.8672012326e+06
3.5835790986e+02 1.8681160592e+06
3.5852145653e+02 1.8700711637e+06
3.5844292309e+02 1.8730384111e+06
3.5872083949e+02 1.8751161367e+06
3.5881750635e+02 1.8770925302e+06
3.5861331002e+02 1.8780372915e+06
3.5875018505e+02 1.8811663164e+06
3.5905500563e+02 1.8821255742e+06
3.5862303048e+02 1.8843901177e+06
3.5853562483e+02 1.8864049900e+06
3.5882225689e+02 1.8883311140e+06
3.5863019328e+02 1.8901830155e+06
3.5910935835e+02 1.8924364698e+06
3.5863026724e+02 1.8945474588e+06
3.5859872195e+02 1.8963408484e+06
3.5884040765e+02 1.8987716948e+06
3.5891501985e+02 1.9001866595e+06
3.5855617006e+02 1.9027753799e+06
3.5913057369e+02 1.9044806772e+06
3.5884080003e+02 1.9073052138e+06
3.5902621107e+02 1.9082613367e+06
3.5888635073e+02 1.9104224406e+06
3.5901412395e+02 1.9139582485e+06
3.5890841248e+02 1.9146690122e+06
3.5904275537e+02 1.9175620916e+06
3.5872599392e+02 1.9190194786e+06
3.5894461776e+02 1.9216580526e+06
3.5878592407e+02 1.9221437251e+06
3.5885815993e+02 1.9241812376e+06
3.5905668533e+02 1.9271433844e+06
3.5905739658e+02 1.9298637851e+06
3.5861684965e+02 1.9303073591e+06
3.5901404151e+02 1.9339372894e+06
3.5905197820e+02 1.9345401692e+06
3.5906521381e+02 1.9366561919e+06
3.5916526083e+02 1.9389914991e+06
3.5930729972e+02 1.9420107034e+06
3.5904948592e+02 1.9431431449e+06
3.5906708646e+02 1.9461664020e+06
3.5912667327e+02 1.9472259797e+06
3.5928355771e+02 1.9500008817e+06
3.5894670488e+02 1.9521934535e+06
3.5869967500e+02 1.9560112795e+06
3.5924845405e+02 1.9579120081e+06
3.5878404512e+02 1.9587372655e+06
3.5897925348e+02 1.9611929142e+06
3.5897869836e+02 1.9636738681e+06
3.5889367456e+02 1.9659680858e+06
3.5857103554e+02 1.9674207582e+06
3.5918080282e+02 1.9686018794e+06
3.5921080882e+02 1.9719292434e+06
3.5927313842e+02 1.9731880679e+06
3.5940927643e+02 1.9764865057e+06
3.5935717060e+02 1.9779808575e+06
3.5946481084e+02 1.9801818669e+06
3.5924477794e+02 1.9818069842e+06
3.5955039700e+02 1.9828589342e+06
3.5927307433e+02 1.9856756642e+06
3.5960302132e+02 1.9872486969e+06
3.5948381672e+02 1.9905568906e+06
3.5942934063e+02 1.9915588199e+06
3.5954156438e+02 1.9943735691e+06
3.5922448278e+02 1.9955234446e+06
3.5950157830e+02 1.9988621864e+06
3.5933221844e+02 1.9995847298e+06
3.5941367712e+02 2.0009299540e+06
3.5955664709e+02 2.0045841682e+06
3.5941316483e+02 2.0054519350e+06
3.5961684397e+02 2.0085366240e+06
3.5937370593e+02 2.0099432395e+06
3.5946362163e+02 2.0124830974e+06
3.5939088077e+02 2.0142924625e+06
3.5948189521e+02 2.0154170466e+06
3.5975263496e+02 2.0178806557e+06
3.5957479464e+02 2.0208464422e+06
3.5931099159e+02 2.0215442189e+06
3.5944046869e+02 2.0249286545e+06
3.5957810660e+02 2.0263652454e+06
3.5965192104e+02 2.0286905277e+06
3.5944655962e+02 2.0293600228e+06
3.5970456134e+02 2.0348811026e+06
3.5964802348e+02 2.0364848607e+06
3.5977037841e+02 2.0391332835e+06
3.5951199903e+02 2.0404062578e+06
3.5964957982e+02 2.0418661732e+06
3.5950304272e+02 2.0453043306e+06
3.5961722299e+02 2.0464231528e+06
3.5977986956e+02 2.0510830028e+06
3.5971999181e+02 2.0524209703e+06
3.5998652387e+02 2.0545508164e+06
3.5959494972e+02 2.0568724747e+06
3.5972252391e+02 2.0582658483e+06
3.5980359596e+02 2.0608665683e+06
3.5956184521e+02 2.0618726101e+06
3.6006883573e+02 2.0664184439e+06
3.5979356443e+02 2.0692919219e+06
3.6006457751e+02 2.0713599260e+06
3.5992677918e+02 2.0722106801e+06
3.5969181421e+02 2.0741581498e+06
3.6001617064e+02 2.0757428385e+06
3.5962869576e+02 2.0795998045e+06
3.5975803850e+02 2.0801860482e+06
3.5993111478e+02 2.0851270372e+06
3.5986665744e+02 2.0866413602e+06
3.6014531557e+02 2.0891522397e+06
3.6000704312e+02 2.0898812806e+06
3.5980713872e+02 2.0929936744e+06
3.5995831462e+02 2.0957032069e+06
3.5983445147e+02 2.0973199586e+06
3.5970501580e+02 2.0983509846e+06
3.6031640783e+02 2.1013118415e+06
3.6000801498e+02 2.1031312758e+06
3.5994309785e+02 2.1049757751e+06
3.6022692900e+02 2.1074750297e+06
3.6008779505e+02 2.1080460972e+06
3.5994962564e+02 2.1112946270e+06
3.5993971824e+02 2.1131178115e+06
3.6003944367e+02 2.1143204873e+06
3.5991715564e+02 2.1165192238e+06
3.5979430130e+02 2.1190109918e+06
3.5969037585e+02 2.1233333157e+06
3.6024494022e+02 2.1260164677e+06
3.5978951639e+02 2.1271605544e+06
3.5989448772e+02 2.1294601724e+06
3.5974044630e+02 2.1309086750e+06
3.6005296502e+02 2.1323358406e+06
3.5948100329e+02 2.1358554429e+06
3.5998521699e+02 2.1367479721e+06
3.5956223370e+02 2.1394928707e+06
3.5965832152e+02 2.1416630533e+06
3.5975431438e+02 2.1424018450e+06
3.5993635650e+02 2.1460759533e+06
3.5985065247e+02 2.1482918265e+06
3.5976436186e+02 2.1498823536e+06
3.5930671900e+02 2.1505955582e+06
3.6011120896e+02 2.1586513562e+06
3.6026533726e+02 2.1624075099e+06
3.6049658962e+02 2.1626408182e+06
3.6020768681e+02 2.1650566964e+06
3.6001271965e+02 2.1676201820e+06
3.6037896278e+02 2.1715669616e+06
3.6023783072e+02 2.1728656349e+06
3.6031621054e+02 2.1746972184e+06
3.6022132417e+02 2.1818779573e+06
3.6036359179e+02 2.1837201776e+06
3.6025954579e+02 2.1855361099e+06
3.6031256260e+02 2.1874844206e+06
3.6060058264e+02 2.1889571379e+06
3.6047880781e+02 2.1930321463e+06
3.6014544050e+02 2.1963273490e+06
3.6071639354e+02 2.1975192963e+06
3.6093856720e+02 2.2036262899e+06
3.6046913241e+02 2.2061948176e+06
3.6034646069e+02 2.2084394747e+06
3.6042164077e+02 2.2106390841e+06
3.6038866260e+02 2.2117092571e+06
3.6058470422e+02 2.2154549002e+06
3.6046896598e+02 2.2204553754e+06
3.6091562183e+02 2.2223495290e+06
3.6057593492e+02 2.2289019217e+06
3.6081468502e+02 2.2296189547e+06
3.6066909372e+02 2.2328935274e+06
3.6081335698e+02 2.2332516356e+06
3.6032529707e+02 2.2356549233e+06
3.6069011062e+02 2.2377942485e+06
3.6064610776e+02 2.2432624578e+06
3.6058778252e+02 2.2450195921e+06
3.6054959351e+02 2.2458785048e+06
3.6068858323e+02 2.2531939105e+06
3.6092637721e+02 2.2535092705e+06
3.6077796354e+02 2.2559684035e+06
3.6065489549e+02 2.2607929547e+06
3.6075181498e+02 2.2656180699e+06
3.6063712834e+02 2.2713935291e+06
3.6102517043e+02 2.2750594023e+06
3.6050145493e+02 2.2758660817e+06
3.6068564907e+02 2.2777858298e+06
3.6096166321e+02 2.2802832705e+06
3.6089489114e+02 2.2823764743e+06
3.6116217113e+02 2.2889418413e+06
3.6114493247e+02 2.2900916342e+06
3.6079173665e+02 2.2920076653e+06
3.6081174243e+02 2.2977551793e+06
3.6110637310e+02 2.2985180280e+06
3.6075241442e+02 2.2998611667e+06
3.6090602660e+02 2.3025077828e+06
3.6107106647e+02 2.3049804614e+06
3.6091525206e+02 2.3065853419e+06
3.6099849354e+02 2.3097471166e+06
3.6085836322e+02 2.3104612736e+06
3.6108958366e+02 2.3129917212e+06
3.6094290329e+02 2.3145844437e+06
3.6149457734e+02 2.3477520848e+06
3.6139820090e+02 2.3571226356e+06
3.6119695579e+02 2.3647790196e+06
3.6148967699e+02 2.3701849802e+06
3.6127658871e+02 2.3713855411e+06
3.6088365754e+02 2.3743239141e+06
3.6121804521e+02 2.3764183313e+06
3.6140474293e+02 2.3768380336e+06
3.6094010786e+02 2.3796566889e+06
3.6101665610e+02 2.3819459359e+06
3.6126792743e+02 2.3851502274e+06
3.6119824515e+02 2.3891169827e+06
3.6112818047e+02 2.3926859127e+06
3.6106554330e+02 2.3957286954e+06
3.6100346263e+02 2.3981323409e+06
3.6080816241e+02 2.4007980259e+06
}