Pressao_entrada 1034170
Pressao_saida 101300.0
Velocidade_angular 1083.84946425
Temperatura 349.37098787


Ri 0.0875
Rg 0.0979
Rm 0.1035
Ro 0.1095
h 3e-06
hg 5e-06
beta1 2.29
beta2 1
N 10

n_r_1 25
n_r_2 25
n_r_3 25
n_t_1 20
n_t_2 20
n_t_3 20
n_t_4 20
n_t_5 20
n_z_h 10
n_z_hg 10

nCells 9.5000000000e+04
minVol 1.1767719988e-03
maxVol 2.3365155688e-02
totVol 5.7835457822e+02

min_U 0.0000000000e+00
max_U 1.1855145440e+02
min_Rho 8.7385023289e-01
max_Rho 1.5464449711e+01
min_P 1.0130000000e+05
max_P 1.7429635413e+06
min_T 3.4352295101e+02
max_T 3.5557560821e+02
Force 1.2583846959e+03
Shear 1.4557411876e+03
Inlet_Flow -5.4564920724e-06
Outlet_Flow 5.4552659455e-06
Sum_Flow -1.2261268906e-09
Perc_flow 1.1093277078e-01

T_crit 284.789023277
P_crit 13667293.4024
satSize 197
composition methane_0.696392/ethane_0.112586/n-propane_0.091609/isobutane_0.015910/n-butane_0.034455/isopentane_0.008918/n-pentane_0.011654/n-hexane_0.008411/n-heptane_0.005878/n-octane_0.002128/n-nonane_0.000203/n-decane_0.000101/nitrogen_0.009222/co2_0.002533


SaturationCurve
{
2.8090348048e+02 1.0130000000e+05
2.9577379061e+02 2.5203326003e+05
3.0419915249e+02 4.0276652005e+05
3.1022344592e+02 5.5349978008e+05
3.1495509383e+02 7.0423304010e+05
3.1886765847e+02 8.5496630013e+05
3.2220866670e+02 1.0056995602e+06
3.2512443644e+02 1.1564328202e+06
3.2770916644e+02 1.3071660802e+06
3.3002740202e+02 1.4578993402e+06
3.3212549589e+02 1.6086326003e+06
3.3403797008e+02 1.7593658603e+06
3.3579129199e+02 1.9100991203e+06
3.3740623898e+02 2.0608323803e+06
3.3889944511e+02 2.2115656404e+06
3.4028444980e+02 2.3622989004e+06
3.4157243071e+02 2.5130321604e+06
3.4277272920e+02 2.6637654204e+06
3.4389323559e+02 2.8144986805e+06
3.4494067705e+02 2.9652319405e+06
3.4592083650e+02 3.1159652005e+06
3.4683872155e+02 3.2666984605e+06
3.4769869666e+02 3.4174317206e+06
3.4850458778e+02 3.5681649806e+06
3.4925976608e+02 3.7188982406e+06
3.4996721574e+02 3.8696315007e+06
3.5062958910e+02 4.0203647607e+06
3.5124925216e+02 4.1710980207e+06
3.5182832219e+02 4.3218312807e+06
3.5236869915e+02 4.4725645408e+06
3.5287209207e+02 4.6232978008e+06
3.5334004130e+02 4.7740310608e+06
3.5377393741e+02 4.9247643208e+06
3.5417503733e+02 5.0754975809e+06
3.5454447809e+02 5.2262308409e+06
3.5488328876e+02 5.3769641009e+06
3.5519240059e+02 5.5276973609e+06
3.5547265592e+02 5.6784306210e+06
3.5572481580e+02 5.8291638810e+06
3.5594956667e+02 5.9798971410e+06
3.5614752608e+02 6.1306304010e+06
3.5631924777e+02 6.2813636611e+06
3.5646522594e+02 6.4320969211e+06
3.5658589911e+02 6.5828301811e+06
3.5668165325e+02 6.7335634412e+06
3.5675282466e+02 6.8842967012e+06
3.5679970228e+02 7.0350299612e+06
3.5682252966e+02 7.1857632212e+06
3.5682150661e+02 7.3364964813e+06
3.5679679047e+02 7.4872297413e+06
3.5674849712e+02 7.6379630013e+06
3.5667670163e+02 7.7886962613e+06
3.5658143865e+02 7.9394295214e+06
3.5646270256e+02 8.0901627814e+06
3.5632044719e+02 8.2408960414e+06
3.5615458541e+02 8.3916293014e+06
3.5596498828e+02 8.5423625615e+06
3.5575148394e+02 8.6930958215e+06
3.5551385612e+02 8.8438290815e+06
3.5525184228e+02 8.9945623415e+06
3.5496513132e+02 9.1452956016e+06
3.5465336082e+02 9.2960288616e+06
3.5431611379e+02 9.4467621216e+06
3.5395291471e+02 9.5974953816e+06
3.5356322502e+02 9.7482286417e+06
3.5314643770e+02 9.8989619017e+06
3.5270187094e+02 1.0049695162e+07
3.5222876070e+02 1.0200428422e+07
3.5172625199e+02 1.0351161682e+07
3.5119338849e+02 1.0501894942e+07
3.5062910033e+02 1.0652628202e+07
3.5003218947e+02 1.0803361462e+07
3.4940131233e+02 1.0954094722e+07
3.4873495873e+02 1.1104827982e+07
3.4803142645e+02 1.1255561242e+07
3.4728879019e+02 1.1406294502e+07
3.4650486320e+02 1.1557027762e+07
3.4567714960e+02 1.1707761022e+07
3.4480278437e+02 1.1858494282e+07
3.4387845685e+02 1.2009227542e+07
3.4290031189e+02 1.2159960802e+07
3.4186382004e+02 1.2310694062e+07
3.4076360404e+02 1.2461427322e+07
3.3959320192e+02 1.2612160582e+07
3.3834473589e+02 1.2762893842e+07
3.3700843631e+02 1.2913627102e+07
3.3557193439e+02 1.3064360362e+07
3.3401916893e+02 1.3215093622e+07
3.3232861230e+02 1.3365826882e+07
3.3047021154e+02 1.3516560142e+07
3.2839968129e+02 1.3667293402e+07
3.2604665362e+02 1.3818026662e+07
3.2328593954e+02 1.3968759922e+07
3.1984777413e+02 1.4119493182e+07
3.1483770060e+02 1.4270226442e+07
3.1483770060e+02 1.4270226441e+07
3.1278448923e+02 1.4309448852e+07
3.1073127786e+02 1.4335970475e+07
3.0867806649e+02 1.4350021486e+07
3.0662485512e+02 1.4351813536e+07
3.0457164375e+02 1.4341549309e+07
3.0251843238e+02 1.4319429986e+07
3.0046522101e+02 1.4285660751e+07
2.9841200964e+02 1.4240454520e+07
2.9635879827e+02 1.4184034312e+07
2.9430558690e+02 1.4116634921e+07
2.9225237553e+02 1.4038505598e+07
2.9019916416e+02 1.3949919268e+07
2.8814595279e+02 1.3851216474e+07
2.8403953005e+02 1.3620689626e+07
2.8198631868e+02 1.3493836152e+07
2.7993310731e+02 1.3356754550e+07
2.7787989594e+02 1.3210492808e+07
2.7582668457e+02 1.3055440699e+07
2.7377347320e+02 1.2891885133e+07
2.7172026183e+02 1.2720089904e+07
2.6966705046e+02 1.2540312421e+07
2.6761383909e+02 1.2352810169e+07
2.6556062773e+02 1.2157844741e+07
2.6350741636e+02 1.1955685302e+07
2.6145420499e+02 1.1746612047e+07
2.5940099362e+02 1.1530919663e+07
2.5734778225e+02 1.1308920979e+07
2.5529457088e+02 1.1080950581e+07
2.5324135951e+02 1.0847368383e+07
2.5118814814e+02 1.0608562930e+07
2.4913493677e+02 1.0364954216e+07
2.4708172540e+02 1.0116995660e+07
2.4502851403e+02 9.8651748334e+06
2.4297530266e+02 9.6100124633e+06
2.4092209129e+02 9.3520592694e+06
2.3886887992e+02 9.0918903480e+06
2.3681566855e+02 8.8300971802e+06
2.3476245718e+02 8.5672778225e+06
2.3270924581e+02 8.3040263246e+06
2.3065603444e+02 8.0409226727e+06
2.2860282307e+02 7.7785244180e+06
2.2654961170e+02 7.5173606675e+06
2.2449640033e+02 7.2579284957e+06
2.2244318896e+02 7.0006913476e+06
2.2038997759e+02 6.7460787894e+06
2.1833676622e+02 6.4944870034e+06
2.1628355485e+02 6.2462796050e+06
2.1423034348e+02 6.0017885610e+06
2.1217713211e+02 5.7613151417e+06
2.1012392074e+02 5.5251309216e+06
2.0807070937e+02 5.2934788644e+06
2.0601749800e+02 5.0665745243e+06
2.0396428663e+02 4.8446073659e+06
2.0191107526e+02 4.6277421859e+06
1.9985786389e+02 4.4161206028e+06
1.9780465252e+02 4.2098625752e+06
1.9575144115e+02 4.0090679086e+06
1.9369822978e+02 3.8138177174e+06
1.9164501841e+02 3.6241758175e+06
1.8959180704e+02 3.4401900321e+06
1.8753859567e+02 3.2618934013e+06
1.8548538431e+02 3.0893052920e+06
1.8343217294e+02 2.9224324103e+06
1.8137896157e+02 2.7612697192e+06
1.7932575020e+02 2.6058012687e+06
1.7727253883e+02 2.4560009469e+06
1.7521932746e+02 2.3118331575e+06
1.7316611609e+02 2.1732534336e+06
1.7111290472e+02 2.0402089953e+06
1.6905969335e+02 1.9126392565e+06
1.6700648198e+02 1.7904762899e+06
1.6495327061e+02 1.6736452534e+06
1.6290005924e+02 1.5620647866e+06
1.6084684787e+02 1.4556473782e+06
1.5879363650e+02 1.3542997127e+06
1.5674042513e+02 1.2579229967e+06
1.5468721376e+02 1.1664132709e+06
1.5263400239e+02 1.0796617107e+06
1.5058079102e+02 9.9755491707e+05
1.4852757965e+02 9.1997520247e+05
1.4647436828e+02 8.4680087305e+05
1.4442115691e+02 7.7790651003e+05
1.4236794554e+02 7.1316325243e+05
1.4031473417e+02 6.5243908346e+05
1.3826152280e+02 5.9559912244e+05
1.3620831143e+02 5.4250592440e+05
1.3415510006e+02 4.9301978898e+05
1.3210188869e+02 4.4699908019e+05
1.3004867732e+02 4.0430055853e+05
1.2799546595e+02 3.6477972645e+05
1.2594225458e+02 3.2829118837e+05
1.2388904321e+02 2.9468902589e+05
1.2183583184e+02 2.6382718893e+05
1.1978262047e+02 2.3555990316e+05
1.1772940910e+02 2.0974209383e+05
1.1567619773e+02 1.8622982590e+05
1.1362298636e+02 1.6488075965e+05
1.1156977499e+02 1.4555462067e+05
1.0951656362e+02 1.2811368216e+05
1.0746335226e+02 1.1242325663e+05
}

T_margin 20.3081374499
T_sat_margin 333.791437436
T_hull_margin 354.099574886
P_hull_margin 1739935.18265

caseHull
{
3.5009906448e+02 2.9932404518e+05
3.5010729117e+02 3.0076286033e+05
3.5011163972e+02 3.0235244935e+05
3.5012218381e+02 3.0474140108e+05
3.5012861610e+02 3.0618401188e+05
3.5013564132e+02 3.0775517825e+05
3.5014971468e+02 3.0935237936e+05
3.5014347024e+02 3.0950038498e+05
3.5015183969e+02 3.1136439911e+05
3.5016099498e+02 3.1339789101e+05
3.5017480730e+02 3.1456823251e+05
3.5017066226e+02 3.1554032367e+05
3.5018110869e+02 3.1784874980e+05
3.5019201411e+02 3.2025713671e+05
3.5020731721e+02 3.2119527376e+05
3.5020367058e+02 3.2282833637e+05
3.5022737812e+02 3.2507173527e+05
3.5021576039e+02 3.2549264752e+05
3.5022863039e+02 3.2832241796e+05
3.5024186772e+02 3.3123343813e+05
3.5021975683e+02 3.3265346178e+05
3.5022510140e+02 3.3398802535e+05
3.5023346028e+02 3.3589720873e+05
3.5023905534e+02 3.3715323384e+05
3.5024541853e+02 3.3857316301e+05
3.5025275458e+02 3.4020112814e+05
3.5026080412e+02 3.4198060557e+05
3.5026977716e+02 3.4261578499e+05
3.5028127126e+02 3.4498622362e+05
3.5027947039e+02 3.4608592156e+05
3.5029602158e+02 3.4805220768e+05
3.5029006729e+02 3.4840766321e+05
3.5030126285e+02 3.5085734962e+05
3.5027290508e+02 3.5257635066e+05
3.5027324608e+02 3.5271560878e+05
3.5028085993e+02 3.5453177441e+05
3.5029096686e+02 3.5680223789e+05
3.5029736386e+02 3.5822381218e+05
3.5030483708e+02 3.5987342201e+05
3.5040697527e+02 3.6104886559e+05
3.5031304889e+02 3.6168195994e+05
3.5032230239e+02 3.6371115858e+05
3.5036831937e+02 3.6550576633e+05
3.5033224635e+02 3.6588722547e+05
3.5034321305e+02 3.6827901231e+05
3.5038357528e+02 3.6883532748e+05
3.5035481122e+02 3.7080609413e+05
3.5039967088e+02 3.7234282210e+05
3.5036740040e+02 3.7354423388e+05
3.5043260052e+02 3.7472689011e+05
3.5038056799e+02 3.7640676460e+05
3.5039771945e+02 3.7791855662e+05
3.5039472219e+02 3.7947605503e+05
3.5046842927e+02 3.8060238698e+05
3.5040941654e+02 3.8266030820e+05
3.5045111038e+02 3.8353695429e+05
3.5038218775e+02 3.8550579426e+05
3.5038563243e+02 3.8602883238e+05
3.5039354623e+02 3.8753478316e+05
3.5040016260e+02 3.8963681554e+05
3.5040703307e+02 3.9115255207e+05
3.5041511540e+02 3.9292335222e+05
3.5042679828e+02 3.9427613142e+05
3.5042407079e+02 3.9487792791e+05
3.5043421716e+02 3.9708316578e+05
3.5054605844e+02 3.9786274747e+05
3.5044516277e+02 3.9945694886e+05
3.5049413373e+02 4.0095981737e+05
3.5045728158e+02 4.0207727997e+05
3.5053172213e+02 4.0332962337e+05
3.5047012019e+02 4.0485204436e+05
3.5048718193e+02 4.0672622941e+05
3.5043678938e+02 4.0806060944e+05
3.5044235826e+02 4.0943890299e+05
3.5045224508e+02 4.1165725283e+05
3.5045882973e+02 4.1311393952e+05
3.5046917859e+02 4.1434808494e+05
3.5046678996e+02 4.1485738657e+05
3.5047564752e+02 4.1679120087e+05
3.5048583041e+02 4.1900215413e+05
3.5061298375e+02 4.1982061954e+05
3.5049684549e+02 4.2139017849e+05
3.5059330771e+02 4.2234795701e+05
3.5050914869e+02 4.2404903855e+05
3.5052186155e+02 4.2517411228e+05
3.5052221858e+02 4.2687144200e+05
3.5053816783e+02 4.2852388016e+05
3.5053655715e+02 4.2995874270e+05
3.5061181476e+02 4.3169004454e+05
3.5055160415e+02 4.3319645878e+05
3.5060444068e+02 4.3380745398e+05
3.5063455304e+02 4.3593770957e+05
3.5056788954e+02 4.3669277207e+05
3.5062491706e+02 4.3820786283e+05
3.5058483314e+02 4.4032891530e+05
3.5053520914e+02 4.4110747929e+05
3.5054323659e+02 4.4299068684e+05
3.5054875127e+02 4.4421258387e+05
3.5055541069e+02 4.4567409056e+05
3.5056354432e+02 4.4744467859e+05
3.5057692512e+02 4.4929450817e+05
3.5057274137e+02 4.4943708865e+05
3.5058341031e+02 4.5173763044e+05
3.5064164348e+02 4.5249359076e+05
3.5059502908e+02 4.5423966044e+05
3.5080498131e+02 4.5549525471e+05
3.5060809020e+02 4.5704661080e+05
3.5075266251e+02 4.5876521489e+05
3.5062201019e+02 4.6003775843e+05
3.5063889875e+02 4.6205726972e+05
3.5063734043e+02 4.6332763841e+05
3.5058932416e+02 4.6633535642e+05
3.5059110110e+02 4.6677453669e+05
3.5059879528e+02 4.6851808655e+05
3.5060461131e+02 4.6980561391e+05
3.5061218299e+02 4.7145568079e+05
3.5062080336e+02 4.7332946058e+05
3.5062953679e+02 4.7425409029e+05
3.5063109609e+02 4.7555192393e+05
3.5064237482e+02 4.7798354075e+05
3.5065626254e+02 4.7974129180e+05
3.5065529689e+02 4.8075639995e+05
3.5077617364e+02 4.8132517850e+05
3.5066913519e+02 4.8372347641e+05
3.5082648819e+02 4.8493834991e+05
3.5080087556e+02 4.8659197231e+05
3.5068457748e+02 4.8702406627e+05
3.5077064598e+02 4.8925280652e+05
3.5070086555e+02 4.9050438547e+05
3.5071665718e+02 4.9220190037e+05
3.5088671382e+02 4.9320196051e+05
3.5071872608e+02 4.9431047354e+05
3.5073792268e+02 4.9659210205e+05
3.5073736928e+02 4.9828415889e+05
3.5067551250e+02 4.9968601988e+05
3.5067808304e+02 5.0033745347e+05
3.5068718823e+02 5.0235515866e+05
3.5069421124e+02 5.0388260692e+05
3.5070250747e+02 5.0567593731e+05
3.5077836717e+02 5.0702115028e+05
3.5071262458e+02 5.0785294114e+05
3.5090803422e+02 5.0862408579e+05
3.5072386506e+02 5.1026747833e+05
3.5080068148e+02 5.1177636224e+05
3.5073692881e+02 5.1306474812e+05
3.5083063685e+02 5.1578450388e+05
3.5075099757e+02 5.1607590830e+05
3.5098514649e+02 5.1821613009e+05
3.5076687514e+02 5.1946278683e+05
3.5104234074e+02 5.2113292411e+05
3.5078368021e+02 5.2304761649e+05
3.5095556250e+02 5.2449123577e+05
3.5080377420e+02 5.2587779465e+05
3.5072506192e+02 5.2726723895e+05
3.5072651761e+02 5.2746723643e+05
3.5073420167e+02 5.2894912325e+05
3.5074175790e+02 5.3043613458e+05
3.5074901731e+02 5.3193497879e+05
3.5075227686e+02 5.3323508336e+05
3.5076241971e+02 5.3541261899e+05
3.5077102475e+02 5.3645258285e+05
3.5077466968e+02 5.3802596685e+05
3.5078836797e+02 5.3997821214e+05
3.5078799668e+02 5.4086756928e+05
3.5080090894e+02 5.4262625060e+05
3.5080339617e+02 5.4413765690e+05
3.5088838984e+02 5.4530677224e+05
3.5082382791e+02 5.4730561179e+05
3.5081977970e+02 5.4761895339e+05
3.5091270339e+02 5.5048080191e+05
3.5083816778e+02 5.5151761028e+05
3.5116676018e+02 5.5327876343e+05
3.5114753088e+02 5.5360793019e+05
3.4936532931e+02 5.5800192270e+05
3.4928503469e+02 5.5951604923e+05
3.4942404489e+02 5.6109328623e+05
3.4922155023e+02 5.6259193512e+05
3.4927294489e+02 5.6515107107e+05
3.4917525670e+02 5.6725227389e+05
3.4923073754e+02 5.7077747543e+05
3.4913971267e+02 5.7341813006e+05
3.4894369086e+02 5.8049124965e+05
3.4857943552e+02 5.8418725246e+05
3.4919753119e+02 5.9290096800e+05
3.4999445210e+02 5.9563360273e+05
3.5086844635e+02 5.9748524999e+05
3.5098019068e+02 5.9898047346e+05
3.5088165819e+02 6.0027085290e+05
3.5098468880e+02 6.0118566128e+05
3.5089595533e+02 6.0329640033e+05
3.5100459159e+02 6.0410403564e+05
3.5101021683e+02 6.0658326360e+05
3.5091289584e+02 6.0687054753e+05
3.4899908549e+02 6.1302603505e+05
3.5096455101e+02 6.1686631096e+05
3.5126459854e+02 6.1720790710e+05
3.5097285889e+02 6.1957223587e+05
3.5098267953e+02 6.2074639190e+05
3.5127470539e+02 6.2241199117e+05
3.5087981490e+02 6.2298076551e+05
3.5088553761e+02 6.2422815366e+05
3.5089228460e+02 6.2565763345e+05
3.5090023689e+02 6.2735110391e+05
3.4933790610e+02 6.3105028462e+05
3.4924509596e+02 6.3261144858e+05
3.4940333001e+02 6.3384934570e+05
3.4917681508e+02 6.3519740832e+05
3.4965378722e+02 6.3616310642e+05
3.4923015614e+02 6.3767603133e+05
3.4913545839e+02 6.3865442809e+05
3.4902967175e+02 6.4270495502e+05
3.4853079523e+02 6.4686854040e+05
3.4916700929e+02 6.4787617301e+05
3.4909119431e+02 6.5015929688e+05
3.4891376863e+02 6.5556355570e+05
3.4945567357e+02 6.5872855851e+05
3.4934219170e+02 6.5926085084e+05
3.4915407226e+02 6.6083075365e+05
3.4906331659e+02 6.6239495863e+05
3.4911204245e+02 6.6444936230e+05
3.4866084534e+02 6.6486703962e+05
3.4889879150e+02 6.6700384728e+05
3.4895404875e+02 6.6850171760e+05
3.4848717256e+02 6.6964650196e+05
3.4846618694e+02 6.7166386283e+05
3.4889003613e+02 6.7256141083e+05
3.4912166059e+02 6.7338519078e+05
3.4871442415e+02 6.7550830115e+05
3.4844750975e+02 6.7659165289e+05
3.4878178984e+02 6.7844989807e+05
3.4849216237e+02 6.7927071397e+05
3.4874510998e+02 6.8092249429e+05
3.4855356603e+02 6.8262241567e+05
3.4865776341e+02 6.8421755493e+05
3.4871425042e+02 6.8695961936e+05
3.4878820443e+02 6.8855748859e+05
3.4866901637e+02 6.8938317631e+05
3.4884776463e+02 6.9088388092e+05
3.4872148719e+02 6.9234013473e+05
3.4866368584e+02 6.9501180737e+05
3.4856512671e+02 6.9697303108e+05
3.4887295531e+02 6.9855522099e+05
3.4893544821e+02 6.9946032845e+05
3.4892402667e+02 7.0184240697e+05
3.4863327672e+02 7.0236787863e+05
3.4894737720e+02 7.0441101230e+05
3.4930918485e+02 7.0581547727e+05
3.4893466443e+02 7.0732376501e+05
3.4859341425e+02 7.0805126496e+05
3.4878850665e+02 7.0937602740e+05
3.4892938853e+02 7.1201421904e+05
3.4890091630e+02 7.1218967382e+05
3.4873960798e+02 7.1410548527e+05
3.4904590745e+02 7.1560181975e+05
3.4857427447e+02 7.1769893620e+05
3.4892852225e+02 7.1938930225e+05
3.4871975249e+02 7.1966864542e+05
3.4882805941e+02 7.2149623601e+05
3.4888380520e+02 7.2245616198e+05
3.4893646166e+02 7.2499457408e+05
3.4856365713e+02 7.2607020096e+05
3.4872284609e+02 7.2782224999e+05
3.4916559995e+02 7.2912588949e+05
3.4897619297e+02 7.3054983847e+05
3.4902697274e+02 7.3158657043e+05
3.4899348018e+02 7.3245213596e+05
3.4905526847e+02 7.3485061218e+05
3.4907221242e+02 7.3661157824e+05
3.4872596584e+02 7.3700260188e+05
3.4859355321e+02 7.3825058472e+05
3.4909641173e+02 7.3976287074e+05
3.4911691180e+02 7.4113557252e+05
3.4955467877e+02 7.4269956458e+05
3.4903994614e+02 7.4480000788e+05
3.4872404021e+02 7.4626449482e+05
3.4908915306e+02 7.4693098526e+05
3.4859547856e+02 7.4913089382e+05
3.4900541731e+02 7.5095821825e+05
3.4912492579e+02 7.5122803969e+05
3.4902188800e+02 7.5370016456e+05
3.4873004403e+02 7.5654775237e+05
3.4888524191e+02 7.5718245736e+05
3.4907705965e+02 7.5888734955e+05
3.4933153390e+02 7.6219979740e+05
3.4890123151e+02 7.6343328706e+05
3.4854117947e+02 7.6423781732e+05
3.4873038717e+02 7.6642375762e+05
3.4908838184e+02 7.6712346393e+05
3.4910486028e+02 7.6905507251e+05
3.4909068598e+02 7.7067683518e+05
3.4898874132e+02 7.7192287973e+05
3.4908273960e+02 7.7422667784e+05
3.4913657291e+02 7.7529195694e+05
3.4873654624e+02 7.7701681065e+05
3.4832832814e+02 7.7750472553e+05
3.4926144266e+02 7.7959500637e+05
3.4915716192e+02 7.8044174803e+05
3.4915631984e+02 7.8266915642e+05
3.4884048910e+02 7.8382299106e+05
3.4913148365e+02 7.8546010819e+05
3.4873789825e+02 7.8713682999e+05
3.4914421980e+02 7.8877318205e+05
3.4911353147e+02 7.9083356477e+05
3.4879100420e+02 7.9185556179e+05
3.4810668016e+02 7.9606222647e+05
3.4874147691e+02 7.9780049052e+05
3.4874851791e+02 7.9920308042e+05
3.4918043149e+02 8.0125655651e+05
3.4952564437e+02 8.0273107842e+05
3.4916858858e+02 8.0321139905e+05
3.4902432976e+02 8.0546627847e+05
3.4912572306e+02 8.0639668749e+05
3.4873471758e+02 8.0805549183e+05
3.4781014675e+02 8.1155206230e+05
3.4919654716e+02 8.1444025562e+05
3.4906133044e+02 8.1471905128e+05
3.4912460408e+02 8.1702081626e+05
3.4872891996e+02 8.1881035695e+05
3.4920805182e+02 8.1957026469e+05
3.4914146330e+02 8.2115354202e+05
3.4943464333e+02 8.2247457136e+05
3.4910474508e+02 8.2350668877e+05
3.4912605170e+02 8.2777873448e+05
3.4872869418e+02 8.2931327460e+05
3.4750298679e+02 8.3451154000e+05
3.4856146940e+02 8.4015545483e+05
3.4921461273e+02 8.4208845808e+05
3.4928093327e+02 8.4246017158e+05
3.4854446380e+02 8.4489890197e+05
3.4921185190e+02 8.4579696347e+05
3.4924743155e+02 8.4767104810e+05
3.4917552791e+02 8.4919428209e+05
3.4913134247e+02 8.4941262265e+05
3.4702392836e+02 8.5181268600e+05
3.4819245516e+02 8.5328518768e+05
3.4924347468e+02 8.5508333845e+05
3.4916140219e+02 8.5611831857e+05
3.4789031902e+02 8.5756331831e+05
3.4913516156e+02 8.6024897568e+05
3.4926774848e+02 8.6230434231e+05
3.4923346482e+02 8.6251541453e+05
3.4889016781e+02 8.6376590868e+05
3.4770889072e+02 8.6556216484e+05
3.4719812413e+02 8.6947416452e+05
3.4924343247e+02 8.7479533189e+05
3.4898869830e+02 8.7548109922e+05
3.4656515073e+02 8.8091302568e+05
3.4664389595e+02 8.8391000249e+05
3.4681244597e+02 8.9401316936e+05
3.4621582695e+02 8.9707080421e+05
3.4595460585e+02 8.9894789826e+05
3.4642452829e+02 9.1080198865e+05
3.4594622263e+02 9.1342216850e+05
3.4624008987e+02 9.1702318728e+05
3.4602814391e+02 9.2507641002e+05
3.4612760202e+02 9.2647779121e+05
3.4578900869e+02 9.2748426513e+05
3.4594680104e+02 9.3675407673e+05
3.4568144826e+02 9.3923176558e+05
3.4586648177e+02 9.4037781849e+05
3.4580693734e+02 9.4373256644e+05
3.4580704792e+02 9.4598972597e+05
3.4598797470e+02 9.4837837859e+05
3.4591817183e+02 9.5161550447e+05
3.4613637996e+02 9.5229490654e+05
3.4505180983e+02 9.5842586866e+05
3.4586737207e+02 9.6030738055e+05
3.4624453133e+02 9.6176676574e+05
3.4646454004e+02 9.6288647615e+05
3.4609458961e+02 9.6524350453e+05
3.4645685485e+02 9.6905160864e+05
3.4649526350e+02 9.7058795422e+05
3.4645174916e+02 9.7135293508e+05
3.4665204532e+02 9.7375225904e+05
3.4662781903e+02 9.7508820206e+05
3.4635049104e+02 9.7665488802e+05
3.4582781860e+02 9.7792195022e+05
3.4620446180e+02 9.8073422511e+05
3.4697444100e+02 9.8338082971e+05
3.4666042053e+02 9.8375014575e+05
3.4711617606e+02 9.8755130010e+05
3.4675580576e+02 9.8877667748e+05
3.4569379881e+02 9.9190366267e+05
3.4622188899e+02 9.9520207522e+05
3.4724393996e+02 9.9755070267e+05
3.4713896396e+02 9.9835752160e+05
3.4726652960e+02 9.9962428683e+05
3.4710529444e+02 1.0014495916e+06
3.4674556901e+02 1.0026875330e+06
3.4727257200e+02 1.0046331921e+06
3.4701332472e+02 1.0055781088e+06
3.4746511672e+02 1.0075782228e+06
3.4725179414e+02 1.0083257239e+06
3.4738173072e+02 1.0101431394e+06
3.4744293452e+02 1.0110353644e+06
3.4759004422e+02 1.0135941181e+06
3.4771889794e+02 1.0142059922e+06
3.4773789020e+02 1.0155945156e+06
3.4796990312e+02 1.0179456912e+06
3.4758882637e+02 1.0193359913e+06
3.4749302383e+02 1.0199511205e+06
3.4758172593e+02 1.0212797007e+06
3.4808073910e+02 1.0228748757e+06
3.4763216777e+02 1.0251149012e+06
3.4753994839e+02 1.0255712538e+06
3.4813285407e+02 1.0352567926e+06
3.4768900710e+02 1.0365249360e+06
3.4775232542e+02 1.0390809159e+06
3.4814576245e+02 1.0404175284e+06
3.4813064649e+02 1.0430082466e+06
3.4845603429e+02 1.0443551633e+06
3.4842147451e+02 1.0482501074e+06
3.4905372060e+02 1.0513251325e+06
3.4958258538e+02 1.0519710781e+06
3.4937262683e+02 1.0534803133e+06
3.4958307320e+02 1.0551961563e+06
3.4961490839e+02 1.0562467882e+06
3.4957438270e+02 1.0573231911e+06
3.4951738596e+02 1.0600159693e+06
3.4964710787e+02 1.0602890479e+06
3.4966468928e+02 1.0618500100e+06
3.4900666257e+02 1.0635652534e+06
3.4952977755e+02 1.0655074562e+06
3.4971128158e+02 1.0663139679e+06
3.4925249202e+02 1.0674978776e+06
3.4943996303e+02 1.0688640389e+06
3.4972521659e+02 1.0712799331e+06
3.4970770400e+02 1.0728140160e+06
3.4941352596e+02 1.0739511457e+06
3.4975305543e+02 1.0755224714e+06
3.4977941874e+02 1.0763973407e+06
3.4934708488e+02 1.0775843420e+06
3.4887855622e+02 1.0796125294e+06
3.4969254485e+02 1.0811306058e+06
3.4964070886e+02 1.0826383800e+06
3.4959571340e+02 1.0842866812e+06
3.4977251375e+02 1.0856857348e+06
3.4936577202e+02 1.0865414545e+06
3.4988586479e+02 1.0882670701e+06
3.4989511230e+02 1.0897159119e+06
3.4988940865e+02 1.0916830827e+06
3.4941553204e+02 1.0920147974e+06
3.4977244598e+02 1.0943592432e+06
3.4967196466e+02 1.0961684506e+06
3.4994677800e+02 1.0973671496e+06
3.4983482291e+02 1.0984954307e+06
3.4995199756e+02 1.1003876344e+06
3.4940944449e+02 1.1015273953e+06
3.4996771530e+02 1.1024169577e+06
3.4998086299e+02 1.1039700934e+06
3.4947901703e+02 1.1056991635e+06
3.4980126689e+02 1.1074505752e+06
3.5002595428e+02 1.1084339007e+06
3.5005209205e+02 1.1100674300e+06
3.5001256595e+02 1.1120566779e+06
3.4950955396e+02 1.1126700521e+06
3.4996861725e+02 1.1147911827e+06
3.4957500758e+02 1.1153707010e+06
3.4993305405e+02 1.1171369511e+06
3.5010636059e+02 1.1181818129e+06
3.4961036535e+02 1.1200726103e+06
3.4966712190e+02 1.1211866210e+06
3.4975682154e+02 1.1233127731e+06
3.4970396000e+02 1.1238528067e+06
3.5014826935e+02 1.1254294562e+06
3.5016427960e+02 1.1269264280e+06
3.4994382850e+02 1.1290803117e+06
3.4978466368e+02 1.1302668838e+06
3.4960578743e+02 1.1331926564e+06
3.5022726529e+02 1.1348062227e+06
3.5011856763e+02 1.1356810982e+06
3.4989450577e+02 1.1376412085e+06
3.4978739897e+02 1.1385089950e+06
3.5028170297e+02 1.1407121719e+06
3.5027198693e+02 1.1411464857e+06
3.5020966157e+02 1.1434542242e+06
3.5030236228e+02 1.1449774238e+06
3.5031222768e+02 1.1460078583e+06
3.5037007717e+02 1.1472126117e+06
3.5034346001e+02 1.1484534609e+06
3.5036669441e+02 1.1507391181e+06
3.5040047772e+02 1.1512618962e+06
3.5016468473e+02 1.1531729449e+06
3.5039656975e+02 1.1551134497e+06
3.5043230986e+02 1.1565991723e+06
3.5040266904e+02 1.1573697465e+06
3.5037590929e+02 1.1584065225e+06
3.5025121224e+02 1.1603007399e+06
3.5046494404e+02 1.1619054011e+06
3.5044430346e+02 1.1631466723e+06
3.5004912958e+02 1.1641706394e+06
3.5046871937e+02 1.1660044356e+06
3.5049830516e+02 1.1671246028e+06
3.5051562458e+02 1.1697408344e+06
3.5014573213e+02 1.1706626008e+06
3.4989161097e+02 1.1719623880e+06
3.5041159155e+02 1.1752315120e+06
3.5055530019e+02 1.1765926587e+06
3.5000184533e+02 1.1777889268e+06
3.5058309575e+02 1.1789980056e+06
3.5058019125e+02 1.1801989036e+06
3.5048506205e+02 1.1816574180e+06
3.5062150321e+02 1.1840914990e+06
3.5054134606e+02 1.1842740821e+06
3.5026084629e+02 1.1865424911e+06
3.5060164073e+02 1.1875830924e+06
3.5066691571e+02 1.1890744053e+06
3.5033717167e+02 1.1914392280e+06
3.5067882345e+02 1.1916079774e+06
3.5080085995e+02 1.1941990383e+06
3.5070586760e+02 1.1944201907e+06
3.5070978513e+02 1.1961346548e+06
3.5078278116e+02 1.1972962012e+06
3.5010124133e+02 1.1999251681e+06
3.5042118253e+02 1.2007157845e+06
3.5075560073e+02 1.2025952224e+06
3.5048245428e+02 1.2037631927e+06
3.5018781822e+02 1.2047057719e+06
3.5078664314e+02 1.2064527471e+06
3.5054751274e+02 1.2086877474e+06
3.5059719537e+02 1.2099425102e+06
3.5068651090e+02 1.2114407914e+06
3.5065045869e+02 1.2119928229e+06
3.5086390543e+02 1.2142543920e+06
3.5088833438e+02 1.2155487977e+06
3.5086703674e+02 1.2160558753e+06
3.5090408714e+02 1.2180078556e+06
3.5027360111e+02 1.2193655804e+06
3.5034036777e+02 1.2224064931e+06
3.5071932399e+02 1.2234433953e+06
3.5093433974e+02 1.2248564592e+06
3.5069375980e+02 1.2265737206e+06
3.5097611193e+02 1.2281506800e+06
3.5100233024e+02 1.2291550425e+06
3.5041125865e+02 1.2317654871e+06
3.5046391722e+02 1.2326920093e+06
3.5063905258e+02 1.2344500550e+06
3.5102547766e+02 1.2361466857e+06
3.5056190659e+02 1.2365395722e+06
3.5052331498e+02 1.2380055001e+06
3.5105259556e+02 1.2400877564e+06
3.5107847188e+02 1.2415334077e+06
3.5107114971e+02 1.2425054844e+06
3.5108353456e+02 1.2439548244e+06
3.5133885031e+02 1.2457492089e+06
3.5121344528e+02 1.2468016465e+06
3.5113533656e+02 1.2479509348e+06
3.5136323758e+02 1.2505869379e+06
3.5116239537e+02 1.2512723235e+06
3.5115550668e+02 1.2522719448e+06
3.5118787377e+02 1.2544391453e+06
3.5120498037e+02 1.2562754478e+06
3.5118868831e+02 1.2569304266e+06
3.5129502685e+02 1.2587714861e+06
3.5121502513e+02 1.2606900158e+06
3.5123886856e+02 1.2617433090e+06
3.5123193678e+02 1.2627777730e+06
3.5124231139e+02 1.2638531425e+06
3.5126918020e+02 1.2653588810e+06
3.5129600743e+02 1.2666085455e+06
3.5137319816e+02 1.2683624630e+06
3.5132797392e+02 1.2712004528e+06
3.5131898764e+02 1.2731260560e+06
3.5135405069e+02 1.2747559206e+06
3.5136123401e+02 1.2755696698e+06
3.5135211717e+02 1.2776453000e+06
3.5137551122e+02 1.2787961471e+06
3.5139023096e+02 1.2801327593e+06
3.5137762571e+02 1.2811959371e+06
3.5139286014e+02 1.2829279730e+06
3.5143284596e+02 1.2841153384e+06
3.5144707200e+02 1.2857243672e+06
3.5144119840e+02 1.2876728628e+06
3.5149269630e+02 1.2891941279e+06
3.5148391707e+02 1.2904854642e+06
3.5149823193e+02 1.2918772170e+06
3.5180562504e+02 1.2935271250e+06
3.5152361295e+02 1.2953241683e+06
3.5149190006e+02 1.2954360388e+06
3.5154245829e+02 1.2983030113e+06
3.5152310405e+02 1.2994203806e+06
3.5154329955e+02 1.3006649468e+06
3.5154610567e+02 1.3024458366e+06
3.5155823519e+02 1.3035465743e+06
3.5160383528e+02 1.3048785261e+06
3.5170449819e+02 1.3069246350e+06
3.5163498412e+02 1.3074543464e+06
3.5161073329e+02 1.3093444442e+06
3.5165013296e+02 1.3101319016e+06
3.5167229235e+02 1.3125782846e+06
3.5167553087e+02 1.3132020720e+06
3.5169808707e+02 1.3151828439e+06
3.5169469386e+02 1.3161006091e+06
3.5166258004e+02 1.3171613885e+06
3.5171068793e+02 1.3191712698e+06
3.5169243118e+02 1.3207102054e+06
3.5172045494e+02 1.3215914573e+06
3.5171315588e+02 1.3232351562e+06
3.5177395240e+02 1.3244622663e+06
3.5173112675e+02 1.3261062485e+06
3.5190484313e+02 1.3275584566e+06
3.5182139491e+02 1.3295067130e+06
3.5189466656e+02 1.3314424933e+06
3.5183622708e+02 1.3321104545e+06
3.5179736365e+02 1.3337977544e+06
3.5188277182e+02 1.3354982907e+06
3.5190350962e+02 1.3367725260e+06
3.5186703266e+02 1.3374532379e+06
3.5196134237e+02 1.3401035454e+06
3.5184755886e+02 1.3411127908e+06
3.5190448989e+02 1.3419729450e+06
3.5187238218e+02 1.3435600989e+06
3.5188800827e+02 1.3451041654e+06
3.5196625929e+02 1.3470195015e+06
3.5190817391e+02 1.3494979147e+06
3.5199747202e+02 1.3506999443e+06
3.5244927965e+02 1.3523976028e+06
3.5203576545e+02 1.3541198552e+06
3.5201962352e+02 1.3551590146e+06
3.5197395078e+02 1.3564188427e+06
3.5208789059e+02 1.3579577779e+06
3.5203607105e+02 1.3590407296e+06
3.5209058091e+02 1.3614087752e+06
3.5204857084e+02 1.3623317981e+06
3.5202336415e+02 1.3634908821e+06
3.5204488773e+02 1.3652072404e+06
3.5214792307e+02 1.3674768340e+06
3.5216713647e+02 1.3686196878e+06
3.5235358601e+02 1.3700597475e+06
3.5219056459e+02 1.3719204931e+06
3.5217338770e+02 1.3727688367e+06
3.5222769369e+02 1.3737294217e+06
3.5226923873e+02 1.3761172658e+06
3.5218434738e+02 1.3772782397e+06
3.5211864663e+02 1.3790622873e+06
3.5228462728e+02 1.3795408023e+06
3.5221197328e+02 1.3819930382e+06
3.5234541976e+02 1.3825288581e+06
3.5217816209e+02 1.3836487408e+06
3.5222602892e+02 1.3855677409e+06
3.5241042760e+02 1.3874967774e+06
3.5223275008e+02 1.3891430988e+06
3.5222105037e+02 1.3893224528e+06
3.5243912771e+02 1.3909249125e+06
3.5228967592e+02 1.3932931298e+06
3.5244724720e+02 1.3949092561e+06
3.5230113131e+02 1.3952881450e+06
3.5258199184e+02 1.3977644065e+06
3.5236318253e+02 1.3982228140e+06
3.5237947098e+02 1.4004500001e+06
3.5267386841e+02 1.4033452562e+06
3.5230573864e+02 1.4037164551e+06
3.5239470227e+02 1.4061658440e+06
3.5236398270e+02 1.4067171319e+06
3.5241148048e+02 1.4087463370e+06
3.5241413592e+02 1.4106859940e+06
3.5240584612e+02 1.4118025598e+06
3.5241912867e+02 1.4137795767e+06
3.5246952519e+02 1.4140450657e+06
3.5280171521e+02 1.4153328271e+06
3.5277524498e+02 1.4171126397e+06
3.5257580635e+02 1.4195043248e+06
3.5285019009e+02 1.4202831527e+06
3.5273253307e+02 1.4218506793e+06
3.5299055277e+02 1.4228594920e+06
3.5289205783e+02 1.4240756879e+06
3.5259935375e+02 1.4254781299e+06
3.5251886388e+02 1.4277125225e+06
3.5275415545e+02 1.4292935031e+06
3.5262270849e+02 1.4313936340e+06
3.5295826530e+02 1.4330596756e+06
3.5259063598e+02 1.4349832984e+06
3.5261634735e+02 1.4360367592e+06
3.5261227080e+02 1.4376655256e+06
3.5256703305e+02 1.4397946737e+06
3.5300944918e+02 1.4420805844e+06
3.5279891854e+02 1.4437299046e+06
3.5299934095e+02 1.4452705074e+06
3.5294487886e+02 1.4458478328e+06
3.5319171446e+02 1.4498400642e+06
3.5270824729e+02 1.4504231374e+06
3.5305409173e+02 1.4513993121e+06
3.5271645487e+02 1.4542026506e+06
3.5290770654e+02 1.4555671635e+06
3.5283615166e+02 1.4561869540e+06
3.5279743007e+02 1.4591720060e+06
3.5284219621e+02 1.4613385678e+06
3.5288604313e+02 1.4617761430e+06
3.5297583002e+02 1.4634542683e+06
3.5277185618e+02 1.4648385362e+06
3.5291741207e+02 1.4671190066e+06
3.5274507551e+02 1.4679768567e+06
3.5285623072e+02 1.4687993279e+06
3.5313308706e+02 1.4704959870e+06
3.5315736769e+02 1.4718265916e+06
3.5303038128e+02 1.4730981960e+06
3.5291305950e+02 1.4750182799e+06
3.5335950270e+02 1.4759907907e+06
3.5278955001e+02 1.4781667602e+06
3.5316844066e+02 1.4799816991e+06
3.5287028940e+02 1.4804263622e+06
3.5295428379e+02 1.4818186636e+06
3.5316117453e+02 1.4834428788e+06
3.5324475697e+02 1.4855462692e+06
3.5271845392e+02 1.4867329019e+06
3.5291310824e+02 1.4877008263e+06
3.5316713149e+02 1.4891855691e+06
3.5320575969e+02 1.4904512581e+06
3.5308701546e+02 1.4920397527e+06
3.5342000299e+02 1.4934824762e+06
3.5307969614e+02 1.4953202742e+06
3.5330898265e+02 1.4967945709e+06
3.5314567280e+02 1.4988666871e+06
3.5323355804e+02 1.4996306967e+06
3.5325816613e+02 1.5011486167e+06
3.5326738256e+02 1.5028007052e+06
3.5297523659e+02 1.5046285942e+06
3.5343704914e+02 1.5064324023e+06
3.5324127348e+02 1.5081880909e+06
3.5334666143e+02 1.5095820065e+06
3.5320584494e+02 1.5112883352e+06
3.5307966614e+02 1.5123142097e+06
3.5306360928e+02 1.5145783722e+06
3.5332196478e+02 1.5159346123e+06
3.5407474244e+02 1.5174416509e+06
3.5402220161e+02 1.5178093362e+06
3.5348053059e+02 1.5198501028e+06
3.5321476509e+02 1.5217752173e+06
3.5340385655e+02 1.5232412506e+06
3.5327909090e+02 1.5249113756e+06
3.5359335051e+02 1.5260769537e+06
3.5348751738e+02 1.5276817584e+06
3.5347039574e+02 1.5289544354e+06
3.5338664025e+02 1.5294487262e+06
3.5354274548e+02 1.5341601920e+06
3.5322762467e+02 1.5350833442e+06
3.5347098751e+02 1.5373621150e+06
3.5336337643e+02 1.5385024129e+06
3.5365934506e+02 1.5408378863e+06
3.5382464266e+02 1.5411818302e+06
3.5353950961e+02 1.5432906734e+06
3.5346212139e+02 1.5442705875e+06
3.5405752143e+02 1.5474671223e+06
3.5361426300e+02 1.5489574403e+06
3.5345057896e+02 1.5507497735e+06
3.5354934545e+02 1.5529108837e+06
3.5346912089e+02 1.5549905021e+06
3.5373400980e+02 1.5560929732e+06
3.5378045067e+02 1.5575951589e+06
3.5354455165e+02 1.5591271961e+06
3.5405001172e+02 1.5615634833e+06
3.5389137238e+02 1.5634570054e+06
3.5369612499e+02 1.5650854371e+06
3.5404067863e+02 1.5674260310e+06
3.5354844768e+02 1.5689974843e+06
3.5355972215e+02 1.5698081325e+06
3.5381810877e+02 1.5725782675e+06
3.5334857211e+02 1.5736790800e+06
3.5344565723e+02 1.5748465055e+06
3.5364299337e+02 1.5768352132e+06
3.5319513122e+02 1.5782502092e+06
3.5353401480e+02 1.5785182707e+06
3.5362245193e+02 1.5808633553e+06
3.5325832830e+02 1.5816865829e+06
3.5333440889e+02 1.5838349668e+06
3.5341449795e+02 1.5846840185e+06
3.5339948113e+02 1.5868501860e+06
3.5309517920e+02 1.5884704324e+06
3.5320965267e+02 1.5898447103e+06
3.5328821886e+02 1.5908417516e+06
3.5374003600e+02 1.5927640959e+06
3.5373368655e+02 1.5940003657e+06
3.5438735574e+02 1.5963833634e+06
3.5424871710e+02 1.5974224018e+06
3.5418014104e+02 1.5997015286e+06
3.5388570056e+02 1.6000975293e+06
3.5436877980e+02 1.6017334772e+06
3.5393886925e+02 1.6030033799e+06
3.5370843328e+02 1.6054539504e+06
3.5400755869e+02 1.6077244713e+06
3.5389980463e+02 1.6092130392e+06
3.5410673370e+02 1.6107448798e+06
3.5378725820e+02 1.6137794788e+06
3.5386440174e+02 1.6176770873e+06
3.5403232227e+02 1.6196844764e+06
3.5433829422e+02 1.6213150026e+06
3.5430002184e+02 1.6226145630e+06
3.5452154337e+02 1.6241328742e+06
3.5410315244e+02 1.6249363408e+06
3.5386979677e+02 1.6268261896e+06
3.5392690153e+02 1.6278252974e+06
3.5396678570e+02 1.6310923064e+06
3.5401005888e+02 1.6325146705e+06
3.5448811419e+02 1.6358572070e+06
3.5444521442e+02 1.6365625370e+06
3.5404939525e+02 1.6394329732e+06
3.5402392393e+02 1.6406231015e+06
3.5438865821e+02 1.6428291256e+06
3.5443679071e+02 1.6434127893e+06
3.5415300530e+02 1.6453258990e+06
3.5413184883e+02 1.6476814642e+06
3.5429290622e+02 1.6489321531e+06
3.5438693944e+02 1.6499779551e+06
3.5422490672e+02 1.6508714154e+06
3.5507559623e+02 1.6923068176e+06
3.5480201208e+02 1.7037090989e+06
3.5416604521e+02 1.7111811314e+06
3.5471226083e+02 1.7127237326e+06
3.5463859733e+02 1.7198599638e+06
3.5466730669e+02 1.7198714230e+06
3.5409467182e+02 1.7215076742e+06
3.5456813047e+02 1.7253544266e+06
3.5481320658e+02 1.7258759762e+06
3.5417310867e+02 1.7278563072e+06
3.5449628204e+02 1.7292993956e+06
3.5425674898e+02 1.7312812530e+06
3.5433943623e+02 1.7324239563e+06
3.5464590635e+02 1.7336161242e+06
3.5457007212e+02 1.7369359873e+06
3.5409957489e+02 1.7399351827e+06
3.5418988574e+02 1.7420555829e+06
}