Pressao_entrada 1034170
Pressao_saida 101300.0
Velocidade_angular 1083.84946425
Temperatura 346.572904688


Ri 0.0875
Rg 0.0979
Rm 0.1035
Ro 0.1095
h 4e-06
hg 5e-06
beta1 2.29
beta2 1
N 10

n_r_1 25
n_r_2 25
n_r_3 25
n_t_1 20
n_t_2 20
n_t_3 20
n_t_4 20
n_t_5 20
n_z_h 10
n_z_hg 10

nCells 9.5000000000e+04
minVol 1.5690293317e-03
maxVol 3.1153540917e-02
totVol 7.1451020740e+02

min_U 0.0000000000e+00
max_U 1.1855145440e+02
min_Rho 8.8169281274e-01
max_Rho 1.2693671215e+01
min_P 1.0130000000e+05
max_P 1.4229296543e+06
min_T 3.4072646966e+02
max_T 3.5120877162e+02
Force 1.1496825113e+03
Shear 1.5191852165e+03
Inlet_Flow -1.0283073425e-05
Outlet_Flow 1.0278440972e-05
Sum_Flow -4.6324527220e-09
Perc_flow 8.5443809278e-02

T_crit 284.789023277
P_crit 13667293.4024
satSize 197
composition methane_0.696392/ethane_0.112586/n-propane_0.091609/isobutane_0.015910/n-butane_0.034455/isopentane_0.008918/n-pentane_0.011654/n-hexane_0.008411/n-heptane_0.005878/n-octane_0.002128/n-nonane_0.000203/n-decane_0.000101/nitrogen_0.009222/co2_0.002533


SaturationCurve
{
2.8090348048e+02 1.0130000000e+05
2.9577379061e+02 2.5203326003e+05
3.0419915249e+02 4.0276652005e+05
3.1022344592e+02 5.5349978008e+05
3.1495509383e+02 7.0423304010e+05
3.1886765847e+02 8.5496630013e+05
3.2220866670e+02 1.0056995602e+06
3.2512443644e+02 1.1564328202e+06
3.2770916644e+02 1.3071660802e+06
3.3002740202e+02 1.4578993402e+06
3.3212549589e+02 1.6086326003e+06
3.3403797008e+02 1.7593658603e+06
3.3579129199e+02 1.9100991203e+06
3.3740623898e+02 2.0608323803e+06
3.3889944511e+02 2.2115656404e+06
3.4028444980e+02 2.3622989004e+06
3.4157243071e+02 2.5130321604e+06
3.4277272920e+02 2.6637654204e+06
3.4389323559e+02 2.8144986805e+06
3.4494067705e+02 2.9652319405e+06
3.4592083650e+02 3.1159652005e+06
3.4683872155e+02 3.2666984605e+06
3.4769869666e+02 3.4174317206e+06
3.4850458778e+02 3.5681649806e+06
3.4925976608e+02 3.7188982406e+06
3.4996721574e+02 3.8696315007e+06
3.5062958910e+02 4.0203647607e+06
3.5124925216e+02 4.1710980207e+06
3.5182832219e+02 4.3218312807e+06
3.5236869915e+02 4.4725645408e+06
3.5287209207e+02 4.6232978008e+06
3.5334004130e+02 4.7740310608e+06
3.5377393741e+02 4.9247643208e+06
3.5417503733e+02 5.0754975809e+06
3.5454447809e+02 5.2262308409e+06
3.5488328876e+02 5.3769641009e+06
3.5519240059e+02 5.5276973609e+06
3.5547265592e+02 5.6784306210e+06
3.5572481580e+02 5.8291638810e+06
3.5594956667e+02 5.9798971410e+06
3.5614752608e+02 6.1306304010e+06
3.5631924777e+02 6.2813636611e+06
3.5646522594e+02 6.4320969211e+06
3.5658589911e+02 6.5828301811e+06
3.5668165325e+02 6.7335634412e+06
3.5675282466e+02 6.8842967012e+06
3.5679970228e+02 7.0350299612e+06
3.5682252966e+02 7.1857632212e+06
3.5682150661e+02 7.3364964813e+06
3.5679679047e+02 7.4872297413e+06
3.5674849712e+02 7.6379630013e+06
3.5667670163e+02 7.7886962613e+06
3.5658143865e+02 7.9394295214e+06
3.5646270256e+02 8.0901627814e+06
3.5632044719e+02 8.2408960414e+06
3.5615458541e+02 8.3916293014e+06
3.5596498828e+02 8.5423625615e+06
3.5575148394e+02 8.6930958215e+06
3.5551385612e+02 8.8438290815e+06
3.5525184228e+02 8.9945623415e+06
3.5496513132e+02 9.1452956016e+06
3.5465336082e+02 9.2960288616e+06
3.5431611379e+02 9.4467621216e+06
3.5395291471e+02 9.5974953816e+06
3.5356322502e+02 9.7482286417e+06
3.5314643770e+02 9.8989619017e+06
3.5270187094e+02 1.0049695162e+07
3.5222876070e+02 1.0200428422e+07
3.5172625199e+02 1.0351161682e+07
3.5119338849e+02 1.0501894942e+07
3.5062910033e+02 1.0652628202e+07
3.5003218947e+02 1.0803361462e+07
3.4940131233e+02 1.0954094722e+07
3.4873495873e+02 1.1104827982e+07
3.4803142645e+02 1.1255561242e+07
3.4728879019e+02 1.1406294502e+07
3.4650486320e+02 1.1557027762e+07
3.4567714960e+02 1.1707761022e+07
3.4480278437e+02 1.1858494282e+07
3.4387845685e+02 1.2009227542e+07
3.4290031189e+02 1.2159960802e+07
3.4186382004e+02 1.2310694062e+07
3.4076360404e+02 1.2461427322e+07
3.3959320192e+02 1.2612160582e+07
3.3834473589e+02 1.2762893842e+07
3.3700843631e+02 1.2913627102e+07
3.3557193439e+02 1.3064360362e+07
3.3401916893e+02 1.3215093622e+07
3.3232861230e+02 1.3365826882e+07
3.3047021154e+02 1.3516560142e+07
3.2839968129e+02 1.3667293402e+07
3.2604665362e+02 1.3818026662e+07
3.2328593954e+02 1.3968759922e+07
3.1984777413e+02 1.4119493182e+07
3.1483770060e+02 1.4270226442e+07
3.1483770060e+02 1.4270226441e+07
3.1278448923e+02 1.4309448852e+07
3.1073127786e+02 1.4335970475e+07
3.0867806649e+02 1.4350021486e+07
3.0662485512e+02 1.4351813536e+07
3.0457164375e+02 1.4341549309e+07
3.0251843238e+02 1.4319429986e+07
3.0046522101e+02 1.4285660751e+07
2.9841200964e+02 1.4240454520e+07
2.9635879827e+02 1.4184034312e+07
2.9430558690e+02 1.4116634921e+07
2.9225237553e+02 1.4038505598e+07
2.9019916416e+02 1.3949919268e+07
2.8814595279e+02 1.3851216474e+07
2.8403953005e+02 1.3620689626e+07
2.8198631868e+02 1.3493836152e+07
2.7993310731e+02 1.3356754550e+07
2.7787989594e+02 1.3210492808e+07
2.7582668457e+02 1.3055440699e+07
2.7377347320e+02 1.2891885133e+07
2.7172026183e+02 1.2720089904e+07
2.6966705046e+02 1.2540312421e+07
2.6761383909e+02 1.2352810169e+07
2.6556062773e+02 1.2157844741e+07
2.6350741636e+02 1.1955685302e+07
2.6145420499e+02 1.1746612047e+07
2.5940099362e+02 1.1530919663e+07
2.5734778225e+02 1.1308920979e+07
2.5529457088e+02 1.1080950581e+07
2.5324135951e+02 1.0847368383e+07
2.5118814814e+02 1.0608562930e+07
2.4913493677e+02 1.0364954216e+07
2.4708172540e+02 1.0116995660e+07
2.4502851403e+02 9.8651748334e+06
2.4297530266e+02 9.6100124633e+06
2.4092209129e+02 9.3520592694e+06
2.3886887992e+02 9.0918903480e+06
2.3681566855e+02 8.8300971802e+06
2.3476245718e+02 8.5672778225e+06
2.3270924581e+02 8.3040263246e+06
2.3065603444e+02 8.0409226727e+06
2.2860282307e+02 7.7785244180e+06
2.2654961170e+02 7.5173606675e+06
2.2449640033e+02 7.2579284957e+06
2.2244318896e+02 7.0006913476e+06
2.2038997759e+02 6.7460787894e+06
2.1833676622e+02 6.4944870034e+06
2.1628355485e+02 6.2462796050e+06
2.1423034348e+02 6.0017885610e+06
2.1217713211e+02 5.7613151417e+06
2.1012392074e+02 5.5251309216e+06
2.0807070937e+02 5.2934788644e+06
2.0601749800e+02 5.0665745243e+06
2.0396428663e+02 4.8446073659e+06
2.0191107526e+02 4.6277421859e+06
1.9985786389e+02 4.4161206028e+06
1.9780465252e+02 4.2098625752e+06
1.9575144115e+02 4.0090679086e+06
1.9369822978e+02 3.8138177174e+06
1.9164501841e+02 3.6241758175e+06
1.8959180704e+02 3.4401900321e+06
1.8753859567e+02 3.2618934013e+06
1.8548538431e+02 3.0893052920e+06
1.8343217294e+02 2.9224324103e+06
1.8137896157e+02 2.7612697192e+06
1.7932575020e+02 2.6058012687e+06
1.7727253883e+02 2.4560009469e+06
1.7521932746e+02 2.3118331575e+06
1.7316611609e+02 2.1732534336e+06
1.7111290472e+02 2.0402089953e+06
1.6905969335e+02 1.9126392565e+06
1.6700648198e+02 1.7904762899e+06
1.6495327061e+02 1.6736452534e+06
1.6290005924e+02 1.5620647866e+06
1.6084684787e+02 1.4556473782e+06
1.5879363650e+02 1.3542997127e+06
1.5674042513e+02 1.2579229967e+06
1.5468721376e+02 1.1664132709e+06
1.5263400239e+02 1.0796617107e+06
1.5058079102e+02 9.9755491707e+05
1.4852757965e+02 9.1997520247e+05
1.4647436828e+02 8.4680087305e+05
1.4442115691e+02 7.7790651003e+05
1.4236794554e+02 7.1316325243e+05
1.4031473417e+02 6.5243908346e+05
1.3826152280e+02 5.9559912244e+05
1.3620831143e+02 5.4250592440e+05
1.3415510006e+02 4.9301978898e+05
1.3210188869e+02 4.4699908019e+05
1.3004867732e+02 4.0430055853e+05
1.2799546595e+02 3.6477972645e+05
1.2594225458e+02 3.2829118837e+05
1.2388904321e+02 2.9468902589e+05
1.2183583184e+02 2.6382718893e+05
1.1978262047e+02 2.3555990316e+05
1.1772940910e+02 2.0974209383e+05
1.1567619773e+02 1.8622982590e+05
1.1362298636e+02 1.6488075965e+05
1.1156977499e+02 1.4555462067e+05
1.0951656362e+02 1.2811368216e+05
1.0746335226e+02 1.1242325663e+05
}

T_margin 20.3016757194
T_sat_margin 329.412228938
T_hull_margin 349.713904657
P_hull_margin 1417900.3666

caseHull
{
3.4709414421e+02 2.7096716560e+05
3.4709681289e+02 2.7225676181e+05
3.4710227241e+02 2.7404292193e+05
3.4710608159e+02 2.7520554924e+05
3.4711068511e+02 2.7656467381e+05
3.4711597877e+02 2.7809933567e+05
3.4712201262e+02 2.7982729390e+05
3.4714397206e+02 2.8120140698e+05
3.4712867415e+02 2.8171635475e+05
3.4715249421e+02 2.8321194528e+05
3.4713609223e+02 2.8379789885e+05
3.4716023540e+02 2.8503208705e+05
3.4714410366e+02 2.8603273283e+05
3.4716984113e+02 2.8733069854e+05
3.4715287055e+02 2.8845782530e+05
3.4716220915e+02 2.9102886255e+05
3.4718887815e+02 2.9193661578e+05
3.4717229941e+02 2.9378489346e+05
3.4719808791e+02 2.9419199389e+05
3.4718293725e+02 2.9667540432e+05
3.4719328526e+02 2.9965552525e+05
3.4719357800e+02 2.9990781270e+05
3.4719679944e+02 3.0106180285e+05
3.4720360542e+02 3.0308408949e+05
3.4721481786e+02 3.0354104400e+05
3.4720829883e+02 3.0440830347e+05
3.4721392899e+02 3.0595971407e+05
3.4722034143e+02 3.0770212269e+05
3.4723543280e+02 3.0806282035e+05
3.4722767677e+02 3.0967067879e+05
3.4723574877e+02 3.1182467580e+05
3.4724461465e+02 3.1321047021e+05
3.4724473397e+02 3.1420289242e+05
3.4725443550e+02 3.1675850631e+05
3.4724292154e+02 3.1761924869e+05
3.4724398252e+02 3.1824329873e+05
3.4724902413e+02 3.1980206733e+05
3.4725304927e+02 3.2093287786e+05
3.4725798327e+02 3.2227625627e+05
3.4726396183e+02 3.2386285408e+05
3.4729126324e+02 3.2406561719e+05
3.4727082446e+02 3.2565925440e+05
3.4729101059e+02 3.2707393454e+05
3.4727869262e+02 3.2769642608e+05
3.4730116653e+02 3.2928794700e+05
3.4728738710e+02 3.2993110259e+05
3.4731008835e+02 3.3126517614e+05
3.4729710437e+02 3.3240612485e+05
3.4732173381e+02 3.3384565362e+05
3.4730762072e+02 3.3507048438e+05
3.4732962170e+02 3.3615882156e+05
3.4735829537e+02 3.3699252355e+05
3.4731916320e+02 3.3797291584e+05
3.4734464113e+02 3.3901039941e+05
3.4733148113e+02 3.4105644103e+05
3.4735551235e+02 3.4151154225e+05
3.4734482529e+02 3.4437285156e+05
3.4736978267e+02 3.4476212984e+05
3.4733180007e+02 3.4623929518e+05
3.4733514209e+02 3.4735656572e+05
3.4733847880e+02 3.4829782932e+05
3.4734301968e+02 3.4951475503e+05
3.4734858545e+02 3.5096828116e+05
3.4735534702e+02 3.5269656844e+05
3.4736900934e+02 3.5323520788e+05
3.4736308487e+02 3.5465235397e+05
3.4737897540e+02 3.5535011643e+05
3.4737200893e+02 3.5688304901e+05
3.4742756463e+02 3.5817150921e+05
3.4738187332e+02 3.5933472979e+05
3.4739973471e+02 3.5983617080e+05
3.4744242530e+02 3.6165348826e+05
3.4739291355e+02 3.6205968693e+05
3.4742300796e+02 3.6363613502e+05
3.4740485300e+02 3.6499656618e+05
3.4737889904e+02 3.6651741118e+05
3.4737959084e+02 3.6685104793e+05
3.4738476309e+02 3.6836921765e+05
3.4738922291e+02 3.6955146405e+05
3.4739480920e+02 3.7098844492e+05
3.4740535103e+02 3.7125076614e+05
3.4740168912e+02 3.7271849123e+05
3.4746189309e+02 3.7370840066e+05
3.4740965048e+02 3.7469584755e+05
3.4748240916e+02 3.7683779245e+05
3.4741888974e+02 3.7696638439e+05
3.4746325515e+02 3.7916177681e+05
3.4742915248e+02 3.7947250170e+05
3.4749184517e+02 3.8052337218e+05
3.4744071195e+02 3.8227190086e+05
3.4748042299e+02 3.8328454234e+05
3.4746787891e+02 3.8452497481e+05
3.4745326583e+02 3.8529850324e+05
3.4755885280e+02 3.8675398845e+05
3.4748273725e+02 3.8773705857e+05
3.4746712594e+02 3.8861723278e+05
3.4749499904e+02 3.9046527732e+05
3.4759992252e+02 3.9176958750e+05
3.4748195353e+02 3.9215511891e+05
3.4751145974e+02 3.9406595734e+05
3.4745783478e+02 3.9523997743e+05
3.4745829172e+02 3.9549969131e+05
3.4746339938e+02 3.9695987559e+05
3.4746807289e+02 3.9816168588e+05
3.4747397028e+02 3.9963841159e+05
3.4751511955e+02 4.0001493489e+05
3.4748134595e+02 4.0144511429e+05
3.4750001243e+02 4.0333704582e+05
3.4748988393e+02 4.0351669978e+05
3.4750940009e+02 4.0532360970e+05
3.4749989489e+02 4.0591953967e+05
3.4752227029e+02 4.0801870378e+05
3.4751103193e+02 4.0858023872e+05
3.4764353968e+02 4.0926543133e+05
3.4753333315e+02 4.1039621021e+05
3.4752363775e+02 4.1157069938e+05
3.4754825219e+02 4.1356886891e+05
3.4753732087e+02 4.1481050717e+05
3.4764581242e+02 4.1593514506e+05
3.4756070705e+02 4.1629652824e+05
3.4750209193e+02 4.1805295720e+05
3.4750338775e+02 4.1849413509e+05
3.4751027166e+02 4.2032880557e+05
3.4751585902e+02 4.2172061196e+05
3.4756869029e+02 4.2218668771e+05
3.4752300068e+02 4.2346010357e+05
3.4771341081e+02 4.2510968840e+05
3.4753143486e+02 4.2548799372e+05
3.4760966269e+02 4.2697829804e+05
3.4754144769e+02 4.2786950609e+05
3.4764360596e+02 4.2881550314e+05
3.4755268183e+02 4.3052627972e+05
3.4767747814e+02 4.3151901483e+05
3.4757827606e+02 4.3317379701e+05
3.4756551697e+02 4.3353821462e+05
3.4762519614e+02 4.3536864264e+05
3.4757952809e+02 4.3681750535e+05
3.4770254597e+02 4.3719800944e+05
3.4766125569e+02 4.3849189854e+05
3.4760705850e+02 4.3929837190e+05
3.4759513886e+02 4.4045326770e+05
3.4762070567e+02 4.4227480336e+05
3.4768338371e+02 4.4339392733e+05
3.4761188877e+02 4.4434979378e+05
3.4766893781e+02 4.4544970958e+05
3.4763916623e+02 4.4622304615e+05
3.4756997912e+02 4.4735906777e+05
3.4757696777e+02 4.4928986064e+05
3.4758238601e+02 4.5061483371e+05
3.4758983763e+02 4.5097590846e+05
3.4758962734e+02 4.5233894935e+05
3.4764981374e+02 4.5310769224e+05
3.4759819482e+02 4.5436333531e+05
3.4778800839e+02 4.5569626283e+05
3.4760858301e+02 4.5678790088e+05
3.4767106517e+02 4.5796412742e+05
3.4762027353e+02 4.5950821106e+05
3.4781035357e+02 4.6071349239e+05
3.4786728536e+02 4.6184174976e+05
3.4763374200e+02 4.6262539118e+05
3.4777239773e+02 4.6342631496e+05
3.4786356749e+02 4.6527499850e+05
3.4764845351e+02 4.6603195033e+05
3.4783901470e+02 4.6780634988e+05
3.4767403629e+02 4.6859654844e+05
3.4766494609e+02 4.6983409634e+05
3.4785540566e+02 4.7122170652e+05
3.4760921869e+02 4.7243168101e+05
3.4761032240e+02 4.7279830233e+05
3.4761780407e+02 4.7467936043e+05
3.4762780382e+02 4.7582325232e+05
3.4762418677e+02 4.7620536262e+05
3.4763209458e+02 4.7806314893e+05
3.4770242847e+02 4.7840938790e+05
3.4764193091e+02 4.8034848390e+05
3.4784929323e+02 4.8069198399e+05
3.4765961622e+02 4.8229812258e+05
3.4765315471e+02 4.8294842051e+05
3.4767098541e+02 4.8468642285e+05
3.4766631647e+02 4.8597874269e+05
3.4782254233e+02 4.8684094569e+05
3.4768699291e+02 4.8799841371e+05
3.4768082909e+02 4.8931748724e+05
3.4770057242e+02 4.9087915723e+05
3.4790922734e+02 4.9205855010e+05
3.4769737133e+02 4.9309264937e+05
3.4777172268e+02 4.9376479768e+05
3.4771908183e+02 4.9474861833e+05
3.4797008251e+02 4.9602836588e+05
3.4771539702e+02 4.9717175354e+05
3.4773440035e+02 4.9804975209e+05
3.4779945086e+02 4.9957437660e+05
3.4766352884e+02 5.0243599149e+05
3.4766341434e+02 5.0249772825e+05
3.4766915944e+02 5.0393473090e+05
3.4767508471e+02 5.0531183138e+05
3.4768242171e+02 5.0701447511e+05
3.4768973517e+02 5.0751639076e+05
3.4769200668e+02 5.0920557104e+05
3.4770177612e+02 5.0995038338e+05
3.4779490076e+02 5.1091308242e+05
3.4770301292e+02 5.1172851475e+05
3.4787756219e+02 5.1316279856e+05
3.4771620306e+02 5.1473042068e+05
3.4772785506e+02 5.1534738163e+05
3.4780902571e+02 5.1735723771e+05
3.4773091969e+02 5.1806329189e+05
3.4790702306e+02 5.1964646889e+05
3.4783764999e+02 5.2019585390e+05
3.4774803946e+02 5.2187713362e+05
3.4804951330e+02 5.2258686168e+05
3.4783926269e+02 5.2336032196e+05
3.4777509492e+02 5.2526353506e+05
3.4776698003e+02 5.2602306731e+05
3.4807030702e+02 5.2795546034e+05
3.4769390770e+02 5.2959420873e+05
3.4769961821e+02 5.3100898340e+05
3.4770522611e+02 5.3231413004e+05
3.4771409801e+02 5.3338227641e+05
3.4771325119e+02 5.3415021218e+05
3.4772556463e+02 5.3565524420e+05
3.4772280350e+02 5.3633083590e+05
3.4773565492e+02 5.3773692319e+05
3.4773489331e+02 5.3903735268e+05
3.4802060647e+02 5.3966152253e+05
3.4775096658e+02 5.4084928583e+05
3.4774874263e+02 5.4208601682e+05
3.4776400156e+02 5.4356409894e+05
3.4776547103e+02 5.4567598857e+05
3.4778270270e+02 5.4740160638e+05
3.4788070292e+02 5.4770005419e+05
3.4778417476e+02 5.4960396542e+05
3.4779839586e+02 5.5069428991e+05
3.4790068178e+02 5.5206997135e+05
3.4780603036e+02 5.5409353908e+05
3.4782000848e+02 5.5515681474e+05
3.4815011012e+02 5.5582636640e+05
3.4815477907e+02 5.5768383197e+05
3.4782999679e+02 5.5892825402e+05
3.4772777231e+02 5.5963057863e+05
3.4773037717e+02 5.6022878352e+05
3.4774067429e+02 5.6208015040e+05
3.4774118591e+02 5.6267957962e+05
3.4774981655e+02 5.6456921254e+05
3.4807416280e+02 5.6578521850e+05
3.4776000157e+02 5.6595597351e+05
3.4776143594e+02 5.6703807654e+05
3.4777463977e+02 5.6891572923e+05
3.4777510932e+02 5.6987655322e+05
3.4778708720e+02 5.7150988233e+05
3.4822228681e+02 5.7201521629e+05
3.4779198497e+02 5.7329856134e+05
3.4800095893e+02 5.7415841942e+05
3.4780566009e+02 5.7531541688e+05
3.4781106386e+02 5.7709220373e+05
3.4792797853e+02 5.7807208495e+05
3.4782119645e+02 5.7857118932e+05
3.4818708956e+02 5.8043075859e+05
3.4783351785e+02 5.8149683915e+05
3.4784315267e+02 5.8310345664e+05
3.4661642920e+02 5.8580016636e+05
3.4653106858e+02 5.8708628701e+05
3.4667563264e+02 5.8888185529e+05
3.4645355937e+02 5.8958296877e+05
3.4677849738e+02 5.9023227445e+05
3.4650459917e+02 5.9135361541e+05
3.4638461038e+02 5.9330321103e+05
3.4643595627e+02 5.9517171937e+05
3.4632593988e+02 5.9826008606e+05
3.4638164425e+02 6.0100415413e+05
3.4627700379e+02 6.0438166820e+05
3.4635105999e+02 6.0934603431e+05
3.4612008750e+02 6.1129151905e+05
3.4583001844e+02 6.1569472642e+05
3.4638039169e+02 6.2114524542e+05
3.4631309386e+02 6.2114758091e+05
3.4778277832e+02 6.2455148157e+05
3.4779813233e+02 6.2525023685e+05
3.4792957235e+02 6.2643561002e+05
3.4779489462e+02 6.2712029860e+05
3.4781817077e+02 6.2871238832e+05
3.4806212445e+02 6.2955778055e+05
3.4781475643e+02 6.3119280258e+05
3.4784045591e+02 6.3254387155e+05
3.4821742362e+02 6.3337287664e+05
3.4783065643e+02 6.3455257296e+05
3.4620234628e+02 6.3812021683e+05
3.4670206812e+02 6.4249733077e+05
3.4659262895e+02 6.4328994837e+05
3.4649093543e+02 6.4495529221e+05
3.4666311970e+02 6.4552297075e+05
3.4639710331e+02 6.4746151331e+05
3.4646014994e+02 6.4881860642e+05
3.4631324072e+02 6.5074602117e+05
3.4637621771e+02 6.5223463692e+05
3.4624637818e+02 6.5466828532e+05
3.4631006304e+02 6.5687982121e+05
3.4610304157e+02 6.5899190406e+05
3.4566862123e+02 6.6331723115e+05
3.4608473795e+02 6.6696831024e+05
3.4647255769e+02 6.6867269398e+05
3.4598661934e+02 6.7012283259e+05
3.4626425852e+02 6.7166026922e+05
3.4643526127e+02 6.7196521631e+05
3.4632985044e+02 6.7326060996e+05
3.4617318720e+02 6.7439249903e+05
3.4623617277e+02 6.7574168165e+05
3.4627637809e+02 6.7758006827e+05
3.4579602990e+02 6.7869601269e+05
3.4615626312e+02 6.7941911343e+05
3.4603039600e+02 6.8044541084e+05
3.4602955162e+02 6.8192496344e+05
3.4570801831e+02 6.8326017456e+05
3.4609502253e+02 6.8434419538e+05
3.4563384182e+02 6.8577316224e+05
3.4589792068e+02 6.8838095699e+05
3.4555957619e+02 6.9041589371e+05
3.4590074139e+02 6.9151745071e+05
3.4573461043e+02 6.9267665975e+05
3.4592369496e+02 6.9376727555e+05
3.4575235912e+02 6.9570392105e+05
3.4581469549e+02 6.9707508899e+05
3.4582579189e+02 6.9723330227e+05
3.4578515216e+02 6.9985448570e+05
3.4597598164e+02 7.0166137247e+05
3.4577508785e+02 7.0251301522e+05
3.4601677786e+02 7.0402838629e+05
3.4605265351e+02 7.0440670818e+05
3.4580007766e+02 7.0625105541e+05
3.4569831382e+02 7.0712246284e+05
3.4586184600e+02 7.0975699129e+05
3.4604318481e+02 7.0998479965e+05
3.4587250273e+02 7.1236137779e+05
3.4605749199e+02 7.1331064551e+05
3.4576394859e+02 7.1491123234e+05
3.4594386668e+02 7.1608000840e+05
3.4580477729e+02 7.1888739059e+05
3.4612105176e+02 7.1916744698e+05
3.4583955838e+02 7.2036302068e+05
3.4602739096e+02 7.2208615823e+05
3.4581686021e+02 7.2349067136e+05
3.4583720821e+02 7.2432757131e+05
3.4608123608e+02 7.2570525330e+05
3.4613180744e+02 7.2794935665e+05
3.4585597172e+02 7.2829546565e+05
3.4587399869e+02 7.3077334903e+05
3.4613494870e+02 7.3200312197e+05
3.4591852086e+02 7.3507990318e+05
3.4598720660e+02 7.3553804171e+05
3.4600345990e+02 7.3745567407e+05
3.4596821732e+02 7.3791642072e+05
3.4600943165e+02 7.3877357181e+05
3.4601573404e+02 7.4015818817e+05
3.4600936644e+02 7.4181627266e+05
3.4592451691e+02 7.4218572827e+05
3.4627286244e+02 7.4419891945e+05
3.4605235411e+02 7.4537303673e+05
3.4608178640e+02 7.4776688679e+05
3.4605371460e+02 7.4849278134e+05
3.4598219839e+02 7.4923611215e+05
3.4615550336e+02 7.5057642897e+05
3.4612765021e+02 7.5181665225e+05
3.4619627460e+02 7.5337629095e+05
3.4594296386e+02 7.5455241150e+05
3.4630539403e+02 7.5573943296e+05
3.4624688197e+02 7.5697042332e+05
3.4589314032e+02 7.5778619522e+05
3.4621440089e+02 7.5895117645e+05
3.4605543698e+02 7.6048208059e+05
3.4605559904e+02 7.6137705110e+05
3.4605771968e+02 7.6199217320e+05
3.4607546977e+02 7.6333129367e+05
3.4586516839e+02 7.6459717528e+05
3.4609988414e+02 7.6573628044e+05
3.4617421663e+02 7.6709407260e+05
3.4630511374e+02 7.6771213015e+05
3.4613882516e+02 7.6872262358e+05
3.4583017971e+02 7.6992719628e+05
3.4620120984e+02 7.7137767798e+05
3.4612267410e+02 7.7245326503e+05
3.4608967602e+02 7.7471644672e+05
3.4609968979e+02 7.7605588008e+05
3.4611576669e+02 7.7726405315e+05
3.4581099426e+02 7.7837703749e+05
3.4614603860e+02 7.7963948187e+05
3.4614348641e+02 7.8052233348e+05
3.4617574157e+02 7.8136524229e+05
3.4616891519e+02 7.8337651293e+05
3.4621418646e+02 7.8439430340e+05
3.4578094157e+02 7.8556049071e+05
3.4624208409e+02 7.8600193727e+05
3.4627474800e+02 7.8883099392e+05
3.4615927474e+02 7.9042854557e+05
3.4620522549e+02 7.9100965418e+05
3.4613696140e+02 7.9222578627e+05
3.4614757708e+02 7.9334266678e+05
3.4616330507e+02 7.9476382352e+05
3.4577346297e+02 7.9585772514e+05
3.4627127046e+02 7.9694926502e+05
3.4614435145e+02 7.9797960071e+05
3.4619436636e+02 7.9930095691e+05
3.4647597429e+02 8.0041825931e+05
3.4628013354e+02 8.0131444526e+05
3.4646045827e+02 8.0300895676e+05
3.4622986402e+02 8.0370139239e+05
3.4578035083e+02 8.0477935429e+05
3.4613668459e+02 8.0594523281e+05
3.4618099675e+02 8.0715129901e+05
3.4627761413e+02 8.0780028206e+05
3.4620234778e+02 8.0934793939e+05
3.4628856095e+02 8.1039463488e+05
3.4627541408e+02 8.1125001907e+05
3.4653709952e+02 8.1317866429e+05
3.4612558358e+02 8.1426163010e+05
3.4619867044e+02 8.1493596160e+05
3.4626524184e+02 8.1610726748e+05
3.4583836402e+02 8.1724504238e+05
3.4610782058e+02 8.1902229159e+05
3.4619621698e+02 8.1978644073e+05
3.4620513243e+02 8.2107548499e+05
3.4624216662e+02 8.2202138967e+05
3.4611955484e+02 8.2288639504e+05
3.4625606024e+02 8.2486794384e+05
3.4605088508e+02 8.2512133498e+05
3.4625312452e+02 8.2665341053e+05
3.4586052651e+02 8.2782178865e+05
3.4598042873e+02 8.3049324256e+05
3.4611163178e+02 8.3186792777e+05
3.4621540268e+02 8.3197586438e+05
3.4623217289e+02 8.3407979008e+05
3.4692492698e+02 8.3539963024e+05
3.4684003717e+02 8.3601641404e+05
3.4593381278e+02 8.3767354620e+05
3.4620772090e+02 8.3883529587e+05
3.4635036681e+02 8.3962418327e+05
3.4610862907e+02 8.4105280691e+05
3.4580868894e+02 8.4297047112e+05
3.4587854798e+02 8.4428093598e+05
3.4616217797e+02 8.4504295141e+05
3.4624873169e+02 8.4654241354e+05
3.4628094442e+02 8.4755269267e+05
3.4626460692e+02 8.4829910813e+05
3.4610314276e+02 8.5065319334e+05
3.4585289069e+02 8.5259124547e+05
3.4615196830e+02 8.5297054372e+05
3.4546516940e+02 8.5506474722e+05
3.4625691826e+02 8.5675985036e+05
3.4628188319e+02 8.5785010218e+05
3.4627009636e+02 8.5874110386e+05
3.4584040423e+02 8.6036953032e+05
3.4628870616e+02 8.6079666878e+05
3.4624021081e+02 8.6270991101e+05
3.4629341621e+02 8.6343884327e+05
3.4631856634e+02 8.6441418073e+05
3.4654403328e+02 8.6583942635e+05
3.4628819554e+02 8.6761458868e+05
3.4627514875e+02 8.6836376851e+05
3.4587028987e+02 8.6985598405e+05
3.4607181198e+02 8.7058551312e+05
3.4498068388e+02 8.7360359534e+05
3.4641032504e+02 8.7626176375e+05
3.4629992309e+02 8.7726799628e+05
3.4587370556e+02 8.7872513959e+05
3.4628705406e+02 8.7955162802e+05
3.4605841889e+02 8.8082702262e+05
3.4638654830e+02 8.8248734168e+05
3.4624481106e+02 8.8348849893e+05
3.4434094273e+02 8.8687456247e+05
3.4609491355e+02 8.9179000615e+05
3.4631326756e+02 8.9296357438e+05
3.4678162974e+02 8.9370339884e+05
3.4625123803e+02 8.9454584298e+05
3.4515610717e+02 8.9809675609e+05
3.4552103357e+02 8.9928281430e+05
3.4631088840e+02 9.0019007593e+05
3.4631092210e+02 9.0126161754e+05
3.4621780946e+02 9.0273347879e+05
3.4632715214e+02 9.0400315333e+05
3.4626050747e+02 9.0553725654e+05
3.4634548765e+02 9.0602381598e+05
3.4384406583e+02 9.1009817925e+05
3.4506854693e+02 9.1125322735e+05
3.4632930076e+02 9.1380267419e+05
3.4632238738e+02 9.1520111094e+05
3.4631022676e+02 9.1607699252e+05
3.4390169992e+02 9.2025434667e+05
3.4336813509e+02 9.2368256772e+05
3.4348628543e+02 9.3339406812e+05
3.4391693914e+02 9.3504670031e+05
3.4407531825e+02 9.3660163643e+05
3.4385922131e+02 9.4295077493e+05
3.4325937442e+02 9.4441221067e+05
3.4344008972e+02 9.4585791019e+05
3.4353825047e+02 9.5129602117e+05
3.4319361532e+02 9.5513761232e+05
3.4338402280e+02 9.5523851486e+05
3.4382369686e+02 9.5653850521e+05
3.4325427567e+02 9.5918264909e+05
3.4321488658e+02 9.6024905169e+05
3.4336397202e+02 9.6408568370e+05
3.4411493419e+02 9.6558932969e+05
3.4418012640e+02 9.6581657647e+05
3.4267033321e+02 9.6903865427e+05
3.4258849051e+02 9.6907079790e+05
3.4312430786e+02 9.7052402502e+05
3.4364414568e+02 9.7135221868e+05
3.4347294887e+02 9.7487643119e+05
3.4382779352e+02 9.7601757407e+05
3.4375774297e+02 9.7922557153e+05
3.4386769990e+02 9.8022520965e+05
3.4399264016e+02 9.8143459251e+05
3.4402922084e+02 9.8280145687e+05
3.4367174210e+02 9.8378980866e+05
3.4377071695e+02 9.8417548552e+05
3.4326568451e+02 9.8563475707e+05
3.4356720914e+02 9.8652006765e+05
3.4392575792e+02 9.8805656248e+05
3.4422040151e+02 9.8868434176e+05
3.4416595031e+02 9.9019947958e+05
3.4415580859e+02 9.9204530565e+05
3.4429086004e+02 9.9251723528e+05
3.4388746647e+02 9.9341219838e+05
3.4305347010e+02 9.9559362345e+05
3.4348130129e+02 9.9772874530e+05
3.4419459251e+02 9.9954275599e+05
3.4410909952e+02 1.0008380758e+06
3.4444422385e+02 1.0023790561e+06
3.4465684637e+02 1.0027921030e+06
3.4396116710e+02 1.0042192015e+06
3.4421739471e+02 1.0067536610e+06
3.4477631665e+02 1.0077896483e+06
3.4463733211e+02 1.0086858247e+06
3.4443872406e+02 1.0094277808e+06
3.4457925996e+02 1.0107108789e+06
3.4462717637e+02 1.0122814167e+06
3.4479962597e+02 1.0132313181e+06
3.4444921821e+02 1.0142195708e+06
3.4450297985e+02 1.0153169508e+06
3.4464882148e+02 1.0170806290e+06
3.4478208441e+02 1.0177933712e+06
3.4487627962e+02 1.0195273418e+06
3.4464653491e+02 1.0198350150e+06
3.4463251357e+02 1.0211142788e+06
3.4482410262e+02 1.0225501499e+06
3.4528138358e+02 1.0241564949e+06
3.4648312216e+02 1.0276000710e+06
3.4706836900e+02 1.0280762205e+06
3.4697750182e+02 1.0300036228e+06
3.4653013443e+02 1.0306809441e+06
3.4498499415e+02 1.0342000549e+06
3.4479413073e+02 1.0350199361e+06
3.4487938675e+02 1.0360721088e+06
3.4480759284e+02 1.0377079656e+06
3.4493566604e+02 1.0385629748e+06
3.4523572565e+02 1.0400540229e+06
3.4511515711e+02 1.0409084750e+06
3.4501938741e+02 1.0430112951e+06
3.4536199249e+02 1.0451605227e+06
3.4677138722e+02 1.0480887123e+06
3.4676327407e+02 1.0495151596e+06
3.4687020158e+02 1.0499814164e+06
3.4524852302e+02 1.0533350910e+06
3.4565285710e+02 1.0562986242e+06
3.4612565566e+02 1.0592215760e+06
3.4702869588e+02 1.0604924900e+06
3.4685560194e+02 1.0612982847e+06
3.4703859859e+02 1.0624260010e+06
3.4615238805e+02 1.0645713292e+06
3.4576515804e+02 1.0662055055e+06
3.4638319047e+02 1.0671116762e+06
3.4653489075e+02 1.0699960633e+06
3.4700746835e+02 1.0714242557e+06
3.4692330229e+02 1.0723862540e+06
3.4686706164e+02 1.0731390763e+06
3.4688676337e+02 1.0749772840e+06
3.4651837361e+02 1.0757252422e+06
3.4653690716e+02 1.0776067338e+06
3.4683578690e+02 1.0790122893e+06
3.4680125893e+02 1.0805575270e+06
3.4652128510e+02 1.0815648299e+06
3.4656057952e+02 1.0823435117e+06
3.4672135971e+02 1.0837076085e+06
3.4658518849e+02 1.0847295664e+06
3.4721825340e+02 1.0862742272e+06
3.4722818637e+02 1.0868782277e+06
3.4726372241e+02 1.0880256552e+06
3.4724254558e+02 1.0894102007e+06
3.4713174967e+02 1.0909732102e+06
3.4741041679e+02 1.0913909020e+06
3.4729060324e+02 1.0930393709e+06
3.4729864656e+02 1.0935380770e+06
3.4720221053e+02 1.0947724625e+06
3.4703971064e+02 1.0958037168e+06
3.4733430410e+02 1.0973017442e+06
3.4708912962e+02 1.0986784383e+06
3.4728245235e+02 1.1003677989e+06
3.4745135990e+02 1.1010145067e+06
3.4739405877e+02 1.1024682900e+06
3.4733996266e+02 1.1027334757e+06
3.4658106363e+02 1.1047629442e+06
3.4740520185e+02 1.1060540426e+06
3.4716657814e+02 1.1062406989e+06
3.4680903627e+02 1.1079009228e+06
3.4746266975e+02 1.1093353572e+06
3.4749208285e+02 1.1106741588e+06
3.4755817439e+02 1.1114121897e+06
3.4729961716e+02 1.1123293328e+06
3.4735157331e+02 1.1132188004e+06
3.4741302440e+02 1.1151438773e+06
3.4754865437e+02 1.1159311140e+06
3.4761860474e+02 1.1170462942e+06
3.4765440248e+02 1.1180228160e+06
3.4756718982e+02 1.1190918636e+06
3.4766114266e+02 1.1201277615e+06
3.4760537344e+02 1.1218609082e+06
3.4762272414e+02 1.1229622141e+06
3.4763049203e+02 1.1242728157e+06
3.4764639692e+02 1.1252692915e+06
3.4765769497e+02 1.1257946606e+06
3.4766811102e+02 1.1271990282e+06
3.4767235283e+02 1.1288914301e+06
3.4789623200e+02 1.1291887973e+06
3.4777053888e+02 1.1309351864e+06
3.4694236824e+02 1.1319466190e+06
3.4703384167e+02 1.1352376606e+06
3.4779488555e+02 1.1380968374e+06
3.4778209973e+02 1.1394245604e+06
3.4766034766e+02 1.1406355539e+06
3.4782681729e+02 1.1417761876e+06
3.4782455558e+02 1.1422244896e+06
3.4788449860e+02 1.1437917907e+06
3.4785253952e+02 1.1448268348e+06
3.4764164179e+02 1.1454406099e+06
3.4804431849e+02 1.1469291104e+06
3.4790294892e+02 1.1483549112e+06
3.4789164347e+02 1.1498290624e+06
3.4710339465e+02 1.1508692715e+06
3.4715905613e+02 1.1532755984e+06
3.4762914510e+02 1.1549988038e+06
3.4798123731e+02 1.1557541761e+06
3.4808565278e+02 1.1571458158e+06
3.4760170654e+02 1.1582596233e+06
3.4809580774e+02 1.1600510958e+06
3.4811427697e+02 1.1608208339e+06
3.4800856463e+02 1.1614427738e+06
3.4722468641e+02 1.1632845088e+06
3.4727771171e+02 1.1643096152e+06
3.4758265587e+02 1.1649435455e+06
3.4754707967e+02 1.1664405705e+06
3.4840113295e+02 1.1677691405e+06
3.4820289127e+02 1.1688863885e+06
3.4734217165e+02 1.1703165302e+06
3.4752073451e+02 1.1708300036e+06
3.4744253653e+02 1.1726902292e+06
3.4829518512e+02 1.1739794855e+06
3.4816977962e+02 1.1746212190e+06
3.4821996037e+02 1.1761745894e+06
3.4819987349e+02 1.1771068767e+06
3.4831066207e+02 1.1777418868e+06
3.4823366167e+02 1.1796996374e+06
3.4846050738e+02 1.1801221999e+06
3.4832417837e+02 1.1812911084e+06
3.4833364634e+02 1.1842560398e+06
3.4827634453e+02 1.1854849852e+06
3.4824979515e+02 1.1856956631e+06
3.4829626328e+02 1.1869443971e+06
3.4832508738e+02 1.1890240211e+06
3.4850619391e+02 1.1900923412e+06
3.4843312368e+02 1.1903021586e+06
3.4852332968e+02 1.1916335446e+06
3.4835861662e+02 1.1927260107e+06
3.4844574969e+02 1.1937488698e+06
3.4838817125e+02 1.1957462261e+06
3.4845416007e+02 1.1968143964e+06
3.4836939963e+02 1.1975231959e+06
3.4845393506e+02 1.1987098796e+06
3.4844477684e+02 1.1999948751e+06
3.4851391064e+02 1.2015248032e+06
3.4847127332e+02 1.2029985556e+06
3.4876568238e+02 1.2052502477e+06
3.4857989618e+02 1.2076424541e+06
3.4863091683e+02 1.2093042151e+06
3.4858493418e+02 1.2104901413e+06
3.4853426666e+02 1.2115117852e+06
3.4851166632e+02 1.2130534208e+06
3.4904473014e+02 1.2141070108e+06
3.4866502306e+02 1.2165008724e+06
3.4863722709e+02 1.2173875665e+06
3.4861600628e+02 1.2183097036e+06
3.4899177125e+02 1.2196615404e+06
3.4871411227e+02 1.2208615136e+06
3.4865281834e+02 1.2213739458e+06
3.4868598422e+02 1.2231767444e+06
3.4871157408e+02 1.2239003612e+06
3.4864005459e+02 1.2255264803e+06
3.4905837812e+02 1.2261259464e+06
3.4873217127e+02 1.2279713373e+06
3.4870891184e+02 1.2285375428e+06
3.4874016699e+02 1.2296222415e+06
3.4896398659e+02 1.2311672787e+06
3.4920742697e+02 1.2328442779e+06
3.4886713947e+02 1.2330321411e+06
3.4922234927e+02 1.2359015519e+06
3.4906686155e+02 1.2367826016e+06
3.4887420402e+02 1.2380950270e+06
3.4885468648e+02 1.2387485275e+06
3.4886679179e+02 1.2402574892e+06
3.4881224503e+02 1.2414114154e+06
3.4899550976e+02 1.2428474717e+06
3.4942083379e+02 1.2433885376e+06
3.4881681581e+02 1.2450310774e+06
3.4881557655e+02 1.2460169116e+06
3.4887320754e+02 1.2468327824e+06
3.4900284573e+02 1.2485956011e+06
3.4886690336e+02 1.2490798041e+06
3.4883103299e+02 1.2510518958e+06
3.4890348274e+02 1.2524124847e+06
3.4898076634e+02 1.2530743470e+06
3.4891967252e+02 1.2542593090e+06
3.4913762852e+02 1.2551309200e+06
3.4876717306e+02 1.2565868009e+06
3.4886710861e+02 1.2570695570e+06
3.4925782869e+02 1.2596802112e+06
3.4940536562e+02 1.2608331179e+06
3.4977874464e+02 1.2623759380e+06
3.4927582316e+02 1.2638903357e+06
3.4915913706e+02 1.2642037959e+06
3.4922265228e+02 1.2655581337e+06
3.4915031523e+02 1.2671402928e+06
3.4943306567e+02 1.2684581068e+06
3.4931497823e+02 1.2705561641e+06
3.4953453202e+02 1.2715201087e+06
3.4958523357e+02 1.2723429769e+06
3.4928571760e+02 1.2732506568e+06
3.4901997882e+02 1.2766145148e+06
3.4908015907e+02 1.2774368261e+06
3.4944456452e+02 1.2778867955e+06
3.4906304350e+02 1.2793050841e+06
3.4915581011e+02 1.2806995133e+06
3.4937398947e+02 1.2813117484e+06
3.4955658743e+02 1.2827114269e+06
3.4914106463e+02 1.2844619943e+06
3.4944160203e+02 1.2850228286e+06
3.4935334295e+02 1.2875667371e+06
3.4993055785e+02 1.2889375018e+06
3.4950930716e+02 1.2893775904e+06
3.4990091011e+02 1.2915057728e+06
3.4956146084e+02 1.2918068430e+06
3.4972016538e+02 1.2931636036e+06
3.4944193078e+02 1.2944156092e+06
3.4922664377e+02 1.2956278936e+06
3.4975574679e+02 1.2962545958e+06
3.4942700256e+02 1.2979352055e+06
3.4998497685e+02 1.2990145451e+06
3.4975000622e+02 1.2999646283e+06
3.4958422859e+02 1.3011507112e+06
3.4958308676e+02 1.3031942107e+06
3.4990763068e+02 1.3046303027e+06
3.4950762937e+02 1.3064260027e+06
3.4963111114e+02 1.3070776842e+06
3.4908651546e+02 1.3086014615e+06
3.4957650108e+02 1.3093542364e+06
3.4943412055e+02 1.3105532382e+06
3.4901557080e+02 1.3120858033e+06
3.4907066124e+02 1.3145718718e+06
3.4928764816e+02 1.3154462467e+06
3.4913892218e+02 1.3159651808e+06
3.4919147170e+02 1.3169911534e+06
3.4893637302e+02 1.3185086319e+06
3.4902828895e+02 1.3198680845e+06
3.4910042601e+02 1.3207427519e+06
3.4942477648e+02 1.3219289264e+06
3.4998695463e+02 1.3233217312e+06
3.4987300096e+02 1.3247958400e+06
3.4959239472e+02 1.3254248954e+06
3.4965269170e+02 1.3273122552e+06
3.4963425332e+02 1.3310704391e+06
3.4968112817e+02 1.3319920376e+06
3.4973658467e+02 1.3348809223e+06
3.4977398355e+02 1.3354323711e+06
3.4956314209e+02 1.3370520395e+06
3.4968464658e+02 1.3386879504e+06
3.4976585774e+02 1.3394342214e+06
3.4984850508e+02 1.3406205025e+06
3.4988731873e+02 1.3422602749e+06
3.4997563893e+02 1.3433110116e+06
3.4986654903e+02 1.3437944366e+06
3.4995734318e+02 1.3455966998e+06
3.5062475837e+02 1.3774739093e+06
3.5043334546e+02 1.3884964412e+06
3.4970649094e+02 1.3971119922e+06
3.5052354423e+02 1.4019591887e+06
3.5027211564e+02 1.4039041793e+06
3.4972352976e+02 1.4062309545e+06
3.5020099522e+02 1.4090781266e+06
3.5035488441e+02 1.4110033192e+06
3.4980560323e+02 1.4118250071e+06
3.5012901190e+02 1.4127782329e+06
3.4988972627e+02 1.4148189760e+06
3.4997238476e+02 1.4157722676e+06
3.4971390466e+02 1.4179003666e+06
3.5012331985e+02 1.4205826295e+06
3.4980781211e+02 1.4209110186e+06
3.4988727354e+02 1.4225184196e+06
}