Pressao_entrada 1034170
Pressao_saida 101300.0
Velocidade_angular 1083.84946425
Temperatura 346.417925668


Ri 0.0875
Rg 0.0979
Rm 0.1035
Ro 0.1095
h 5e-06
hg 5e-06
beta1 2.29
beta2 1
N 10

n_r_1 25
n_r_2 25
n_r_3 25
n_t_1 20
n_t_2 20
n_t_3 20
n_t_4 20
n_t_5 20
n_z_h 10
n_z_hg 10

nCells 9.5000000000e+04
minVol 1.9612866646e-03
maxVol 3.8941926147e-02
totVol 8.5066583658e+02

min_U 0.0000000000e+00
max_U 1.4208427302e+02
min_Rho 8.8436295207e-01
max_Rho 1.1060486906e+01
min_P 1.0130000000e+05
max_P 1.2408318979e+06
min_T 3.4058333711e+02
max_T 3.4982199516e+02
Force 1.0963075070e+03
Shear 1.5421732964e+03
Inlet_Flow -1.7491846460e-05
Outlet_Flow 1.7490550880e-05
Sum_Flow -1.2955801800e-09
Perc_flow 1.4369874783e-01

T_crit 284.789023277
P_crit 13667293.4024
satSize 197
composition methane_0.696392/ethane_0.112586/n-propane_0.091609/isobutane_0.015910/n-butane_0.034455/isopentane_0.008918/n-pentane_0.011654/n-hexane_0.008411/n-heptane_0.005878/n-octane_0.002128/n-nonane_0.000203/n-decane_0.000101/nitrogen_0.009222/co2_0.002533


SaturationCurve
{
2.8090348048e+02 1.0130000000e+05
2.9577379061e+02 2.5203326003e+05
3.0419915249e+02 4.0276652005e+05
3.1022344592e+02 5.5349978008e+05
3.1495509383e+02 7.0423304010e+05
3.1886765847e+02 8.5496630013e+05
3.2220866670e+02 1.0056995602e+06
3.2512443644e+02 1.1564328202e+06
3.2770916644e+02 1.3071660802e+06
3.3002740202e+02 1.4578993402e+06
3.3212549589e+02 1.6086326003e+06
3.3403797008e+02 1.7593658603e+06
3.3579129199e+02 1.9100991203e+06
3.3740623898e+02 2.0608323803e+06
3.3889944511e+02 2.2115656404e+06
3.4028444980e+02 2.3622989004e+06
3.4157243071e+02 2.5130321604e+06
3.4277272920e+02 2.6637654204e+06
3.4389323559e+02 2.8144986805e+06
3.4494067705e+02 2.9652319405e+06
3.4592083650e+02 3.1159652005e+06
3.4683872155e+02 3.2666984605e+06
3.4769869666e+02 3.4174317206e+06
3.4850458778e+02 3.5681649806e+06
3.4925976608e+02 3.7188982406e+06
3.4996721574e+02 3.8696315007e+06
3.5062958910e+02 4.0203647607e+06
3.5124925216e+02 4.1710980207e+06
3.5182832219e+02 4.3218312807e+06
3.5236869915e+02 4.4725645408e+06
3.5287209207e+02 4.6232978008e+06
3.5334004130e+02 4.7740310608e+06
3.5377393741e+02 4.9247643208e+06
3.5417503733e+02 5.0754975809e+06
3.5454447809e+02 5.2262308409e+06
3.5488328876e+02 5.3769641009e+06
3.5519240059e+02 5.5276973609e+06
3.5547265592e+02 5.6784306210e+06
3.5572481580e+02 5.8291638810e+06
3.5594956667e+02 5.9798971410e+06
3.5614752608e+02 6.1306304010e+06
3.5631924777e+02 6.2813636611e+06
3.5646522594e+02 6.4320969211e+06
3.5658589911e+02 6.5828301811e+06
3.5668165325e+02 6.7335634412e+06
3.5675282466e+02 6.8842967012e+06
3.5679970228e+02 7.0350299612e+06
3.5682252966e+02 7.1857632212e+06
3.5682150661e+02 7.3364964813e+06
3.5679679047e+02 7.4872297413e+06
3.5674849712e+02 7.6379630013e+06
3.5667670163e+02 7.7886962613e+06
3.5658143865e+02 7.9394295214e+06
3.5646270256e+02 8.0901627814e+06
3.5632044719e+02 8.2408960414e+06
3.5615458541e+02 8.3916293014e+06
3.5596498828e+02 8.5423625615e+06
3.5575148394e+02 8.6930958215e+06
3.5551385612e+02 8.8438290815e+06
3.5525184228e+02 8.9945623415e+06
3.5496513132e+02 9.1452956016e+06
3.5465336082e+02 9.2960288616e+06
3.5431611379e+02 9.4467621216e+06
3.5395291471e+02 9.5974953816e+06
3.5356322502e+02 9.7482286417e+06
3.5314643770e+02 9.8989619017e+06
3.5270187094e+02 1.0049695162e+07
3.5222876070e+02 1.0200428422e+07
3.5172625199e+02 1.0351161682e+07
3.5119338849e+02 1.0501894942e+07
3.5062910033e+02 1.0652628202e+07
3.5003218947e+02 1.0803361462e+07
3.4940131233e+02 1.0954094722e+07
3.4873495873e+02 1.1104827982e+07
3.4803142645e+02 1.1255561242e+07
3.4728879019e+02 1.1406294502e+07
3.4650486320e+02 1.1557027762e+07
3.4567714960e+02 1.1707761022e+07
3.4480278437e+02 1.1858494282e+07
3.4387845685e+02 1.2009227542e+07
3.4290031189e+02 1.2159960802e+07
3.4186382004e+02 1.2310694062e+07
3.4076360404e+02 1.2461427322e+07
3.3959320192e+02 1.2612160582e+07
3.3834473589e+02 1.2762893842e+07
3.3700843631e+02 1.2913627102e+07
3.3557193439e+02 1.3064360362e+07
3.3401916893e+02 1.3215093622e+07
3.3232861230e+02 1.3365826882e+07
3.3047021154e+02 1.3516560142e+07
3.2839968129e+02 1.3667293402e+07
3.2604665362e+02 1.3818026662e+07
3.2328593954e+02 1.3968759922e+07
3.1984777413e+02 1.4119493182e+07
3.1483770060e+02 1.4270226442e+07
3.1483770060e+02 1.4270226441e+07
3.1278448923e+02 1.4309448852e+07
3.1073127786e+02 1.4335970475e+07
3.0867806649e+02 1.4350021486e+07
3.0662485512e+02 1.4351813536e+07
3.0457164375e+02 1.4341549309e+07
3.0251843238e+02 1.4319429986e+07
3.0046522101e+02 1.4285660751e+07
2.9841200964e+02 1.4240454520e+07
2.9635879827e+02 1.4184034312e+07
2.9430558690e+02 1.4116634921e+07
2.9225237553e+02 1.4038505598e+07
2.9019916416e+02 1.3949919268e+07
2.8814595279e+02 1.3851216474e+07
2.8403953005e+02 1.3620689626e+07
2.8198631868e+02 1.3493836152e+07
2.7993310731e+02 1.3356754550e+07
2.7787989594e+02 1.3210492808e+07
2.7582668457e+02 1.3055440699e+07
2.7377347320e+02 1.2891885133e+07
2.7172026183e+02 1.2720089904e+07
2.6966705046e+02 1.2540312421e+07
2.6761383909e+02 1.2352810169e+07
2.6556062773e+02 1.2157844741e+07
2.6350741636e+02 1.1955685302e+07
2.6145420499e+02 1.1746612047e+07
2.5940099362e+02 1.1530919663e+07
2.5734778225e+02 1.1308920979e+07
2.5529457088e+02 1.1080950581e+07
2.5324135951e+02 1.0847368383e+07
2.5118814814e+02 1.0608562930e+07
2.4913493677e+02 1.0364954216e+07
2.4708172540e+02 1.0116995660e+07
2.4502851403e+02 9.8651748334e+06
2.4297530266e+02 9.6100124633e+06
2.4092209129e+02 9.3520592694e+06
2.3886887992e+02 9.0918903480e+06
2.3681566855e+02 8.8300971802e+06
2.3476245718e+02 8.5672778225e+06
2.3270924581e+02 8.3040263246e+06
2.3065603444e+02 8.0409226727e+06
2.2860282307e+02 7.7785244180e+06
2.2654961170e+02 7.5173606675e+06
2.2449640033e+02 7.2579284957e+06
2.2244318896e+02 7.0006913476e+06
2.2038997759e+02 6.7460787894e+06
2.1833676622e+02 6.4944870034e+06
2.1628355485e+02 6.2462796050e+06
2.1423034348e+02 6.0017885610e+06
2.1217713211e+02 5.7613151417e+06
2.1012392074e+02 5.5251309216e+06
2.0807070937e+02 5.2934788644e+06
2.0601749800e+02 5.0665745243e+06
2.0396428663e+02 4.8446073659e+06
2.0191107526e+02 4.6277421859e+06
1.9985786389e+02 4.4161206028e+06
1.9780465252e+02 4.2098625752e+06
1.9575144115e+02 4.0090679086e+06
1.9369822978e+02 3.8138177174e+06
1.9164501841e+02 3.6241758175e+06
1.8959180704e+02 3.4401900321e+06
1.8753859567e+02 3.2618934013e+06
1.8548538431e+02 3.0893052920e+06
1.8343217294e+02 2.9224324103e+06
1.8137896157e+02 2.7612697192e+06
1.7932575020e+02 2.6058012687e+06
1.7727253883e+02 2.4560009469e+06
1.7521932746e+02 2.3118331575e+06
1.7316611609e+02 2.1732534336e+06
1.7111290472e+02 2.0402089953e+06
1.6905969335e+02 1.9126392565e+06
1.6700648198e+02 1.7904762899e+06
1.6495327061e+02 1.6736452534e+06
1.6290005924e+02 1.5620647866e+06
1.6084684787e+02 1.4556473782e+06
1.5879363650e+02 1.3542997127e+06
1.5674042513e+02 1.2579229967e+06
1.5468721376e+02 1.1664132709e+06
1.5263400239e+02 1.0796617107e+06
1.5058079102e+02 9.9755491707e+05
1.4852757965e+02 9.1997520247e+05
1.4647436828e+02 8.4680087305e+05
1.4442115691e+02 7.7790651003e+05
1.4236794554e+02 7.1316325243e+05
1.4031473417e+02 6.5243908346e+05
1.3826152280e+02 5.9559912244e+05
1.3620831143e+02 5.4250592440e+05
1.3415510006e+02 4.9301978898e+05
1.3210188869e+02 4.4699908019e+05
1.3004867732e+02 4.0430055853e+05
1.2799546595e+02 3.6477972645e+05
1.2594225458e+02 3.2829118837e+05
1.2388904321e+02 2.9468902589e+05
1.2183583184e+02 2.6382718893e+05
1.1978262047e+02 2.3555990316e+05
1.1772940910e+02 2.0974209383e+05
1.1567619773e+02 1.8622982590e+05
1.1362298636e+02 1.6488075965e+05
1.1156977499e+02 1.4555462067e+05
1.0951656362e+02 1.2811368216e+05
1.0746335226e+02 1.1242325663e+05
}

T_margin 20.2195614424
T_sat_margin 323.265592883
T_hull_margin 343.485154325
P_hull_margin 1060338.28088

caseHull
{
3.4645369769e+02 2.6144444254e+05
3.4644852000e+02 2.6204938421e+05
3.4644515861e+02 2.6285036557e+05
3.4644465567e+02 2.6383381226e+05
3.4644726296e+02 2.6502062915e+05
3.4645184149e+02 2.6639131498e+05
3.4651347737e+02 2.6737740045e+05
3.4645656850e+02 2.6796959270e+05
3.4651763250e+02 2.6878807416e+05
3.4645970358e+02 2.6972971869e+05
3.4646080364e+02 2.7169875815e+05
3.4646034486e+02 2.7384884527e+05
3.4645936677e+02 2.7620481666e+05
3.4653562193e+02 2.7748064565e+05
3.4645841827e+02 2.7870852206e+05
3.4645790966e+02 2.8139552482e+05
3.4645769123e+02 2.8418950001e+05
3.4654570109e+02 2.8551979903e+05
3.4645795326e+02 2.8713688561e+05
3.4654721909e+02 2.8751942267e+05
3.4654905624e+02 2.8908108081e+05
3.4645849017e+02 2.9012369166e+05
3.4655035136e+02 2.9111244362e+05
3.4654997302e+02 2.9174250543e+05
3.4655552520e+02 2.9247179973e+05
3.4645960889e+02 2.9323047086e+05
3.4656755433e+02 2.9586137829e+05
3.4646095104e+02 2.9628090740e+05
3.4657131559e+02 2.9788805514e+05
3.4655289447e+02 2.9837227580e+05
3.4646293559e+02 2.9942151776e+05
3.4655303374e+02 3.0047604482e+05
3.4663308068e+02 3.0094937395e+05
3.4646493233e+02 3.0239365970e+05
3.4663841481e+02 3.0304513113e+05
3.4646714423e+02 3.0490688048e+05
3.4646857910e+02 3.0675806890e+05
3.4655460033e+02 3.0757248580e+05
3.4647027210e+02 3.0865628939e+05
3.4662823057e+02 3.0974872236e+05
3.4647142673e+02 3.1041151084e+05
3.4657842311e+02 3.1127892221e+05
3.4647275119e+02 3.1219834052e+05
3.4664098029e+02 3.1325773894e+05
3.4647388373e+02 3.1384408850e+05
3.4647599527e+02 3.1550907082e+05
3.4647913140e+02 3.1704152952e+05
3.4658334733e+02 3.1788373276e+05
3.4648435438e+02 3.1858263239e+05
3.4649114571e+02 3.2000334665e+05
3.4649937140e+02 3.2142307889e+05
3.4655338138e+02 3.2229478119e+05
3.4650736984e+02 3.2273479225e+05
3.4651413905e+02 3.2403561615e+05
3.4651812052e+02 3.2523881587e+05
3.4665484723e+02 3.2618079227e+05
3.4651911675e+02 3.2642030100e+05
3.4651706028e+02 3.2751138385e+05
3.4651309967e+02 3.2857003885e+05
3.4650816537e+02 3.2954309830e+05
3.4650355939e+02 3.3047343065e+05
3.4649761701e+02 3.3211419875e+05
3.4649670272e+02 3.3282330654e+05
3.4649707469e+02 3.3346784478e+05
3.4650050002e+02 3.3450033661e+05
3.4650954652e+02 3.3535284731e+05
3.4666729773e+02 3.3643414752e+05
3.4676550298e+02 3.3815278005e+05
3.4660762273e+02 3.3841926334e+05
3.4667246028e+02 3.4008591122e+05
3.4661037454e+02 3.4056174179e+05
3.4669422780e+02 3.4204454129e+05
3.4661332832e+02 3.4276266429e+05
3.4667847132e+02 3.4390201801e+05
3.4661563519e+02 3.4479498045e+05
3.4674689748e+02 3.4566800751e+05
3.4661844339e+02 3.4686603625e+05
3.4668471831e+02 3.4765020697e+05
3.4662151798e+02 3.4877233908e+05
3.4677332846e+02 3.4903459269e+05
3.4662635014e+02 3.5070257135e+05
3.4669184135e+02 3.5152911351e+05
3.4663276113e+02 3.5247820361e+05
3.4670366706e+02 3.5338409685e+05
3.4664152769e+02 3.5426539267e+05
3.4669859669e+02 3.5519512784e+05
3.4665136191e+02 3.5591236060e+05
3.4666165309e+02 3.5755886093e+05
3.4670454079e+02 3.5830943228e+05
3.4667027610e+02 3.5907957558e+05
3.4667637809e+02 3.6058802842e+05
3.4670683772e+02 3.6160431462e+05
3.4667879745e+02 3.6198273079e+05
3.4667809389e+02 3.6335225360e+05
3.4667474764e+02 3.6461742093e+05
3.4671603971e+02 3.6512041723e+05
3.4667030369e+02 3.6584586148e+05
3.4666567104e+02 3.6697637242e+05
3.4666198385e+02 3.6805872232e+05
3.4665949116e+02 3.6904583043e+05
3.4665848055e+02 3.6997274356e+05
3.4665865422e+02 3.7080286395e+05
3.4665991544e+02 3.7155938006e+05
3.4666450911e+02 3.7277916671e+05
3.4667078110e+02 3.7358467266e+05
3.4675742285e+02 3.7524109524e+05
3.4687829775e+02 3.7573011561e+05
3.4676947500e+02 3.7699960973e+05
3.4681645075e+02 3.7804009072e+05
3.4678046288e+02 3.7875971737e+05
3.4685233115e+02 3.7950304967e+05
3.4678822120e+02 3.8038340684e+05
3.4679251709e+02 3.8199503798e+05
3.4684052293e+02 3.8286790936e+05
3.4679281465e+02 3.8348409395e+05
3.4679047023e+02 3.8494803691e+05
3.4688263698e+02 3.8538074299e+05
3.4678632712e+02 3.8630090862e+05
3.4678204980e+02 3.8761651351e+05
3.4677828990e+02 3.8882896205e+05
3.4677589133e+02 3.8999228917e+05
3.4677474438e+02 3.9105606334e+05
3.4677498143e+02 3.9205799754e+05
3.4677620029e+02 3.9295900035e+05
3.4677831760e+02 3.9378395998e+05
3.4678098537e+02 3.9450209271e+05
3.4678415081e+02 3.9512883416e+05
3.4679126617e+02 3.9604291250e+05
3.4692336375e+02 3.9740758305e+05
3.4684540987e+02 3.9871189328e+05
3.4691018782e+02 3.9989789264e+05
3.4687993254e+02 4.0049141632e+05
3.4685344791e+02 4.0121310280e+05
3.4691794591e+02 4.0202326248e+05
3.4686324760e+02 4.0350724365e+05
3.4693611108e+02 4.0407594859e+05
3.4689144982e+02 4.0516962738e+05
3.4687601183e+02 4.0583841880e+05
3.4693728851e+02 4.0678817053e+05
3.4689000082e+02 4.0797647339e+05
3.4690170878e+02 4.0958053615e+05
3.4690478611e+02 4.1013458890e+05
3.4694653545e+02 4.1166650537e+05
3.4691759904e+02 4.1211829677e+05
3.4691040141e+02 4.1335914872e+05
3.4692760022e+02 4.1410469607e+05
3.4695215308e+02 4.1464350017e+05
3.4691663136e+02 4.1611939980e+05
3.4694677785e+02 4.1687636291e+05
3.4693484057e+02 4.1775351064e+05
3.4692459488e+02 4.1897837288e+05
3.4692952804e+02 4.2108544714e+05
3.4693369357e+02 4.2159900943e+05
3.4692530430e+02 4.2261353782e+05
3.4692183102e+02 4.2410153299e+05
3.4702061276e+02 4.2508487592e+05
3.4691933133e+02 4.2547500545e+05
3.4691836072e+02 4.2679518248e+05
3.4691855421e+02 4.2800511631e+05
3.4691994760e+02 4.2914734675e+05
3.4692208663e+02 4.3017791226e+05
3.4692493995e+02 4.3112481613e+05
3.4692818283e+02 4.3195357354e+05
3.4693181540e+02 4.3268148316e+05
3.4693562054e+02 4.3328074321e+05
3.4694754267e+02 4.3430683868e+05
3.4701942008e+02 4.3534488552e+05
3.4699756217e+02 4.3678192669e+05
3.4702793221e+02 4.3813618560e+05
3.4708197245e+02 4.3838716944e+05
3.4700719684e+02 4.3936616869e+05
3.4708212018e+02 4.4057390598e+05
3.4700946977e+02 4.4166559397e+05
3.4702687741e+02 4.4260431036e+05
3.4702597848e+02 4.4385476959e+05
3.4702045838e+02 4.4439431198e+05
3.4702027419e+02 4.4587378225e+05
3.4703412338e+02 4.4605975837e+05
3.4701881390e+02 4.4727711665e+05
3.4701670562e+02 4.4888281189e+05
3.4702930006e+02 4.4893553415e+05
3.4701577057e+02 4.5036771497e+05
3.4701632136e+02 4.5179940975e+05
3.4702552359e+02 4.5252427333e+05
3.4701781406e+02 4.5311590054e+05
3.4702028757e+02 4.5436383772e+05
3.4702330699e+02 4.5549572693e+05
3.4702690946e+02 4.5654219247e+05
3.4703079224e+02 4.5746623958e+05
3.4703499785e+02 4.5828670741e+05
3.4703931134e+02 4.5897379836e+05
3.4704814433e+02 4.5995560473e+05
3.4707199867e+02 4.6130645340e+05
3.4706615521e+02 4.6262242834e+05
3.4711275800e+02 4.6356466908e+05
3.4707562975e+02 4.6369318641e+05
3.4715048606e+02 4.6462679170e+05
3.4707239049e+02 4.6571963573e+05
3.4715922148e+02 4.6830952289e+05
3.4707943326e+02 4.6917467203e+05
3.4709245543e+02 4.7042407642e+05
3.4715163267e+02 4.7105896524e+05
3.4708795106e+02 4.7311452972e+05
3.4710612974e+02 4.7372135361e+05
3.4710492593e+02 4.7445595367e+05
3.4713580121e+02 4.7583436127e+05
3.4712428234e+02 4.7718013919e+05
3.4709759279e+02 4.7739805231e+05
3.4714819806e+02 4.7978787111e+05
3.4709473322e+02 4.8095053449e+05
3.4709122169e+02 4.8147795511e+05
3.4709023101e+02 4.8231907094e+05
3.4709384150e+02 4.8364403389e+05
3.4710024100e+02 4.8515280059e+05
3.4711643000e+02 4.8570957706e+05
3.4714411384e+02 4.8705390269e+05
3.4711075399e+02 4.8722104979e+05
3.4714624031e+02 4.8865910551e+05
3.4712166860e+02 4.8932424526e+05
3.4712560817e+02 4.9060052184e+05
3.4713521135e+02 4.9203324916e+05
3.4713775809e+02 4.9282898823e+05
3.4713197775e+02 4.9374567267e+05
3.4714771679e+02 4.9468607341e+05
3.4716553961e+02 4.9507641990e+05
3.4717034038e+02 4.9602319530e+05
3.4713920245e+02 4.9728218549e+05
3.4715337922e+02 4.9856490156e+05
3.4723809193e+02 5.0021139762e+05
3.4714813551e+02 5.0136079673e+05
3.4723525783e+02 5.0256013827e+05
3.4719447008e+02 5.0302827770e+05
3.4719150926e+02 5.0479010270e+05
3.4717041037e+02 5.0481460080e+05
3.4715840258e+02 5.0582318582e+05
3.4714851260e+02 5.0741494844e+05
3.4714540651e+02 5.0786595229e+05
3.4714295457e+02 5.0878353061e+05
3.4714182116e+02 5.1000472288e+05
3.4715408724e+02 5.1077690340e+05
3.4714511338e+02 5.1178038484e+05
3.4715697656e+02 5.1278299102e+05
3.4715057701e+02 5.1363535863e+05
3.4716053502e+02 5.1517541703e+05
3.4716118413e+02 5.1615872008e+05
3.4723719658e+02 5.1672392858e+05
3.4716548206e+02 5.1812827322e+05
3.4717248073e+02 5.1863104361e+05
3.4724629733e+02 5.1990573448e+05
3.4725137856e+02 5.2133114469e+05
3.4717123120e+02 5.2148179467e+05
3.4725683910e+02 5.2266541405e+05
3.4723805657e+02 5.2385621735e+05
3.4720141111e+02 5.2482952074e+05
3.4717903992e+02 5.2544870414e+05
3.4727941435e+02 5.2669333781e+05
3.4728486997e+02 5.2733269078e+05
3.4721698432e+02 5.2832365320e+05
3.4718826559e+02 5.2982390651e+05
3.4733334239e+02 5.3112003199e+05
3.4723324726e+02 5.3204857172e+05
3.4730121274e+02 5.3308928126e+05
3.4730161031e+02 5.3335012755e+05
3.4720009442e+02 5.3486625866e+05
3.4734626023e+02 5.3595518525e+05
3.4719506844e+02 5.3672899194e+05
3.4719524051e+02 5.3761008283e+05
3.4719624011e+02 5.3889521662e+05
3.4736116229e+02 5.3968334141e+05
3.4719584112e+02 5.4043009714e+05
3.4725823990e+02 5.4176478630e+05
3.4719936732e+02 5.4265322547e+05
3.4734082079e+02 5.4352780357e+05
3.4720418398e+02 5.4486128865e+05
3.4720534985e+02 5.4583526484e+05
3.4722807796e+02 5.4643586652e+05
3.4721483255e+02 5.4785185146e+05
3.4730188081e+02 5.4872702832e+05
3.4721036554e+02 5.4912962730e+05
3.4722630470e+02 5.5070997231e+05
3.4735357859e+02 5.5228166014e+05
3.4721761452e+02 5.5310599943e+05
3.4724256279e+02 5.5436193124e+05
3.4738057011e+02 5.5513709650e+05
3.4733603292e+02 5.5591298761e+05
3.4722618004e+02 5.5753688522e+05
3.4725788678e+02 5.5779167372e+05
3.4737801559e+02 5.5941650480e+05
3.4726864511e+02 5.6004126598e+05
3.4738483109e+02 5.6093079830e+05
3.4727677424e+02 5.6199749669e+05
3.4723712720e+02 5.6272837797e+05
3.4741148379e+02 5.6398833546e+05
3.4722581084e+02 5.6531011279e+05
3.4722386038e+02 5.6598897646e+05
3.4722299669e+02 5.6725733240e+05
3.4724345967e+02 5.6821533807e+05
3.4722218043e+02 5.6889350655e+05
3.4724825974e+02 5.7030529539e+05
3.4722293494e+02 5.7121583156e+05
3.4725090704e+02 5.7235197661e+05
3.4744322454e+02 5.7306680636e+05
3.4722413684e+02 5.7393047698e+05
3.4725784547e+02 5.7530539363e+05
3.4740743855e+02 5.7621641585e+05
3.4745741483e+02 5.7728555000e+05
3.4722773135e+02 5.7742920646e+05
3.4742907469e+02 5.7854845735e+05
3.4735218824e+02 5.7978215235e+05
3.4742604581e+02 5.8112159987e+05
3.4723191225e+02 5.8136831700e+05
3.4742068610e+02 5.8259063948e+05
3.4752358453e+02 5.8359177027e+05
3.4737029168e+02 5.8429208338e+05
3.4729076200e+02 5.8518742378e+05
3.4723871151e+02 5.8621386858e+05
3.4745724274e+02 5.8733609561e+05
3.4730967423e+02 5.8954340248e+05
3.4746024110e+02 5.9038154601e+05
3.4724746370e+02 5.9150775695e+05
3.4748263407e+02 5.9283021275e+05
3.4724268017e+02 5.9346907463e+05
3.4723991063e+02 5.9438305355e+05
3.4723713105e+02 5.9568110104e+05
3.4726939981e+02 5.9660940915e+05
3.4723598248e+02 5.9770336721e+05
3.4726558525e+02 5.9792385271e+05
3.4743005791e+02 5.9936723278e+05
3.4723514566e+02 6.0015607060e+05
3.4728315728e+02 6.0101963092e+05
3.4723621239e+02 6.0346172974e+05
3.4729761362e+02 6.0463645529e+05
3.4751952042e+02 6.0484214143e+05
3.4745580115e+02 6.0594157675e+05
3.4723743367e+02 6.0725497946e+05
3.4739058374e+02 6.0809686023e+05
3.4746826309e+02 6.0930714705e+05
3.4730766648e+02 6.1030588769e+05
3.4752594782e+02 6.1082528525e+05
3.4724245393e+02 6.1206408353e+05
3.4735546357e+02 6.1284351668e+05
3.4748548042e+02 6.1393654929e+05
3.4732285005e+02 6.1464504732e+05
3.4753828544e+02 6.1634757319e+05
3.4725393589e+02 6.1736956011e+05
3.4743298495e+02 6.1838201116e+05
3.4733694070e+02 6.1854523092e+05
3.4667151229e+02 6.2216161834e+05
3.4660688007e+02 6.2282600433e+05
3.4679992454e+02 6.2393126627e+05
3.4654743034e+02 6.2446215726e+05
3.4658640363e+02 6.2591904353e+05
3.4649267194e+02 6.2701841844e+05
3.4652825245e+02 6.2788877527e+05
3.4681647726e+02 6.2874690230e+05
3.4644322613e+02 6.3048114637e+05
3.4686517974e+02 6.3379890360e+05
3.4640043614e+02 6.3485359653e+05
3.4643497829e+02 6.3576116369e+05
3.4722688195e+02 6.3749835487e+05
3.4741580462e+02 6.3835562347e+05
3.4636529096e+02 6.4012636536e+05
3.4640531578e+02 6.4195863870e+05
3.4735518679e+02 6.4266815031e+05
3.4726834402e+02 6.4318032793e+05
3.4632535690e+02 6.4622160125e+05
3.4724467300e+02 6.4771017754e+05
3.4721206350e+02 6.4854259842e+05
3.4727310627e+02 6.4892835645e+05
3.4638340715e+02 6.5015132690e+05
3.4638973799e+02 6.5274681376e+05
3.4642872909e+02 6.5278254719e+05
3.4730546525e+02 6.5472257141e+05
3.4718949174e+02 6.5531877201e+05
3.4633126455e+02 6.5739467704e+05
3.4641006603e+02 6.6110165475e+05
3.4741514742e+02 6.6181928955e+05
3.4766563085e+02 6.6282341269e+05
3.4727628200e+02 6.6453439470e+05
3.4682672040e+02 6.6479505893e+05
3.4673986718e+02 6.6555505910e+05
3.4666091578e+02 6.6699180727e+05
3.4671790181e+02 6.6813574444e+05
3.4658692781e+02 6.6910961364e+05
3.4663779550e+02 6.6969581319e+05
3.4651788588e+02 6.7188903137e+05
3.4645383862e+02 6.7530204124e+05
3.4650045778e+02 6.7546869562e+05
3.4718608176e+02 6.7673214787e+05
3.4722003929e+02 6.7802675804e+05
3.4640018240e+02 6.7928372392e+05
3.4725608388e+02 6.8055176839e+05
3.4767467124e+02 6.8153630337e+05
3.4727915550e+02 6.8236822875e+05
3.4634212021e+02 6.8369996285e+05
3.4640709519e+02 6.8487412151e+05
3.4695275131e+02 6.8606273588e+05
3.4649908010e+02 6.8620575768e+05
3.4657129367e+02 6.8781705712e+05
3.4615617509e+02 6.8832807998e+05
3.4677125329e+02 6.8982877025e+05
3.4634300308e+02 6.9074088117e+05
3.4631597519e+02 6.9107139553e+05
3.4591650966e+02 6.9281215106e+05
3.4662813388e+02 6.9392394170e+05
3.4627383105e+02 6.9399262761e+05
3.4631034821e+02 6.9671484419e+05
3.4621089637e+02 6.9785332796e+05
3.4608676289e+02 6.9839073119e+05
3.4648334778e+02 6.9949364801e+05
3.4647252745e+02 7.0043612367e+05
3.4651800955e+02 7.0084181032e+05
3.4615722936e+02 7.0223767195e+05
3.4647180145e+02 7.0322869923e+05
3.4634050138e+02 7.0374918108e+05
3.4645493267e+02 7.0490757216e+05
3.4633708244e+02 7.0611963179e+05
3.4595174125e+02 7.0707970545e+05
3.4617004833e+02 7.0806779864e+05
3.4601305914e+02 7.0946907330e+05
3.4574057801e+02 7.1022468801e+05
3.4577630965e+02 7.1255341340e+05
3.4628184423e+02 7.1298297850e+05
3.4625248265e+02 7.1374159188e+05
3.4583465721e+02 7.1470740601e+05
3.4585217472e+02 7.1629775909e+05
3.4584891484e+02 7.1651289317e+05
3.4568828042e+02 7.1914643296e+05
3.4628198577e+02 7.1958906665e+05
3.4596697729e+02 7.2043377235e+05
3.4569720757e+02 7.2200196481e+05
3.4574805450e+02 7.2322820661e+05
3.4614851165e+02 7.2377159586e+05
3.4620672040e+02 7.2435439421e+05
3.4573035814e+02 7.2581949691e+05
3.4590558559e+02 7.2812050689e+05
3.4574002759e+02 7.2865024247e+05
3.4579129926e+02 7.3002622191e+05
3.4589422012e+02 7.3054202370e+05
3.4595120492e+02 7.3192765106e+05
3.4575180580e+02 7.3218016392e+05
3.4610297671e+02 7.3398480611e+05
3.4621935120e+02 7.3446513539e+05
3.4577938176e+02 7.3572148503e+05
3.4581680502e+02 7.3628418001e+05
3.4608164711e+02 7.3788270698e+05
3.4584159884e+02 7.3846964971e+05
3.4594487298e+02 7.3992293817e+05
3.4583396134e+02 7.4012957719e+05
3.4582846224e+02 7.4166331341e+05
3.4587586677e+02 7.4226460073e+05
3.4597213642e+02 7.4298004451e+05
3.4607488608e+02 7.4419775573e+05
3.4584884331e+02 7.4545942994e+05
3.4586618434e+02 7.4635040842e+05
3.4578760415e+02 7.4733179243e+05
3.4590918854e+02 7.4838998798e+05
3.4599676953e+02 7.4920834060e+05
3.4588368833e+02 7.5017707850e+05
3.4590339791e+02 7.5131935454e+05
3.4575331063e+02 7.5205429101e+05
3.4606940018e+02 7.5370432013e+05
3.4595656351e+02 7.5432469508e+05
3.4572799386e+02 7.5504328787e+05
3.4630103853e+02 7.5657918227e+05
3.4592032988e+02 7.5675425145e+05
3.4596847370e+02 7.5820058388e+05
3.4594505908e+02 7.5865151552e+05
3.4573455322e+02 7.5996226947e+05
3.4595882278e+02 7.6132134257e+05
3.4586175560e+02 7.6236599875e+05
3.4574452140e+02 7.6318195333e+05
3.4628909735e+02 7.6411751276e+05
3.4597067057e+02 7.6487648421e+05
3.4602848748e+02 7.6604151050e+05
3.4586567886e+02 7.6683270060e+05
3.4577196684e+02 7.6834916088e+05
3.4599850411e+02 7.6908260405e+05
3.4587008405e+02 7.6981536362e+05
3.4578679512e+02 7.7159574231e+05
3.4597403137e+02 7.7311417844e+05
3.4589005127e+02 7.7463878481e+05
3.4618516081e+02 7.7555591973e+05
3.4581174783e+02 7.7708944093e+05
3.4589913562e+02 7.7766846955e+05
3.4604337423e+02 7.7878550066e+05
3.4581823223e+02 7.8012093515e+05
3.4602549208e+02 7.8041473689e+05
3.4602070343e+02 7.8185693379e+05
3.4591969992e+02 7.8284234138e+05
3.4589060837e+02 7.8341906620e+05
3.4599837935e+02 7.8485992896e+05
3.4584125019e+02 7.8596740316e+05
3.4595879640e+02 7.8778203803e+05
3.4580905176e+02 7.8896787356e+05
3.4592818290e+02 7.8949042584e+05
3.4590244425e+02 7.9005676210e+05
3.4570033490e+02 7.9159324139e+05
3.4590825397e+02 7.9266998634e+05
3.4588683499e+02 7.9380733193e+05
3.4586760891e+02 7.9428180423e+05
3.4566594508e+02 7.9546667455e+05
3.4606240541e+02 7.9611267980e+05
3.4561794930e+02 7.9732830251e+05
3.4591983346e+02 7.9855892135e+05
3.4581877482e+02 7.9899391284e+05
3.4592228815e+02 8.0093166471e+05
3.4558498634e+02 8.0224829018e+05
3.4600688845e+02 8.0342285003e+05
3.4594321962e+02 8.0383714416e+05
3.4593568164e+02 8.0499321295e+05
3.4554696678e+02 8.0583297244e+05
3.4591315920e+02 8.0674646609e+05
3.4595738239e+02 8.0851145491e+05
3.4594597091e+02 8.0886640577e+05
3.4594300242e+02 8.0996875073e+05
3.4590482045e+02 8.1148749579e+05
3.4554274494e+02 8.1187404409e+05
3.4594840828e+02 8.1403781923e+05
3.4595661619e+02 8.1458506105e+05
3.4619202573e+02 8.1601057381e+05
3.4556467269e+02 8.1692448647e+05
3.4595781172e+02 8.1750771377e+05
3.4595552607e+02 8.1910587990e+05
3.4608704040e+02 8.1952308653e+05
3.4604883089e+02 8.2109740166e+05
3.4595552656e+02 8.2203425615e+05
3.4589688299e+02 8.2283978006e+05
3.4560007119e+02 8.2420057697e+05
3.4617574713e+02 8.2525112382e+05
3.4615205793e+02 8.2549474734e+05
3.4596717281e+02 8.2649587639e+05
3.4596281013e+02 8.2782290973e+05
3.4603731090e+02 8.2881865328e+05
3.4589721401e+02 8.2930239678e+05
3.4556067085e+02 8.3056677918e+05
3.4599611500e+02 8.3156542268e+05
3.4599080728e+02 8.3384992104e+05
3.4588783247e+02 8.3577452894e+05
3.4590810956e+02 8.3638029660e+05
3.4592220139e+02 8.3790581380e+05
3.4597966439e+02 8.3897230821e+05
3.4537898308e+02 8.3926224120e+05
3.4585056204e+02 8.4038207232e+05
3.4598319753e+02 8.4098242043e+05
3.4588480965e+02 8.4280643364e+05
3.4576224481e+02 8.4396284552e+05
3.4505197310e+02 8.4686971440e+05
3.4570809319e+02 8.4872430909e+05
3.4596398811e+02 8.4960002123e+05
3.4587468752e+02 8.4993553150e+05
3.4609198727e+02 8.5227822909e+05
3.4564013241e+02 8.5312748162e+05
3.4470506104e+02 8.5719096139e+05
3.4588190365e+02 8.5848445842e+05
3.4560496228e+02 8.5866257774e+05
3.4599936279e+02 8.5990807792e+05
3.4637713890e+02 8.6130008044e+05
3.4592166888e+02 8.6158684964e+05
3.4584824431e+02 8.6317905630e+05
3.4557700272e+02 8.6390474033e+05
3.4439735670e+02 8.6597227895e+05
3.4556767507e+02 8.7022702409e+05
3.4593204113e+02 8.7311984876e+05
3.4557390660e+02 8.7470668061e+05
3.4598608381e+02 8.7623214685e+05
3.4550576789e+02 8.7629044474e+05
3.4422086561e+02 8.7830978717e+05
3.4525546140e+02 8.8147726067e+05
3.4535484306e+02 8.8342319289e+05
3.4410885489e+02 8.8813873908e+05
3.4453889634e+02 8.9558473365e+05
3.4611021106e+02 8.9671019938e+05
3.4592502823e+02 8.9703241471e+05
3.4473714250e+02 8.9823244696e+05
3.4407596693e+02 9.0303683509e+05
3.4439510255e+02 9.0581581196e+05
3.4507006965e+02 9.0942081006e+05
3.4491363869e+02 9.0977243046e+05
3.4406852334e+02 9.1142288000e+05
3.4397039626e+02 9.1365535562e+05
3.4413584067e+02 9.1462609229e+05
3.4454504607e+02 9.1584232100e+05
3.4390292269e+02 9.1944488472e+05
3.4434334660e+02 9.2121949200e+05
3.4394277368e+02 9.2286770473e+05
3.4483309366e+02 9.2599986708e+05
3.4463062948e+02 9.2657890669e+05
3.4409786202e+02 9.2764522104e+05
3.4375849560e+02 9.2898826547e+05
3.4382344309e+02 9.3255210801e+05
3.4390372651e+02 9.3396978797e+05
3.4387004754e+02 9.3625690406e+05
3.4359881371e+02 9.3763546273e+05
3.4374413249e+02 9.4087363271e+05
3.4369777817e+02 9.4128486128e+05
3.4358526600e+02 9.4278662689e+05
3.4371392155e+02 9.4313526243e+05
3.4360456119e+02 9.4761652047e+05
3.4347018592e+02 9.4826184895e+05
3.4358135259e+02 9.5076789975e+05
3.4358913487e+02 9.5184118573e+05
3.4369307938e+02 9.5336108001e+05
3.4365270820e+02 9.5370903302e+05
3.4351124736e+02 9.5497515999e+05
3.4336761940e+02 9.5732953472e+05
3.4346911255e+02 9.5793194474e+05
3.4359856904e+02 9.5892516150e+05
3.4355962110e+02 9.5957424812e+05
3.4343247530e+02 9.6064878153e+05
3.4347466365e+02 9.6204045905e+05
3.4366031588e+02 9.6268453072e+05
3.4395945009e+02 9.6365358695e+05
3.4356548785e+02 9.6448812391e+05
3.4342898484e+02 9.6603934504e+05
3.4341174146e+02 9.6778559923e+05
3.4338319151e+02 9.6916453089e+05
3.4350001244e+02 9.6976865976e+05
3.4334298878e+02 9.7188367478e+05
3.4362700934e+02 9.7243274296e+05
3.4345476238e+02 9.7338865834e+05
3.4367268292e+02 9.7598434593e+05
3.4358238550e+02 9.7704690355e+05
3.4275333907e+02 9.7787243035e+05
3.4338551918e+02 9.7828298599e+05
3.4371015781e+02 9.7950799663e+05
3.4326770920e+02 9.8014183515e+05
3.4352988914e+02 9.8199486898e+05
3.4383140852e+02 9.8242065540e+05
3.4378615241e+02 9.8307656578e+05
3.4373326466e+02 9.8460563176e+05
3.4375005497e+02 9.8509237527e+05
3.4375099018e+02 9.8625459025e+05
3.4377946960e+02 9.8775747513e+05
3.4367253403e+02 9.8941041719e+05
3.4388498047e+02 9.9068152948e+05
3.4334057505e+02 9.9142989800e+05
3.4381998065e+02 9.9194487524e+05
3.4402800463e+02 9.9383404917e+05
3.4394759434e+02 9.9458796822e+05
3.4395697780e+02 9.9565394865e+05
3.4417998976e+02 9.9665734193e+05
3.4409972206e+02 9.9748177629e+05
3.4382864675e+02 9.9821575780e+05
3.4309198400e+02 9.9947146179e+05
3.4343434129e+02 1.0004699534e+06
3.4383238467e+02 1.0030269824e+06
3.4382866302e+02 1.0050000775e+06
3.4385836964e+02 1.0058996058e+06
3.4392003582e+02 1.0072716881e+06
3.4408617474e+02 1.0079941826e+06
3.4406279706e+02 1.0089407981e+06
3.4429016819e+02 1.0104496528e+06
3.4421361701e+02 1.0110268914e+06
3.4434871162e+02 1.0123916215e+06
3.4455847294e+02 1.0134516538e+06
3.4445608825e+02 1.0143348279e+06
3.4453877764e+02 1.0153793874e+06
3.4479934114e+02 1.0154408943e+06
3.4460462426e+02 1.0172126862e+06
3.4445567786e+02 1.0177399151e+06
3.4414579161e+02 1.0194031992e+06
3.4398644058e+02 1.0215782542e+06
3.4396323345e+02 1.0227339870e+06
3.4410197079e+02 1.0235462902e+06
3.4404261255e+02 1.0245254562e+06
3.4392250155e+02 1.0257398229e+06
3.4388088122e+02 1.0269512198e+06
3.4393801265e+02 1.0287153859e+06
3.4406542219e+02 1.0294013579e+06
3.4420427622e+02 1.0307234065e+06
3.4444313530e+02 1.0317518957e+06
3.4493877929e+02 1.0349117917e+06
3.4490402781e+02 1.0354423224e+06
3.4487508518e+02 1.0362981218e+06
3.4485325788e+02 1.0377670657e+06
3.4490846253e+02 1.0381679276e+06
3.4485991876e+02 1.0389375067e+06
3.4464836090e+02 1.0407138298e+06
3.4518225024e+02 1.0409645692e+06
3.4505663586e+02 1.0421400072e+06
3.4481934670e+02 1.0431702660e+06
3.4486241201e+02 1.0438510735e+06
3.4482381053e+02 1.0454967624e+06
3.4446660049e+02 1.0468659129e+06
3.4442077843e+02 1.0487188012e+06
3.4475275935e+02 1.0504083764e+06
3.4434531345e+02 1.0524441111e+06
3.4426234162e+02 1.0532702773e+06
3.4417996092e+02 1.0544645798e+06
3.4398667385e+02 1.0555288673e+06
3.4371901890e+02 1.0566806730e+06
3.4388939261e+02 1.0580039316e+06
3.4347283596e+02 1.0590397430e+06
3.4348515432e+02 1.0603382809e+06
3.4514260080e+02 1.0619441046e+06
3.4518888140e+02 1.0626377749e+06
3.4553515748e+02 1.0649222859e+06
3.4526351645e+02 1.0660671589e+06
3.4571430522e+02 1.0665527769e+06
3.4539355617e+02 1.0678350633e+06
3.4703739083e+02 1.0712261643e+06
3.4703742777e+02 1.0718083190e+06
3.4704308225e+02 1.0726158973e+06
3.4712042302e+02 1.0734449515e+06
3.4713696954e+02 1.0743991378e+06
3.4710249915e+02 1.0754597545e+06
3.4710739887e+02 1.0765748863e+06
3.4719566315e+02 1.0779163790e+06
3.4719975430e+02 1.0782989468e+06
3.4717168225e+02 1.0795959638e+06
3.4725417831e+02 1.0802890936e+06
3.4717502014e+02 1.0811396661e+06
3.4484924289e+02 1.0851111260e+06
3.4491272769e+02 1.0869422330e+06
3.4731279950e+02 1.0907024271e+06
3.4733086411e+02 1.0915306640e+06
3.4742019100e+02 1.0924703417e+06
3.4738064829e+02 1.0940153688e+06
3.4711618553e+02 1.0948700458e+06
3.4752346091e+02 1.0963417090e+06
3.4740378785e+02 1.0967720176e+06
3.4744655910e+02 1.0986180198e+06
3.4695658134e+02 1.0994209353e+06
3.4495297958e+02 1.1040706891e+06
3.4497736630e+02 1.1057565510e+06
3.4500226525e+02 1.1165486382e+06
3.4500094594e+02 1.1174372252e+06
3.4502638795e+02 1.1240426058e+06
3.4552906885e+02 1.1244033895e+06
3.4519108882e+02 1.1259294194e+06
3.4511132440e+02 1.1274270810e+06
3.4779394338e+02 1.1306095911e+06
3.4795845158e+02 1.1312872089e+06
3.4779126384e+02 1.1322100092e+06
3.4781671645e+02 1.1338367313e+06
3.4824143735e+02 1.1347350676e+06
3.4818308259e+02 1.1358397905e+06
3.4828299060e+02 1.1368762312e+06
3.4833587977e+02 1.1379098607e+06
3.4855983095e+02 1.1381598122e+06
3.4805489070e+02 1.1390828701e+06
3.4788645223e+02 1.1403149306e+06
3.4803357703e+02 1.1409741099e+06
3.4817617726e+02 1.1432367332e+06
3.4813692975e+02 1.1448015222e+06
3.4793073035e+02 1.1466034707e+06
3.4790287855e+02 1.1468655712e+06
3.4838791044e+02 1.1477256186e+06
3.4865822954e+02 1.1490390049e+06
3.4843374467e+02 1.1497180873e+06
3.4834603221e+02 1.1510137771e+06
3.4879451361e+02 1.1523538680e+06
3.4836433474e+02 1.1526239368e+06
3.4841474962e+02 1.1541277111e+06
3.4838959127e+02 1.1546764403e+06
3.4800326191e+02 1.1556442380e+06
3.4829944206e+02 1.1570011528e+06
3.4848961828e+02 1.1584660263e+06
3.4833883960e+02 1.1589989680e+06
3.4823730187e+02 1.1603908676e+06
3.4792772701e+02 1.1610515100e+06
3.4814268807e+02 1.1619623336e+06
3.4803952858e+02 1.1632061356e+06
3.4812993505e+02 1.1643163499e+06
3.4807109926e+02 1.1645028182e+06
3.4808695366e+02 1.1657173489e+06
3.4794704090e+02 1.1669055575e+06
3.4804844890e+02 1.1677661298e+06
3.4844339579e+02 1.1688060933e+06
3.4821210744e+02 1.1694065420e+06
3.4838491423e+02 1.1703605901e+06
3.4847884996e+02 1.1713609224e+06
3.4857513455e+02 1.1731385956e+06
3.4854621266e+02 1.1733106967e+06
3.4865295155e+02 1.1747286431e+06
3.4857450592e+02 1.1757789155e+06
3.4866263288e+02 1.1763148161e+06
3.4864828353e+02 1.1776432713e+06
3.4836035804e+02 1.1862191355e+06
3.4922010188e+02 1.1968965884e+06
3.4910948802e+02 1.2075830694e+06
3.4902532520e+02 1.2160295571e+06
3.4920348681e+02 1.2174302446e+06
3.4844849173e+02 1.2225244240e+06
3.4888961209e+02 1.2280227749e+06
3.4852299625e+02 1.2296722525e+06
3.4882478396e+02 1.2319601268e+06
3.4885742673e+02 1.2322899095e+06
3.4858080591e+02 1.2338251663e+06
3.4876017337e+02 1.2346057053e+06
3.4863540381e+02 1.2357502089e+06
3.4849839288e+02 1.2367487379e+06
3.4881639839e+02 1.2378499891e+06
3.4858205674e+02 1.2394585343e+06
3.4863381567e+02 1.2407458359e+06
}