Pressao_entrada 1034170
Pressao_saida 101300.0
Velocidade_angular 1083.84946425
Temperatura 345.588340633


Ri 0.0875
Rg 0.0979
Rm 0.1035
Ro 0.1095
h 6e-06
hg 5e-06
beta1 2.29
beta2 1
N 10

n_r_1 25
n_r_2 25
n_r_3 25
n_t_1 20
n_t_2 20
n_t_3 20
n_t_4 20
n_t_5 20
n_z_h 10
n_z_hg 10

nCells 9.5000000000e+04
minVol 2.3535439975e-03
maxVol 4.6730311376e-02
totVol 9.8682146577e+02

min_U 0.0000000000e+00
max_U 1.7226650124e+02
min_Rho 8.8886174597e-01
max_Rho 1.0041996714e+01
min_P 1.0130000000e+05
max_P 1.1249817526e+06
min_T 3.3975857483e+02
max_T 3.4836740423e+02
Force 1.0652131761e+03
Shear 1.5729401096e+03
Inlet_Flow -2.7736389604e-05
Outlet_Flow 2.7730370240e-05
Sum_Flow -6.0193634480e-09
Perc_flow 7.3634586473e-02

T_crit 284.789023277
P_crit 13667293.4024
satSize 197
composition methane_0.696392/ethane_0.112586/n-propane_0.091609/isobutane_0.015910/n-butane_0.034455/isopentane_0.008918/n-pentane_0.011654/n-hexane_0.008411/n-heptane_0.005878/n-octane_0.002128/n-nonane_0.000203/n-decane_0.000101/nitrogen_0.009222/co2_0.002533


SaturationCurve
{
2.8090348048e+02 1.0130000000e+05
2.9577379061e+02 2.5203326003e+05
3.0419915249e+02 4.0276652005e+05
3.1022344592e+02 5.5349978008e+05
3.1495509383e+02 7.0423304010e+05
3.1886765847e+02 8.5496630013e+05
3.2220866670e+02 1.0056995602e+06
3.2512443644e+02 1.1564328202e+06
3.2770916644e+02 1.3071660802e+06
3.3002740202e+02 1.4578993402e+06
3.3212549589e+02 1.6086326003e+06
3.3403797008e+02 1.7593658603e+06
3.3579129199e+02 1.9100991203e+06
3.3740623898e+02 2.0608323803e+06
3.3889944511e+02 2.2115656404e+06
3.4028444980e+02 2.3622989004e+06
3.4157243071e+02 2.5130321604e+06
3.4277272920e+02 2.6637654204e+06
3.4389323559e+02 2.8144986805e+06
3.4494067705e+02 2.9652319405e+06
3.4592083650e+02 3.1159652005e+06
3.4683872155e+02 3.2666984605e+06
3.4769869666e+02 3.4174317206e+06
3.4850458778e+02 3.5681649806e+06
3.4925976608e+02 3.7188982406e+06
3.4996721574e+02 3.8696315007e+06
3.5062958910e+02 4.0203647607e+06
3.5124925216e+02 4.1710980207e+06
3.5182832219e+02 4.3218312807e+06
3.5236869915e+02 4.4725645408e+06
3.5287209207e+02 4.6232978008e+06
3.5334004130e+02 4.7740310608e+06
3.5377393741e+02 4.9247643208e+06
3.5417503733e+02 5.0754975809e+06
3.5454447809e+02 5.2262308409e+06
3.5488328876e+02 5.3769641009e+06
3.5519240059e+02 5.5276973609e+06
3.5547265592e+02 5.6784306210e+06
3.5572481580e+02 5.8291638810e+06
3.5594956667e+02 5.9798971410e+06
3.5614752608e+02 6.1306304010e+06
3.5631924777e+02 6.2813636611e+06
3.5646522594e+02 6.4320969211e+06
3.5658589911e+02 6.5828301811e+06
3.5668165325e+02 6.7335634412e+06
3.5675282466e+02 6.8842967012e+06
3.5679970228e+02 7.0350299612e+06
3.5682252966e+02 7.1857632212e+06
3.5682150661e+02 7.3364964813e+06
3.5679679047e+02 7.4872297413e+06
3.5674849712e+02 7.6379630013e+06
3.5667670163e+02 7.7886962613e+06
3.5658143865e+02 7.9394295214e+06
3.5646270256e+02 8.0901627814e+06
3.5632044719e+02 8.2408960414e+06
3.5615458541e+02 8.3916293014e+06
3.5596498828e+02 8.5423625615e+06
3.5575148394e+02 8.6930958215e+06
3.5551385612e+02 8.8438290815e+06
3.5525184228e+02 8.9945623415e+06
3.5496513132e+02 9.1452956016e+06
3.5465336082e+02 9.2960288616e+06
3.5431611379e+02 9.4467621216e+06
3.5395291471e+02 9.5974953816e+06
3.5356322502e+02 9.7482286417e+06
3.5314643770e+02 9.8989619017e+06
3.5270187094e+02 1.0049695162e+07
3.5222876070e+02 1.0200428422e+07
3.5172625199e+02 1.0351161682e+07
3.5119338849e+02 1.0501894942e+07
3.5062910033e+02 1.0652628202e+07
3.5003218947e+02 1.0803361462e+07
3.4940131233e+02 1.0954094722e+07
3.4873495873e+02 1.1104827982e+07
3.4803142645e+02 1.1255561242e+07
3.4728879019e+02 1.1406294502e+07
3.4650486320e+02 1.1557027762e+07
3.4567714960e+02 1.1707761022e+07
3.4480278437e+02 1.1858494282e+07
3.4387845685e+02 1.2009227542e+07
3.4290031189e+02 1.2159960802e+07
3.4186382004e+02 1.2310694062e+07
3.4076360404e+02 1.2461427322e+07
3.3959320192e+02 1.2612160582e+07
3.3834473589e+02 1.2762893842e+07
3.3700843631e+02 1.2913627102e+07
3.3557193439e+02 1.3064360362e+07
3.3401916893e+02 1.3215093622e+07
3.3232861230e+02 1.3365826882e+07
3.3047021154e+02 1.3516560142e+07
3.2839968129e+02 1.3667293402e+07
3.2604665362e+02 1.3818026662e+07
3.2328593954e+02 1.3968759922e+07
3.1984777413e+02 1.4119493182e+07
3.1483770060e+02 1.4270226442e+07
3.1483770060e+02 1.4270226441e+07
3.1278448923e+02 1.4309448852e+07
3.1073127786e+02 1.4335970475e+07
3.0867806649e+02 1.4350021486e+07
3.0662485512e+02 1.4351813536e+07
3.0457164375e+02 1.4341549309e+07
3.0251843238e+02 1.4319429986e+07
3.0046522101e+02 1.4285660751e+07
2.9841200964e+02 1.4240454520e+07
2.9635879827e+02 1.4184034312e+07
2.9430558690e+02 1.4116634921e+07
2.9225237553e+02 1.4038505598e+07
2.9019916416e+02 1.3949919268e+07
2.8814595279e+02 1.3851216474e+07
2.8403953005e+02 1.3620689626e+07
2.8198631868e+02 1.3493836152e+07
2.7993310731e+02 1.3356754550e+07
2.7787989594e+02 1.3210492808e+07
2.7582668457e+02 1.3055440699e+07
2.7377347320e+02 1.2891885133e+07
2.7172026183e+02 1.2720089904e+07
2.6966705046e+02 1.2540312421e+07
2.6761383909e+02 1.2352810169e+07
2.6556062773e+02 1.2157844741e+07
2.6350741636e+02 1.1955685302e+07
2.6145420499e+02 1.1746612047e+07
2.5940099362e+02 1.1530919663e+07
2.5734778225e+02 1.1308920979e+07
2.5529457088e+02 1.1080950581e+07
2.5324135951e+02 1.0847368383e+07
2.5118814814e+02 1.0608562930e+07
2.4913493677e+02 1.0364954216e+07
2.4708172540e+02 1.0116995660e+07
2.4502851403e+02 9.8651748334e+06
2.4297530266e+02 9.6100124633e+06
2.4092209129e+02 9.3520592694e+06
2.3886887992e+02 9.0918903480e+06
2.3681566855e+02 8.8300971802e+06
2.3476245718e+02 8.5672778225e+06
2.3270924581e+02 8.3040263246e+06
2.3065603444e+02 8.0409226727e+06
2.2860282307e+02 7.7785244180e+06
2.2654961170e+02 7.5173606675e+06
2.2449640033e+02 7.2579284957e+06
2.2244318896e+02 7.0006913476e+06
2.2038997759e+02 6.7460787894e+06
2.1833676622e+02 6.4944870034e+06
2.1628355485e+02 6.2462796050e+06
2.1423034348e+02 6.0017885610e+06
2.1217713211e+02 5.7613151417e+06
2.1012392074e+02 5.5251309216e+06
2.0807070937e+02 5.2934788644e+06
2.0601749800e+02 5.0665745243e+06
2.0396428663e+02 4.8446073659e+06
2.0191107526e+02 4.6277421859e+06
1.9985786389e+02 4.4161206028e+06
1.9780465252e+02 4.2098625752e+06
1.9575144115e+02 4.0090679086e+06
1.9369822978e+02 3.8138177174e+06
1.9164501841e+02 3.6241758175e+06
1.8959180704e+02 3.4401900321e+06
1.8753859567e+02 3.2618934013e+06
1.8548538431e+02 3.0893052920e+06
1.8343217294e+02 2.9224324103e+06
1.8137896157e+02 2.7612697192e+06
1.7932575020e+02 2.6058012687e+06
1.7727253883e+02 2.4560009469e+06
1.7521932746e+02 2.3118331575e+06
1.7316611609e+02 2.1732534336e+06
1.7111290472e+02 2.0402089953e+06
1.6905969335e+02 1.9126392565e+06
1.6700648198e+02 1.7904762899e+06
1.6495327061e+02 1.6736452534e+06
1.6290005924e+02 1.5620647866e+06
1.6084684787e+02 1.4556473782e+06
1.5879363650e+02 1.3542997127e+06
1.5674042513e+02 1.2579229967e+06
1.5468721376e+02 1.1664132709e+06
1.5263400239e+02 1.0796617107e+06
1.5058079102e+02 9.9755491707e+05
1.4852757965e+02 9.1997520247e+05
1.4647436828e+02 8.4680087305e+05
1.4442115691e+02 7.7790651003e+05
1.4236794554e+02 7.1316325243e+05
1.4031473417e+02 6.5243908346e+05
1.3826152280e+02 5.9559912244e+05
1.3620831143e+02 5.4250592440e+05
1.3415510006e+02 4.9301978898e+05
1.3210188869e+02 4.4699908019e+05
1.3004867732e+02 4.0430055853e+05
1.2799546595e+02 3.6477972645e+05
1.2594225458e+02 3.2829118837e+05
1.2388904321e+02 2.9468902589e+05
1.2183583184e+02 2.6382718893e+05
1.1978262047e+02 2.3555990316e+05
1.1772940910e+02 2.0974209383e+05
1.1567619773e+02 1.8622982590e+05
1.1362298636e+02 1.6488075965e+05
1.1156977499e+02 1.4555462067e+05
1.0951656362e+02 1.2811368216e+05
1.0746335226e+02 1.1242325663e+05
}

T_margin 20.0915725784
T_sat_margin 322.930761798
T_hull_margin 343.022334376
P_hull_margin 1043028.89587

caseHull
{
3.4542671234e+02 2.5754465433e+05
3.4543619329e+02 2.5855503418e+05
3.4543760930e+02 2.5983166706e+05
3.4543423257e+02 2.6086675120e+05
3.4543023016e+02 2.6207524245e+05
3.4542618312e+02 2.6349458592e+05
3.4545829053e+02 2.6422395039e+05
3.4542217731e+02 2.6507601989e+05
3.4546023756e+02 2.6553139274e+05
3.4541826778e+02 2.6686900667e+05
3.4546291343e+02 2.6843755406e+05
3.4541440639e+02 2.6880169653e+05
3.4546370124e+02 2.7003160726e+05
3.4541056318e+02 2.7093188430e+05
3.4546419814e+02 2.7163358581e+05
3.4540677815e+02 2.7312358145e+05
3.4540318611e+02 2.7549568789e+05
3.4546382699e+02 2.7679503592e+05
3.4539965525e+02 2.7784278299e+05
3.4546304355e+02 2.7851824895e+05
3.4539708663e+02 2.7990759868e+05
3.4546203644e+02 2.8031101609e+05
3.4539489976e+02 2.8147885937e+05
3.4546071820e+02 2.8203589338e+05
3.4539298189e+02 2.8312029943e+05
3.4545921010e+02 2.8381483625e+05
3.4539080138e+02 2.8469265842e+05
3.4545743270e+02 2.8551027236e+05
3.4538857008e+02 2.8631395898e+05
3.4545546867e+02 2.8724767771e+05
3.4538588729e+02 2.8786443342e+05
3.4538328904e+02 2.8944611264e+05
3.4556038211e+02 2.9014456550e+05
3.4538107289e+02 2.9095891845e+05
3.4544841423e+02 2.9215582357e+05
3.4538048035e+02 2.9248854167e+05
3.4544574531e+02 2.9378452215e+05
3.4538226688e+02 2.9395435644e+05
3.4538728435e+02 2.9542586546e+05
3.4557240259e+02 2.9651532769e+05
3.4539503746e+02 2.9684013678e+05
3.4540438843e+02 2.9825120013e+05
3.4543708229e+02 2.9837570374e+05
3.4541302026e+02 2.9961058782e+05
3.4557681057e+02 3.0020201249e+05
3.4541882770e+02 3.0095825877e+05
3.4542005797e+02 3.0225722054e+05
3.4542681284e+02 3.0297427608e+05
3.4541641077e+02 3.0353601965e+05
3.4540859686e+02 3.0476706219e+05
3.4539834707e+02 3.0597056639e+05
3.4558143047e+02 3.0613526225e+05
3.4538740884e+02 3.0712654295e+05
3.4537731273e+02 3.0824872100e+05
3.4536884732e+02 3.0932210388e+05
3.4536230944e+02 3.1035525329e+05
3.4552261047e+02 3.1115091597e+05
3.4535751436e+02 3.1133591456e+05
3.4535419768e+02 3.1226778688e+05
3.4535202858e+02 3.1314050468e+05
3.4535029581e+02 3.1470094422e+05
3.4535045214e+02 3.1537793348e+05
3.4535116814e+02 3.1597671555e+05
3.4535238854e+02 3.1649566617e+05
3.4535844006e+02 3.1750947565e+05
3.4551797762e+02 3.1848875650e+05
3.4563221958e+02 3.1934059959e+05
3.4551692635e+02 3.2030648081e+05
3.4551705417e+02 3.2204410341e+05
3.4568629130e+02 3.2267012199e+05
3.4551985654e+02 3.2380200938e+05
3.4563442363e+02 3.2509867788e+05
3.4552579754e+02 3.2548617732e+05
3.4571397508e+02 3.2687734124e+05
3.4553510842e+02 3.2717758323e+05
3.4571436408e+02 3.2846655544e+05
3.4554636445e+02 3.2880287256e+05
3.4563651166e+02 3.2954948256e+05
3.4555771490e+02 3.3042452703e+05
3.4556641828e+02 3.3198611576e+05
3.4557399601e+02 3.3263142820e+05
3.4557066277e+02 3.3353375315e+05
3.4557199612e+02 3.3428853223e+05
3.4556948578e+02 3.3502477550e+05
3.4556985927e+02 3.3609425459e+05
3.4556356716e+02 3.3649245604e+05
3.4555432036e+02 3.3790541463e+05
3.4573238426e+02 3.3889138896e+05
3.4554378461e+02 3.3928726127e+05
3.4553355074e+02 3.4061533617e+05
3.4556242751e+02 3.4119169865e+05
3.4552478288e+02 3.4190562877e+05
3.4551784400e+02 3.4314080828e+05
3.4570571147e+02 3.4350175720e+05
3.4551275234e+02 3.4433042598e+05
3.4550918698e+02 3.4546033732e+05
3.4550687396e+02 3.4653509885e+05
3.4550551662e+02 3.4754266877e+05
3.4550495359e+02 3.4848384173e+05
3.4550503425e+02 3.4934768878e+05
3.4550568597e+02 3.5013284344e+05
3.4550682195e+02 3.5082905601e+05
3.4550838954e+02 3.5143441467e+05
3.4551255394e+02 3.5234138115e+05
3.4570686992e+02 3.5293294512e+05
3.4579566347e+02 3.5408089465e+05
3.4570637403e+02 3.5467603746e+05
3.4580818193e+02 3.5585649958e+05
3.4569930560e+02 3.5655476555e+05
3.4568957047e+02 3.5805893299e+05
3.4570513966e+02 3.5833151680e+05
3.4567977166e+02 3.5953099794e+05
3.4570444122e+02 3.6026423896e+05
3.4567108950e+02 3.6094683516e+05
3.4566420506e+02 3.6232355066e+05
3.4575146083e+02 3.6310830049e+05
3.4565911807e+02 3.6364269011e+05
3.4565568714e+02 3.6491470060e+05
3.4570127072e+02 3.6554952618e+05
3.4565353323e+02 3.6612460915e+05
3.4565242390e+02 3.6727714059e+05
3.4565210874e+02 3.6835954772e+05
3.4565247551e+02 3.6937277817e+05
3.4576027395e+02 3.6962428371e+05
3.4565339366e+02 3.7030522435e+05
3.4565480392e+02 3.7115551368e+05
3.4565878142e+02 3.7257443461e+05
3.4566122174e+02 3.7313000423e+05
3.4566672348e+02 3.7390828708e+05
3.4582436849e+02 3.7483029172e+05
3.4579781099e+02 3.7580100233e+05
3.4582641334e+02 3.7703188021e+05
3.4581491678e+02 3.7781991192e+05
3.4588984619e+02 3.7840396127e+05
3.4582773793e+02 3.7905553266e+05
3.4589239314e+02 3.8050061565e+05
3.4582942560e+02 3.8120782337e+05
3.4583975651e+02 3.8178559167e+05
3.4583041309e+02 3.8317035423e+05
3.4584175226e+02 3.8407685789e+05
3.4591547102e+02 3.8489456892e+05
3.4583189782e+02 3.8530462260e+05
3.4584555679e+02 3.8645658849e+05
3.4583263234e+02 3.8723547223e+05
3.4590853025e+02 3.8810985390e+05
3.4582807277e+02 3.8890924671e+05
3.4583386762e+02 3.8937978013e+05
3.4581838204e+02 3.9059086442e+05
3.4583421801e+02 3.9130034767e+05
3.4580968225e+02 3.9223774965e+05
3.4583502588e+02 3.9345818941e+05
3.4580263269e+02 3.9382274209e+05
3.4579752166e+02 3.9536530551e+05
3.4589640283e+02 3.9549521740e+05
3.4579405841e+02 3.9684488333e+05
3.4583554377e+02 3.9749227686e+05
3.4579200146e+02 3.9827291568e+05
3.4579097921e+02 3.9963269971e+05
3.4592680417e+02 3.9988244904e+05
3.4579081901e+02 4.0092967572e+05
3.4579131578e+02 4.0214958561e+05
3.4583534955e+02 4.0299699108e+05
3.4579239675e+02 4.0329355227e+05
3.4579394474e+02 4.0434853892e+05
3.4579591328e+02 4.0531308846e+05
3.4579821333e+02 4.0617481328e+05
3.4580079909e+02 4.0693147158e+05
3.4580359607e+02 4.0757050496e+05
3.4580963559e+02 4.0847964567e+05
3.4594361883e+02 4.0976759294e+05
3.4593965068e+02 4.1064879540e+05
3.4593446729e+02 4.1163144298e+05
3.4592591117e+02 4.1342719669e+05
3.4594315080e+02 4.1375102962e+05
3.4591912173e+02 4.1518792276e+05
3.4600872419e+02 4.1547395107e+05
3.4591420798e+02 4.1688428972e+05
3.4594709263e+02 4.1724960835e+05
3.4591113598e+02 4.1853774926e+05
3.4594852918e+02 4.1925400419e+05
3.4590946231e+02 4.2012594986e+05
3.4598227121e+02 4.2142968491e+05
3.4590892898e+02 4.2166154154e+05
3.4590921975e+02 4.2312660338e+05
3.4595193208e+02 4.2346184157e+05
3.4591023130e+02 4.2452714469e+05
3.4595380644e+02 4.2559082855e+05
3.4591178960e+02 4.2584793275e+05
3.4591385055e+02 4.2709042759e+05
3.4591630457e+02 4.2824073288e+05
3.4595598960e+02 4.2913644450e+05
3.4591911367e+02 4.2929734648e+05
3.4592218885e+02 4.3024672697e+05
3.4592548997e+02 4.3108653913e+05
3.4593249165e+02 4.3239468409e+05
3.4593606510e+02 4.3284700321e+05
3.4601246982e+02 4.3424155606e+05
3.4603860901e+02 4.3465755941e+05
3.4606805193e+02 4.3588769444e+05
3.4602240178e+02 4.3693287800e+05
3.4604532791e+02 4.3791500946e+05
3.4607521671e+02 4.3874933979e+05
3.4604595810e+02 4.3904782388e+05
3.4603851914e+02 4.3975391510e+05
3.4605066537e+02 4.4152183627e+05
3.4606004797e+02 4.4241821076e+05
3.4605435805e+02 4.4373081601e+05
3.4605279469e+02 4.4410529748e+05
3.4606133609e+02 4.4551889863e+05
3.4604614782e+02 4.4608327675e+05
3.4606347907e+02 4.4688290768e+05
3.4604165935e+02 4.4802481272e+05
3.4606301744e+02 4.4842806082e+05
3.4603900422e+02 4.4989697122e+05
3.4607484662e+02 4.5013102182e+05
3.4603796055e+02 4.5172389905e+05
3.4607870014e+02 4.5235079703e+05
3.4603803262e+02 4.5348067723e+05
3.4607659014e+02 4.5414404724e+05
3.4603905958e+02 4.5518147358e+05
3.4607535280e+02 4.5563725967e+05
3.4604074882e+02 4.5680660378e+05
3.4607824657e+02 4.5774327231e+05
3.4604303478e+02 4.5836293811e+05
3.4604576010e+02 4.5983381437e+05
3.4604889320e+02 4.6122096488e+05
3.4608491559e+02 4.6197991646e+05
3.4605232795e+02 4.6250875612e+05
3.4605604627e+02 4.6369573082e+05
3.4605996163e+02 4.6476691007e+05
3.4609038056e+02 4.6544643118e+05
3.4606403602e+02 4.6571980796e+05
3.4607233022e+02 4.6722233970e+05
3.4607636711e+02 4.6775358653e+05
3.4608365376e+02 4.6835007178e+05
3.4611319705e+02 4.6923222970e+05
3.4615067308e+02 4.7037793311e+05
3.4614563678e+02 4.7156636114e+05
3.4614734491e+02 4.7211848949e+05
3.4612535436e+02 4.7307277124e+05
3.4612187523e+02 4.7386547809e+05
3.4612547323e+02 4.7442920638e+05
3.4612469232e+02 4.7557207472e+05
3.4612301333e+02 4.7690052287e+05
3.4614457419e+02 4.7763326108e+05
3.4612280178e+02 4.7866438410e+05
3.4614663698e+02 4.7953008918e+05
3.4613690246e+02 4.8010924016e+05
3.4612366953e+02 4.8050508573e+05
3.4614952559e+02 4.8137120970e+05
3.4612861566e+02 4.8280610213e+05
3.4615297262e+02 4.8313519725e+05
3.4629672975e+02 4.8456614144e+05
3.4613603548e+02 4.8512324514e+05
3.4614919153e+02 4.8593427763e+05
3.4630321262e+02 4.8735275420e+05
3.4614749814e+02 4.8788769927e+05
3.4618680831e+02 4.8906977195e+05
3.4615679994e+02 4.8943059002e+05
3.4616000738e+02 4.9062151763e+05
3.4622111285e+02 4.9139256622e+05
3.4618132021e+02 4.9189893589e+05
3.4618671117e+02 4.9297583300e+05
3.4616547014e+02 4.9359496015e+05
3.4619727124e+02 4.9470847005e+05
3.4620214455e+02 4.9534272776e+05
3.4618823141e+02 4.9684617371e+05
3.4627723731e+02 4.9771983205e+05
3.4617344893e+02 4.9787719226e+05
3.4616816214e+02 4.9935131587e+05
3.4616814832e+02 4.9968972392e+05
3.4617187114e+02 5.0056157600e+05
3.4616961537e+02 5.0152752043e+05
3.4618478825e+02 5.0289212693e+05
3.4617141096e+02 5.0305574434e+05
3.4617446652e+02 5.0462297334e+05
3.4617480496e+02 5.0516210469e+05
3.4625844657e+02 5.0571108197e+05
3.4617540451e+02 5.0670723182e+05
3.4617920833e+02 5.0762946309e+05
3.4617633950e+02 5.0880978010e+05
3.4626818304e+02 5.0934930348e+05
3.4618544701e+02 5.1078460510e+05
3.4618124426e+02 5.1143999450e+05
3.4622826552e+02 5.1236065614e+05
3.4629252739e+02 5.1294941864e+05
3.4618857528e+02 5.1403110581e+05
3.4625708730e+02 5.1458533341e+05
3.4626008874e+02 5.1572755488e+05
3.4620102324e+02 5.1713210512e+05
3.4619969767e+02 5.1850287189e+05
3.4629122964e+02 5.1943181778e+05
3.4621531991e+02 5.2014754948e+05
3.4631093507e+02 5.2099220125e+05
3.4628420384e+02 5.2198665355e+05
3.4620912731e+02 5.2286813137e+05
3.4623286635e+02 5.2363533404e+05
3.4631030075e+02 5.2448896699e+05
3.4637080491e+02 5.2524156093e+05
3.4629718421e+02 5.2555488833e+05
3.4624986735e+02 5.2699244517e+05
3.4620783346e+02 5.2811451258e+05
3.4620772611e+02 5.2861764382e+05
3.4620867660e+02 5.2965255714e+05
3.4634358864e+02 5.3052658979e+05
3.4621042576e+02 5.3107646228e+05
3.4635399556e+02 5.3184744142e+05
3.4621387342e+02 5.3313317371e+05
3.4649125137e+02 5.3353100377e+05
3.4622060523e+02 5.3468491802e+05
3.4621822404e+02 5.3558325877e+05
3.4633744023e+02 5.3647777692e+05
3.4622298849e+02 5.3709327959e+05
3.4630198482e+02 5.3837468338e+05
3.4622413928e+02 5.3881358736e+05
3.4622469081e+02 5.3946247872e+05
3.4639006510e+02 5.4059170128e+05
3.4636229990e+02 5.4193672200e+05
3.4623015963e+02 5.4236188765e+05
3.4636324997e+02 5.4332693237e+05
3.4638903611e+02 5.4458823761e+05
3.4623867082e+02 5.4531438075e+05
3.4633460995e+02 5.4623143512e+05
3.4624040362e+02 5.4687892548e+05
3.4625306249e+02 5.4877373937e+05
3.4642858819e+02 5.4949955098e+05
3.4635007581e+02 5.5004739387e+05
3.4625784203e+02 5.5148962670e+05
3.4627007571e+02 5.5209085648e+05
3.4640087648e+02 5.5284792001e+05
3.4636677177e+02 5.5415601520e+05
3.4642943829e+02 5.5440944296e+05
3.4648566160e+02 5.5588538722e+05
3.4629153026e+02 5.5594582803e+05
3.4623851898e+02 5.5747917716e+05
3.4623744541e+02 5.5838796896e+05
3.4625373585e+02 5.5899436323e+05
3.4623822180e+02 5.6000009269e+05
3.4625885452e+02 5.6055710504e+05
3.4623923558e+02 5.6196123655e+05
3.4626250935e+02 5.6217265233e+05
3.4648513268e+02 5.6305377079e+05
3.4626797620e+02 5.6445002416e+05
3.4624237082e+02 5.6485470302e+05
3.4641309459e+02 5.6563666867e+05
3.4627124171e+02 5.6664310374e+05
3.4624745449e+02 5.6800813858e+05
3.4643114155e+02 5.6833356720e+05
3.4627659627e+02 5.6955410056e+05
3.4648108220e+02 5.6986392747e+05
3.4648035401e+02 5.7084049660e+05
3.4628087061e+02 5.7230506548e+05
3.4626336621e+02 5.7244020093e+05
3.4649597087e+02 5.7413636977e+05
3.4628991027e+02 5.7578151808e+05
3.4639398532e+02 5.7606182683e+05
3.4629516751e+02 5.7684553693e+05
3.4630101796e+02 5.7904609347e+05
3.4647233938e+02 5.8001096368e+05
3.4641304327e+02 5.8049864551e+05
3.4651361472e+02 5.8225235311e+05
3.4631923172e+02 5.8300676076e+05
3.4652255946e+02 5.8452147369e+05
3.4625620128e+02 5.8513705172e+05
3.4625399134e+02 5.8582452613e+05
3.4627272522e+02 5.8680458394e+05
3.4625341514e+02 5.8726364415e+05
3.4627598108e+02 5.8809819703e+05
3.4625330058e+02 5.8908933971e+05
3.4628071028e+02 5.9005533200e+05
3.4636596409e+02 5.9105380070e+05
3.4625744199e+02 5.9197338393e+05
3.4646482990e+02 5.9303025692e+05
3.4670884510e+02 5.9355353396e+05
3.4628878239e+02 5.9463596631e+05
3.4626896196e+02 5.9513779382e+05
3.4654428648e+02 5.9628952672e+05
3.4629239607e+02 5.9712685481e+05
3.4655908199e+02 5.9768300881e+05
3.4655740935e+02 5.9917763975e+05
3.4629988103e+02 5.9982016447e+05
3.4629958376e+02 6.0045852638e+05
3.4649827620e+02 6.0122785640e+05
3.4657327135e+02 6.0256256691e+05
3.4630596717e+02 6.0352278136e+05
3.4635554207e+02 6.0445081991e+05
3.4668466203e+02 6.0525597034e+05
3.4651519274e+02 6.0535925135e+05
3.4631788949e+02 6.0743526324e+05
3.4646384768e+02 6.0875510483e+05
3.4653026358e+02 6.0903795494e+05
3.4633132519e+02 6.1102676057e+05
3.4658354790e+02 6.1160332339e+05
3.4648302231e+02 6.1311626117e+05
3.4673930400e+02 6.1362010450e+05
3.4659176532e+02 6.1419613084e+05
3.4635193248e+02 6.1543232555e+05
3.4627966304e+02 6.1638450140e+05
3.4626190953e+02 6.1729575878e+05
3.4650307356e+02 6.1795716174e+05
3.4626325486e+02 6.1913187528e+05
3.4631597319e+02 6.2009056577e+05
3.4627895521e+02 6.2095429747e+05
3.4662133648e+02 6.2154430074e+05
3.4632406957e+02 6.2221171923e+05
3.4658975941e+02 6.2332364114e+05
3.4632801715e+02 6.2414302590e+05
3.4632392509e+02 6.2493502854e+05
3.4664375294e+02 6.2597642555e+05
3.4633457864e+02 6.2699686822e+05
3.4653897719e+02 6.2709979010e+05
3.4639649726e+02 6.2830959747e+05
3.4633782385e+02 6.2948656960e+05
3.4661757383e+02 6.2994543274e+05
3.4655527110e+02 6.3134681494e+05
3.4667803384e+02 6.3167186851e+05
3.4634580570e+02 6.3301678118e+05
3.4645496293e+02 6.3368761759e+05
3.4669901876e+02 6.3464346162e+05
3.4649705185e+02 6.3541689733e+05
3.4635131083e+02 6.3607128061e+05
3.4671655955e+02 6.3676949624e+05
3.4647760941e+02 6.3826302568e+05
3.4663493902e+02 6.3918905639e+05
3.4658895960e+02 6.4003138090e+05
3.4625487608e+02 6.4091766471e+05
3.4624842334e+02 6.4123738450e+05
3.4628456350e+02 6.4252370246e+05
3.4625794009e+02 6.4298166261e+05
3.4629231325e+02 6.4426295429e+05
3.4628967784e+02 6.4473405323e+05
3.4629664271e+02 6.4589835453e+05
3.4668748061e+02 6.4682143147e+05
3.4669891976e+02 6.4753171429e+05
3.4630405361e+02 6.4847586580e+05
3.4635452751e+02 6.4901903404e+05
3.4669894244e+02 6.4989034376e+05
3.4630841087e+02 6.5068693236e+05
3.4640357922e+02 6.5273605581e+05
3.4653804559e+02 6.5333835411e+05
3.4631752648e+02 6.5399275729e+05
3.4602147921e+02 6.5622251328e+05
3.4632335436e+02 6.5675775466e+05
3.4596460299e+02 6.5745886739e+05
3.4600658460e+02 6.5847293618e+05
3.4591122138e+02 6.5953155453e+05
3.4612708477e+02 6.6015313303e+05
3.4586144304e+02 6.6237056998e+05
3.4581615066e+02 6.6593959708e+05
3.4658869548e+02 6.6754642114e+05
3.4647745329e+02 6.6808520161e+05
3.4635385336e+02 6.6871414045e+05
3.4578085092e+02 6.7021630371e+05
3.4640173928e+02 6.7104596064e+05
3.4629491206e+02 6.7135040731e+05
3.4635157165e+02 6.7276504557e+05
3.4626423150e+02 6.7341521111e+05
3.4625562299e+02 6.7447520215e+05
3.4574462448e+02 6.7517623788e+05
3.4627154699e+02 6.7723628383e+05
3.4637808492e+02 6.7785127650e+05
3.4644146439e+02 6.7847386866e+05
3.4629139721e+02 6.7920485529e+05
3.4569610665e+02 6.8079032451e+05
3.4573536115e+02 6.8160677928e+05
3.4639161717e+02 6.8228964120e+05
3.4631765428e+02 6.8258337094e+05
3.4655269865e+02 6.8374094337e+05
3.4633624030e+02 6.8501902449e+05
3.4665584350e+02 6.8527136510e+05
3.4618741451e+02 6.8605263724e+05
3.4569479025e+02 6.8696110016e+05
3.4612411699e+02 6.8814426865e+05
3.4610967826e+02 6.8939048496e+05
3.4572470568e+02 6.8976421879e+05
3.4601683420e+02 6.9106638485e+05
3.4596136674e+02 6.9171734872e+05
3.4616921841e+02 6.9222033503e+05
3.4555142139e+02 6.9335699026e+05
3.4588670777e+02 6.9426574401e+05
3.4620920165e+02 6.9531922177e+05
3.4586128956e+02 6.9636689219e+05
3.4531590553e+02 6.9802563384e+05
3.4645909398e+02 6.9894515051e+05
3.4642930495e+02 6.9916901346e+05
3.4571939785e+02 7.0013725302e+05
3.4575535532e+02 7.0106814418e+05
3.4597076227e+02 7.0182828817e+05
3.4592915135e+02 7.0265026643e+05
3.4592038237e+02 7.0362494085e+05
3.4574204693e+02 7.0427578155e+05
3.4570924763e+02 7.0525150341e+05
3.4582329228e+02 7.0604041803e+05
3.4576379281e+02 7.0712933544e+05
3.4610244095e+02 7.0858837318e+05
3.4569932978e+02 7.0923223271e+05
3.4563913108e+02 7.0985529165e+05
3.4569026705e+02 7.1035504587e+05
3.4598977966e+02 7.1186555163e+05
3.4566717411e+02 7.1277522183e+05
3.4558342071e+02 7.1391431930e+05
3.4547061569e+02 7.1474198662e+05
3.4583661848e+02 7.1565260402e+05
3.4560242858e+02 7.1708141967e+05
3.4579922970e+02 7.1745543720e+05
3.4556205621e+02 7.1850867819e+05
3.4520422373e+02 7.1969554199e+05
3.4538743116e+02 7.2143059453e+05
3.4555131572e+02 7.2200940881e+05
3.4551840200e+02 7.2333022022e+05
3.4566937707e+02 7.2338964896e+05
3.4494371736e+02 7.2438453392e+05
3.4598331997e+02 7.2588235894e+05
3.4559916665e+02 7.2604496742e+05
3.4551628305e+02 7.2758196550e+05
3.4524129900e+02 7.2851225257e+05
3.4512081140e+02 7.2889758747e+05
3.4551553061e+02 7.2999371035e+05
3.4568095690e+02 7.3102191325e+05
3.4532063383e+02 7.3206622784e+05
3.4563977161e+02 7.3334653110e+05
3.4532863394e+02 7.3395400412e+05
3.4502088050e+02 7.3585125086e+05
3.4504321934e+02 7.3781763626e+05
3.4492678903e+02 7.3933422464e+05
3.4487599748e+02 7.4126836838e+05
3.4498144953e+02 7.4318790052e+05
3.4491176415e+02 7.4415915923e+05
3.4490166586e+02 7.4415928509e+05
3.4497800396e+02 7.4530814247e+05
3.4514072453e+02 7.4602755718e+05
3.4495008231e+02 7.4742488252e+05
3.4524369258e+02 7.4789286855e+05
3.4511165289e+02 7.4933295085e+05
3.4498968949e+02 7.5005765742e+05
3.4497525317e+02 7.5097785612e+05
3.4507377681e+02 7.5143853494e+05
3.4527544993e+02 7.5281236231e+05
3.4499729132e+02 7.5346288454e+05
3.4517163288e+02 7.5389287206e+05
3.4510950091e+02 7.5487640664e+05
3.4502585534e+02 7.5618955177e+05
3.4503353152e+02 7.5685756682e+05
3.4501465737e+02 7.5768152955e+05
3.4510721646e+02 7.5832104108e+05
3.4503667153e+02 7.5939987090e+05
3.4515944098e+02 7.5983938490e+05
3.4533545572e+02 7.6065001280e+05
3.4528212409e+02 7.6218601207e+05
3.4506714688e+02 7.6273452113e+05
3.4512352270e+02 7.6408132211e+05
3.4513586604e+02 7.6434152591e+05
3.4496607242e+02 7.6571469788e+05
3.4509899806e+02 7.6630302538e+05
3.4513594035e+02 7.6755817068e+05
3.4501344996e+02 7.6771215474e+05
3.4507893438e+02 7.6890306728e+05
3.4514672334e+02 7.6942492723e+05
3.4533859680e+02 7.7038493920e+05
3.4495624139e+02 7.7130709668e+05
3.4513653377e+02 7.7211197819e+05
3.4493586038e+02 7.7338425987e+05
3.4514897617e+02 7.7423313452e+05
3.4509759427e+02 7.7461755179e+05
3.4515194860e+02 7.7573571976e+05
3.4514252959e+02 7.7629627490e+05
3.4505746328e+02 7.7763260719e+05
3.4493543409e+02 7.7816287933e+05
3.4503746731e+02 7.7944332566e+05
3.4531487286e+02 7.8046448041e+05
3.4492795266e+02 7.8112566790e+05
3.4515480537e+02 7.8171900074e+05
3.4519120328e+02 7.8307674183e+05
3.4503337953e+02 7.8375250772e+05
3.4512206155e+02 7.8424982903e+05
3.4515460995e+02 7.8510068276e+05
3.4493526655e+02 7.8593510740e+05
3.4518774121e+02 7.8682117734e+05
3.4512351403e+02 7.8772310110e+05
3.4493388966e+02 7.8907527887e+05
3.4525647802e+02 7.8998777189e+05
3.4517522005e+02 7.9085584280e+05
3.4502797198e+02 7.9102730597e+05
3.4511135080e+02 7.9197534057e+05
3.4523664019e+02 7.9336981077e+05
3.4494509328e+02 7.9403674385e+05
3.4508680669e+02 7.9513987661e+05
3.4519644723e+02 7.9582521316e+05
3.4506157030e+02 7.9644082473e+05
3.4494501053e+02 7.9716136957e+05
3.4503337776e+02 7.9871905109e+05
3.4505145287e+02 7.9982384946e+05
3.4503197086e+02 8.0167980999e+05
3.4495958262e+02 8.0241412813e+05
3.4521144100e+02 8.0330088016e+05
3.4511364992e+02 8.0409894277e+05
3.4495917394e+02 8.0528729035e+05
3.4503815766e+02 8.0608276540e+05
3.4504516289e+02 8.0669456951e+05
3.4507077098e+02 8.0799072785e+05
3.4503199042e+02 8.0871847111e+05
3.4504369167e+02 8.0937880470e+05
3.4505498444e+02 8.1014534941e+05
3.4497970825e+02 8.1100302052e+05
3.4525463968e+02 8.1264670344e+05
3.4497850292e+02 8.1312859401e+05
3.4505137438e+02 8.1366903326e+05
3.4506298367e+02 8.1481933180e+05
3.4503395106e+02 8.1551259199e+05
3.4505958536e+02 8.1668793370e+05
3.4518448099e+02 8.1748316964e+05
3.4545032990e+02 8.1868540183e+05
3.4501975803e+02 8.1924196907e+05
3.4500645476e+02 8.1968232256e+05
3.4495058213e+02 8.2084153191e+05
3.4503976821e+02 8.2218367206e+05
3.4503908724e+02 8.2241079604e+05
3.4491013815e+02 8.2373065628e+05
3.4485990206e+02 8.2469475609e+05
3.4504579622e+02 8.2654402188e+05
3.4505556152e+02 8.2683290662e+05
3.4497782106e+02 8.2826649662e+05
3.4483592802e+02 8.2839059593e+05
3.4506582369e+02 8.2954319674e+05
3.4482266514e+02 8.3092688228e+05
3.4506027384e+02 8.3212377900e+05
3.4504073020e+02 8.3342826448e+05
3.4504813912e+02 8.3396704410e+05
3.4482838327e+02 8.3546572036e+05
3.4505809853e+02 8.3740204941e+05
3.4505510311e+02 8.3792164709e+05
3.4481325732e+02 8.3926429627e+05
3.4506348735e+02 8.4043119265e+05
3.4504358462e+02 8.4087257775e+05
3.4504057856e+02 8.4161477411e+05
3.4505271043e+02 8.4236641268e+05
3.4504446321e+02 8.4308496181e+05
3.4473566200e+02 8.4469359562e+05
3.4529905433e+02 8.4553134637e+05
3.4504357101e+02 8.4633338428e+05
3.4504611861e+02 8.4709367075e+05
3.4504952329e+02 8.4778849624e+05
3.4508032882e+02 8.4860291011e+05
3.4453970615e+02 8.4956164624e+05
3.4505760508e+02 8.5032164889e+05
3.4507384013e+02 8.5138440402e+05
3.4517664062e+02 8.5205937675e+05
3.4505648739e+02 8.5285941863e+05
3.4512153403e+02 8.5422345596e+05
3.4423012426e+02 8.5595492398e+05
3.4506128468e+02 8.5710892141e+05
3.4538400594e+02 8.5824087940e+05
3.4506842559e+02 8.5875442771e+05
3.4385723955e+02 8.6177668396e+05
3.4519368821e+02 8.6369454474e+05
3.4497009260e+02 8.6412768799e+05
3.4508287196e+02 8.6526062515e+05
3.4509235819e+02 8.6640952599e+05
3.4511672422e+02 8.6693977029e+05
3.4489631083e+02 8.6818637143e+05
3.4510213516e+02 8.6829832529e+05
3.4353410697e+02 8.6924794227e+05
3.4508847197e+02 8.7125209537e+05
3.4510065602e+02 8.7180529004e+05
3.4486102718e+02 8.7264232750e+05
3.4333412296e+02 8.7596687075e+05
3.4535103543e+02 8.7919895766e+05
3.4512897606e+02 8.7956488184e+05
3.4483751196e+02 8.8054308152e+05
3.4481847626e+02 8.8227351060e+05
3.4510021931e+02 8.8368478044e+05
3.4472571827e+02 8.8414355977e+05
3.4329368217e+02 8.8471331290e+05
3.4455170756e+02 8.8791925478e+05
3.4463531599e+02 8.9024662354e+05
3.4440156915e+02 8.9081636411e+05
3.4332806319e+02 8.9228189680e+05
3.4421803434e+02 8.9556888442e+05
3.4407250164e+02 8.9775107481e+05
3.4425254323e+02 8.9868538548e+05
3.4392619121e+02 9.0132716191e+05
3.4338688228e+02 9.0260232595e+05
3.4391942244e+02 9.0346634777e+05
3.4380783038e+02 9.0484788678e+05
3.4369141977e+02 9.0712223482e+05
3.4338998475e+02 9.1092270215e+05
3.4365349394e+02 9.1208947858e+05
3.4354536870e+02 9.1369763322e+05
3.4332873063e+02 9.1793443666e+05
3.4348271875e+02 9.2010147581e+05
3.4339361040e+02 9.2326532723e+05
3.4324339981e+02 9.2459888233e+05
3.4344888244e+02 9.2737159275e+05
3.4363855688e+02 9.2855897744e+05
3.4371274374e+02 9.3034791483e+05
3.4324587563e+02 9.3203631995e+05
3.4375556405e+02 9.3286619850e+05
3.4378373780e+02 9.3383677157e+05
3.4332737878e+02 9.3433281397e+05
3.4360902343e+02 9.3543053991e+05
3.4361894676e+02 9.3617653712e+05
3.4366859514e+02 9.3769766896e+05
3.4323347207e+02 9.3915106826e+05
3.4366577436e+02 9.3945472722e+05
3.4369317966e+02 9.4055410291e+05
3.4351034794e+02 9.4194563494e+05
3.4316753239e+02 9.4234813151e+05
3.4364458815e+02 9.4349811418e+05
3.4374321373e+02 9.4451708939e+05
3.4347598844e+02 9.4507946393e+05
3.4384304431e+02 9.4626138382e+05
3.4369950890e+02 9.4674419087e+05
3.4318616333e+02 9.4720097570e+05
3.4335665148e+02 9.4809609979e+05
3.4298767724e+02 9.4977646874e+05
3.4325048222e+02 9.5104114197e+05
3.4401265567e+02 9.5215239049e+05
3.4368414842e+02 9.5255743315e+05
3.4376806567e+02 9.5340006810e+05
3.4307448452e+02 9.5462962940e+05
3.4300806553e+02 9.5590685796e+05
3.4303134050e+02 9.5698190632e+05
3.4284169835e+02 9.5860167781e+05
3.4297874533e+02 9.6054305115e+05
3.4313968957e+02 9.6141297228e+05
3.4287589538e+02 9.6326583721e+05
3.4305255193e+02 9.6546546251e+05
3.4272759801e+02 9.6635789846e+05
3.4346486034e+02 9.6756755131e+05
3.4323874298e+02 9.6799854511e+05
3.4280313931e+02 9.6946839332e+05
3.4291338867e+02 9.7047999131e+05
3.4280901217e+02 9.7070787036e+05
3.4285718413e+02 9.7197756340e+05
3.4302972925e+02 9.7234579588e+05
3.4276812652e+02 9.7347831606e+05
3.4288748096e+02 9.7549704430e+05
3.4271742942e+02 9.7608396351e+05
3.4286060955e+02 9.7740726798e+05
3.4318114982e+02 9.7784900109e+05
3.4271361627e+02 9.7969668331e+05
3.4293867941e+02 9.8066811888e+05
3.4296289301e+02 9.8123278436e+05
3.4287023386e+02 9.8238898959e+05
3.4292413487e+02 9.8287595653e+05
3.4216468820e+02 9.8422981532e+05
3.4306536223e+02 9.8525259864e+05
3.4306230365e+02 9.8573925813e+05
3.4262929296e+02 9.8660405229e+05
3.4318950536e+02 9.8754788841e+05
3.4305131440e+02 9.8847110543e+05
3.4300474923e+02 9.8910074287e+05
3.4315476617e+02 9.9043226829e+05
3.4318008481e+02 9.9069418741e+05
3.4326548649e+02 9.9142345323e+05
3.4332066968e+02 9.9271449529e+05
3.4294365727e+02 9.9327974314e+05
3.4290554781e+02 9.9443369982e+05
3.4266340389e+02 9.9528277313e+05
3.4327974136e+02 9.9650874614e+05
3.4349597152e+02 9.9702663268e+05
3.4330403684e+02 9.9757160944e+05
3.4322215371e+02 9.9910081452e+05
3.4318803428e+02 9.9977389697e+05
3.4320278722e+02 1.0005104943e+06
3.4326177024e+02 1.0011767849e+06
3.4240132302e+02 1.0019983039e+06
3.4326084324e+02 1.0042069335e+06
3.4358958213e+02 1.0051521883e+06
3.4350826600e+02 1.0054982545e+06
3.4338753406e+02 1.0065784908e+06
3.4306176329e+02 1.0070420191e+06
3.4352191109e+02 1.0082148671e+06
3.4325700860e+02 1.0089127518e+06
3.4352605344e+02 1.0096517532e+06
3.4345440654e+02 1.0109138676e+06
3.4330755704e+02 1.0121203468e+06
3.4322038761e+02 1.0136859147e+06
3.4317940646e+02 1.0146011755e+06
3.4308701924e+02 1.0162668873e+06
3.4334107464e+02 1.0169544585e+06
3.4311348258e+02 1.0184704256e+06
3.4322473460e+02 1.0196698694e+06
3.4336435266e+02 1.0215461769e+06
3.4350529958e+02 1.0222398813e+06
3.4384313426e+02 1.0228034421e+06
3.4361360728e+02 1.0237992200e+06
3.4382293823e+02 1.0251399076e+06
3.4376214846e+02 1.0253397736e+06
3.4387875406e+02 1.0263339669e+06
3.4432518753e+02 1.0276720086e+06
3.4483222045e+02 1.0286284283e+06
3.4512441258e+02 1.0287751495e+06
3.4465953409e+02 1.0300578683e+06
3.4439676389e+02 1.0306234647e+06
3.4430973524e+02 1.0315972608e+06
3.4469262103e+02 1.0337321128e+06
3.4428344362e+02 1.0342729021e+06
3.4419177029e+02 1.0349859724e+06
3.4404544581e+02 1.0359848219e+06
3.4374792444e+02 1.0368255566e+06
3.4384589120e+02 1.0374893199e+06
3.4377719957e+02 1.0385436502e+06
3.4339292701e+02 1.0395501063e+06
3.4315875944e+02 1.0406479085e+06
3.4350626098e+02 1.0411264461e+06
3.4337561470e+02 1.0418172301e+06
3.4302233438e+02 1.0430288959e+06
3.4312975588e+02 1.0439544914e+06
3.4305043237e+02 1.0444746092e+06
3.4406754616e+02 1.0510936763e+06
3.4653132588e+02 1.0551479624e+06
3.4659105357e+02 1.0558239774e+06
3.4663164114e+02 1.0566766243e+06
3.4658690969e+02 1.0576343599e+06
3.4675995692e+02 1.0587712331e+06
3.4620293296e+02 1.0607558387e+06
3.4686328255e+02 1.0614257025e+06
3.4667958965e+02 1.0624293330e+06
3.4665674582e+02 1.0628587607e+06
3.4669197984e+02 1.0636012453e+06
3.4617965950e+02 1.0651926469e+06
3.4675465829e+02 1.0672181762e+06
3.4678587519e+02 1.0678873612e+06
3.4665844361e+02 1.0686567085e+06
3.4427286465e+02 1.0712056512e+06
3.4413172798e+02 1.0712125175e+06
3.4617808398e+02 1.0729424921e+06
3.4612967745e+02 1.0729483946e+06
3.4604021387e+02 1.0764967960e+06
3.4426771003e+02 1.0841604892e+06
3.4433144848e+02 1.0845760766e+06
3.4587913594e+02 1.0894222360e+06
3.4554667090e+02 1.0894383098e+06
3.4533389353e+02 1.0907835184e+06
3.4441558785e+02 1.0918898497e+06
3.4466961213e+02 1.0944156166e+06
3.4458225689e+02 1.0956808789e+06
3.4748732530e+02 1.1109688236e+06
3.4754514588e+02 1.1126909427e+06
3.4711981244e+02 1.1133549032e+06
3.4741999066e+02 1.1153719478e+06
3.4747324521e+02 1.1167248238e+06
3.4709654955e+02 1.1184460003e+06
3.4740324074e+02 1.1200656094e+06
3.4713940074e+02 1.1209789409e+06
3.4721497328e+02 1.1216152616e+06
3.4711456414e+02 1.1225493699e+06
3.4713112098e+02 1.1244665573e+06
}