Pressao_entrada 1034170
Pressao_saida 101300.0
Velocidade_angular 1083.84946425
Temperatura 345.685654861


Ri 0.0875
Rg 0.0979
Rm 0.1035
Ro 0.1095
h 7e-06
hg 5e-06
beta1 2.29
beta2 1
N 10

n_r_1 25
n_r_2 25
n_r_3 25
n_t_1 20
n_t_2 20
n_t_3 20
n_t_4 20
n_t_5 20
n_z_h 10
n_z_hg 10

nCells 9.5000000000e+04
minVol 2.7458013305e-03
maxVol 5.4518696606e-02
totVol 1.1229770950e+03

min_U 0.0000000000e+00
max_U 2.0430843375e+02
min_Rho 8.9374382076e-01
max_Rho 9.6712625927e+00
min_P 1.0130000000e+05
max_P 1.0744752950e+06
min_T 3.3768992980e+02
max_T 3.4789816189e+02
Force 1.0454004722e+03
Shear 1.6224492301e+03
Inlet_Flow -4.1380411149e-05
Outlet_Flow 4.1373702361e-05
Sum_Flow -6.7087881710e-09
Perc_flow 5.6515018343e-02

T_crit 284.789023277
P_crit 13667293.4024
satSize 197
composition methane_0.696392/ethane_0.112586/n-propane_0.091609/isobutane_0.015910/n-butane_0.034455/isopentane_0.008918/n-pentane_0.011654/n-hexane_0.008411/n-heptane_0.005878/n-octane_0.002128/n-nonane_0.000203/n-decane_0.000101/nitrogen_0.009222/co2_0.002533


SaturationCurve
{
2.8090348048e+02 1.0130000000e+05
2.9577379061e+02 2.5203326003e+05
3.0419915249e+02 4.0276652005e+05
3.1022344592e+02 5.5349978008e+05
3.1495509383e+02 7.0423304010e+05
3.1886765847e+02 8.5496630013e+05
3.2220866670e+02 1.0056995602e+06
3.2512443644e+02 1.1564328202e+06
3.2770916644e+02 1.3071660802e+06
3.3002740202e+02 1.4578993402e+06
3.3212549589e+02 1.6086326003e+06
3.3403797008e+02 1.7593658603e+06
3.3579129199e+02 1.9100991203e+06
3.3740623898e+02 2.0608323803e+06
3.3889944511e+02 2.2115656404e+06
3.4028444980e+02 2.3622989004e+06
3.4157243071e+02 2.5130321604e+06
3.4277272920e+02 2.6637654204e+06
3.4389323559e+02 2.8144986805e+06
3.4494067705e+02 2.9652319405e+06
3.4592083650e+02 3.1159652005e+06
3.4683872155e+02 3.2666984605e+06
3.4769869666e+02 3.4174317206e+06
3.4850458778e+02 3.5681649806e+06
3.4925976608e+02 3.7188982406e+06
3.4996721574e+02 3.8696315007e+06
3.5062958910e+02 4.0203647607e+06
3.5124925216e+02 4.1710980207e+06
3.5182832219e+02 4.3218312807e+06
3.5236869915e+02 4.4725645408e+06
3.5287209207e+02 4.6232978008e+06
3.5334004130e+02 4.7740310608e+06
3.5377393741e+02 4.9247643208e+06
3.5417503733e+02 5.0754975809e+06
3.5454447809e+02 5.2262308409e+06
3.5488328876e+02 5.3769641009e+06
3.5519240059e+02 5.5276973609e+06
3.5547265592e+02 5.6784306210e+06
3.5572481580e+02 5.8291638810e+06
3.5594956667e+02 5.9798971410e+06
3.5614752608e+02 6.1306304010e+06
3.5631924777e+02 6.2813636611e+06
3.5646522594e+02 6.4320969211e+06
3.5658589911e+02 6.5828301811e+06
3.5668165325e+02 6.7335634412e+06
3.5675282466e+02 6.8842967012e+06
3.5679970228e+02 7.0350299612e+06
3.5682252966e+02 7.1857632212e+06
3.5682150661e+02 7.3364964813e+06
3.5679679047e+02 7.4872297413e+06
3.5674849712e+02 7.6379630013e+06
3.5667670163e+02 7.7886962613e+06
3.5658143865e+02 7.9394295214e+06
3.5646270256e+02 8.0901627814e+06
3.5632044719e+02 8.2408960414e+06
3.5615458541e+02 8.3916293014e+06
3.5596498828e+02 8.5423625615e+06
3.5575148394e+02 8.6930958215e+06
3.5551385612e+02 8.8438290815e+06
3.5525184228e+02 8.9945623415e+06
3.5496513132e+02 9.1452956016e+06
3.5465336082e+02 9.2960288616e+06
3.5431611379e+02 9.4467621216e+06
3.5395291471e+02 9.5974953816e+06
3.5356322502e+02 9.7482286417e+06
3.5314643770e+02 9.8989619017e+06
3.5270187094e+02 1.0049695162e+07
3.5222876070e+02 1.0200428422e+07
3.5172625199e+02 1.0351161682e+07
3.5119338849e+02 1.0501894942e+07
3.5062910033e+02 1.0652628202e+07
3.5003218947e+02 1.0803361462e+07
3.4940131233e+02 1.0954094722e+07
3.4873495873e+02 1.1104827982e+07
3.4803142645e+02 1.1255561242e+07
3.4728879019e+02 1.1406294502e+07
3.4650486320e+02 1.1557027762e+07
3.4567714960e+02 1.1707761022e+07
3.4480278437e+02 1.1858494282e+07
3.4387845685e+02 1.2009227542e+07
3.4290031189e+02 1.2159960802e+07
3.4186382004e+02 1.2310694062e+07
3.4076360404e+02 1.2461427322e+07
3.3959320192e+02 1.2612160582e+07
3.3834473589e+02 1.2762893842e+07
3.3700843631e+02 1.2913627102e+07
3.3557193439e+02 1.3064360362e+07
3.3401916893e+02 1.3215093622e+07
3.3232861230e+02 1.3365826882e+07
3.3047021154e+02 1.3516560142e+07
3.2839968129e+02 1.3667293402e+07
3.2604665362e+02 1.3818026662e+07
3.2328593954e+02 1.3968759922e+07
3.1984777413e+02 1.4119493182e+07
3.1483770060e+02 1.4270226442e+07
3.1483770060e+02 1.4270226441e+07
3.1278448923e+02 1.4309448852e+07
3.1073127786e+02 1.4335970475e+07
3.0867806649e+02 1.4350021486e+07
3.0662485512e+02 1.4351813536e+07
3.0457164375e+02 1.4341549309e+07
3.0251843238e+02 1.4319429986e+07
3.0046522101e+02 1.4285660751e+07
2.9841200964e+02 1.4240454520e+07
2.9635879827e+02 1.4184034312e+07
2.9430558690e+02 1.4116634921e+07
2.9225237553e+02 1.4038505598e+07
2.9019916416e+02 1.3949919268e+07
2.8814595279e+02 1.3851216474e+07
2.8403953005e+02 1.3620689626e+07
2.8198631868e+02 1.3493836152e+07
2.7993310731e+02 1.3356754550e+07
2.7787989594e+02 1.3210492808e+07
2.7582668457e+02 1.3055440699e+07
2.7377347320e+02 1.2891885133e+07
2.7172026183e+02 1.2720089904e+07
2.6966705046e+02 1.2540312421e+07
2.6761383909e+02 1.2352810169e+07
2.6556062773e+02 1.2157844741e+07
2.6350741636e+02 1.1955685302e+07
2.6145420499e+02 1.1746612047e+07
2.5940099362e+02 1.1530919663e+07
2.5734778225e+02 1.1308920979e+07
2.5529457088e+02 1.1080950581e+07
2.5324135951e+02 1.0847368383e+07
2.5118814814e+02 1.0608562930e+07
2.4913493677e+02 1.0364954216e+07
2.4708172540e+02 1.0116995660e+07
2.4502851403e+02 9.8651748334e+06
2.4297530266e+02 9.6100124633e+06
2.4092209129e+02 9.3520592694e+06
2.3886887992e+02 9.0918903480e+06
2.3681566855e+02 8.8300971802e+06
2.3476245718e+02 8.5672778225e+06
2.3270924581e+02 8.3040263246e+06
2.3065603444e+02 8.0409226727e+06
2.2860282307e+02 7.7785244180e+06
2.2654961170e+02 7.5173606675e+06
2.2449640033e+02 7.2579284957e+06
2.2244318896e+02 7.0006913476e+06
2.2038997759e+02 6.7460787894e+06
2.1833676622e+02 6.4944870034e+06
2.1628355485e+02 6.2462796050e+06
2.1423034348e+02 6.0017885610e+06
2.1217713211e+02 5.7613151417e+06
2.1012392074e+02 5.5251309216e+06
2.0807070937e+02 5.2934788644e+06
2.0601749800e+02 5.0665745243e+06
2.0396428663e+02 4.8446073659e+06
2.0191107526e+02 4.6277421859e+06
1.9985786389e+02 4.4161206028e+06
1.9780465252e+02 4.2098625752e+06
1.9575144115e+02 4.0090679086e+06
1.9369822978e+02 3.8138177174e+06
1.9164501841e+02 3.6241758175e+06
1.8959180704e+02 3.4401900321e+06
1.8753859567e+02 3.2618934013e+06
1.8548538431e+02 3.0893052920e+06
1.8343217294e+02 2.9224324103e+06
1.8137896157e+02 2.7612697192e+06
1.7932575020e+02 2.6058012687e+06
1.7727253883e+02 2.4560009469e+06
1.7521932746e+02 2.3118331575e+06
1.7316611609e+02 2.1732534336e+06
1.7111290472e+02 2.0402089953e+06
1.6905969335e+02 1.9126392565e+06
1.6700648198e+02 1.7904762899e+06
1.6495327061e+02 1.6736452534e+06
1.6290005924e+02 1.5620647866e+06
1.6084684787e+02 1.4556473782e+06
1.5879363650e+02 1.3542997127e+06
1.5674042513e+02 1.2579229967e+06
1.5468721376e+02 1.1664132709e+06
1.5263400239e+02 1.0796617107e+06
1.5058079102e+02 9.9755491707e+05
1.4852757965e+02 9.1997520247e+05
1.4647436828e+02 8.4680087305e+05
1.4442115691e+02 7.7790651003e+05
1.4236794554e+02 7.1316325243e+05
1.4031473417e+02 6.5243908346e+05
1.3826152280e+02 5.9559912244e+05
1.3620831143e+02 5.4250592440e+05
1.3415510006e+02 4.9301978898e+05
1.3210188869e+02 4.4699908019e+05
1.3004867732e+02 4.0430055853e+05
1.2799546595e+02 3.6477972645e+05
1.2594225458e+02 3.2829118837e+05
1.2388904321e+02 2.9468902589e+05
1.2183583184e+02 2.6382718893e+05
1.1978262047e+02 2.3555990316e+05
1.1772940910e+02 2.0974209383e+05
1.1567619773e+02 1.8622982590e+05
1.1362298636e+02 1.6488075965e+05
1.1156977499e+02 1.4555462067e+05
1.0951656362e+02 1.2811368216e+05
1.0746335226e+02 1.1242325663e+05
}

T_margin 20.3145173765
T_sat_margin 322.573619397
T_hull_margin 342.888136773
P_hull_margin 1024566.10792

caseHull
{
3.4470214374e+02 2.5777122205e+05
3.4468663146e+02 2.5835646081e+05
3.4466813347e+02 2.5913670484e+05
3.4464712535e+02 2.6006455165e+05
3.4478602223e+02 2.6093116761e+05
3.4462733990e+02 2.6120620471e+05
3.4461746041e+02 2.6246028683e+05
3.4477829632e+02 2.6300748889e+05
3.4462792739e+02 2.6392827149e+05
3.4466464653e+02 2.6546437563e+05
3.4475303839e+02 2.6673361517e+05
3.4471228041e+02 2.6690049540e+05
3.4474530316e+02 2.6808024375e+05
3.4478668299e+02 2.6925068566e+05
3.4473919162e+02 2.6951408461e+05
3.4480818574e+02 2.7045519113e+05
3.4473514679e+02 2.7095245925e+05
3.4473244634e+02 2.7246058503e+05
3.4480654952e+02 2.7296624955e+05
3.4473063332e+02 2.7395440648e+05
3.4478797573e+02 2.7425191285e+05
3.4472871231e+02 2.7549916779e+05
3.4472645948e+02 2.7701211231e+05
3.4471162203e+02 2.7805784950e+05
3.4472340496e+02 2.7855770690e+05
3.4468947858e+02 2.7933536575e+05
3.4467080447e+02 2.8059060987e+05
3.4465552748e+02 2.8185544330e+05
3.4464312045e+02 2.8310067229e+05
3.4482268186e+02 2.8369980857e+05
3.4463317634e+02 2.8434895065e+05
3.4462522849e+02 2.8557874800e+05
3.4470338707e+02 2.8585654289e+05
3.4461902812e+02 2.8680572312e+05
3.4461430737e+02 2.8801430285e+05
3.4469548559e+02 2.8851553407e+05
3.4461095024e+02 2.8921474230e+05
3.4460880751e+02 2.9039559579e+05
3.4468795371e+02 2.9097622684e+05
3.4460781790e+02 2.9156297865e+05
3.4460787222e+02 2.9270807931e+05
3.4468092342e+02 2.9324000695e+05
3.4460889796e+02 2.9383382867e+05
3.4461076953e+02 2.9493290427e+05
3.4461337566e+02 2.9600578275e+05
3.4461657095e+02 2.9704580877e+05
3.4466959302e+02 2.9727231740e+05
3.4462022910e+02 2.9805164073e+05
3.4462421652e+02 2.9901672797e+05
3.4462841971e+02 2.9993854397e+05
3.4463272469e+02 3.0081028823e+05
3.4463701807e+02 3.0162896227e+05
3.4464117758e+02 3.0238741900e+05
3.4464506743e+02 3.0308292881e+05
3.4464855467e+02 3.0370817923e+05
3.4465386002e+02 3.0473585906e+05
3.4465664905e+02 3.0544261493e+05
3.4486333741e+02 3.0681310056e+05
3.4487216213e+02 3.0760058199e+05
3.4484327991e+02 3.0827000115e+05
3.4487216276e+02 3.0930391049e+05
3.4482660108e+02 3.0970155857e+05
3.4504206555e+02 3.1028759612e+05
3.4481305186e+02 3.1114427209e+05
3.4480206133e+02 3.1256418028e+05
3.4487017886e+02 3.1267953363e+05
3.4479330914e+02 3.1398728903e+05
3.4486861100e+02 3.1433453627e+05
3.4478638187e+02 3.1538898048e+05
3.4486695743e+02 3.1590101456e+05
3.4478109781e+02 3.1678734920e+05
3.4477720023e+02 3.1816463172e+05
3.4486324956e+02 3.1892127879e+05
3.4477459123e+02 3.1953265000e+05
3.4486117416e+02 3.2036461639e+05
3.4477310297e+02 3.2087839479e+05
3.4477266591e+02 3.2220890989e+05
3.4485678706e+02 3.2304130467e+05
3.4477314709e+02 3.2351420633e+05
3.4477447152e+02 3.2479767222e+05
3.4485215137e+02 3.2550167910e+05
3.4477651835e+02 3.2605102144e+05
3.4477921128e+02 3.2727483978e+05
3.4484767677e+02 3.2778109199e+05
3.4478245339e+02 3.2846160132e+05
3.4478618410e+02 3.2960983288e+05
3.4484366207e+02 3.2992150992e+05
3.4479032907e+02 3.3071211845e+05
3.4479482150e+02 3.3176565419e+05
3.4479956324e+02 3.3276268816e+05
3.4480442739e+02 3.3369986521e+05
3.4480924894e+02 3.3456896382e+05
3.4481383363e+02 3.3536692503e+05
3.4481798741e+02 3.3608523614e+05
3.4482153295e+02 3.3672193234e+05
3.4482435516e+02 3.3726900578e+05
3.4482773963e+02 3.3808724901e+05
3.4515317242e+02 3.3915476762e+05
3.4495843509e+02 3.4002749793e+05
3.4514801594e+02 3.4098025984e+05
3.4495866838e+02 3.4144345427e+05
3.4495970555e+02 3.4283294689e+05
3.4514532181e+02 3.4293722982e+05
3.4496149251e+02 3.4419975422e+05
3.4505943053e+02 3.4525283322e+05
3.4496393814e+02 3.4553509225e+05
3.4496702921e+02 3.4683972428e+05
3.4505626191e+02 3.4765774448e+05
3.4497073497e+02 3.4810570281e+05
3.4497506634e+02 3.4933158079e+05
3.4505274157e+02 3.4991904407e+05
3.4497999540e+02 3.5050951550e+05
3.4498547447e+02 3.5163660922e+05
3.4504917765e+02 3.5207412673e+05
3.4499138396e+02 3.5270458090e+05
3.4499754563e+02 3.5370997338e+05
3.4500371760e+02 3.5464385006e+05
3.4500962771e+02 3.5550308761e+05
3.4501501037e+02 3.5627819640e+05
3.4501964594e+02 3.5696725938e+05
3.4502340222e+02 3.5756116535e+05
3.4502825427e+02 3.5845642427e+05
3.4520390092e+02 3.5918990550e+05
3.4511307586e+02 3.6019631354e+05
3.4520890968e+02 3.6112301841e+05
3.4510560182e+02 3.6187785947e+05
3.4521267630e+02 3.6306836686e+05
3.4509969220e+02 3.6353318608e+05
3.4521533514e+02 3.6489870725e+05
3.4509527485e+02 3.6518486676e+05
3.4509207784e+02 3.6681144983e+05
3.4527744478e+02 3.6780306557e+05
3.4509002731e+02 3.6842759482e+05
3.4508891367e+02 3.7001779037e+05
3.4525414966e+02 3.7144751104e+05
3.4508867651e+02 3.7159080094e+05
3.4533823933e+02 3.7275161719e+05
3.4508918213e+02 3.7313485074e+05
3.4509042494e+02 3.7465426391e+05
3.4535480782e+02 3.7496981604e+05
3.4509237465e+02 3.7613936720e+05
3.4533164222e+02 3.7655660393e+05
3.4509509940e+02 3.7759111672e+05
3.4521205842e+02 3.7874010878e+05
3.4509864124e+02 3.7900076258e+05
3.4510306969e+02 3.8036681479e+05
3.4520727630e+02 3.8123190943e+05
3.4510837708e+02 3.8168059826e+05
3.4520467545e+02 3.8239031793e+05
3.4511449965e+02 3.8293905116e+05
3.4512125971e+02 3.8413288504e+05
3.4512839851e+02 3.8525832918e+05
3.4519632087e+02 3.8587856075e+05
3.4513558513e+02 3.8630524601e+05
3.4514247004e+02 3.8727021363e+05
3.4514873840e+02 3.8814236297e+05
3.4515415116e+02 3.8891972460e+05
3.4515858715e+02 3.8959137920e+05
3.4516464686e+02 3.9060940917e+05
3.4516814926e+02 3.9117290911e+05
3.4534999402e+02 3.9225145958e+05
3.4520620866e+02 3.9336107109e+05
3.4537568247e+02 3.9404186504e+05
3.4520617835e+02 3.9500801866e+05
3.4537504741e+02 3.9567826722e+05
3.4520700333e+02 3.9663000476e+05
3.4537366165e+02 3.9717915500e+05
3.4520872677e+02 3.9821673659e+05
3.4537192152e+02 3.9868651413e+05
3.4521149649e+02 3.9976951471e+05
3.4536956000e+02 4.0006366667e+05
3.4521540420e+02 4.0127910366e+05
3.4546413158e+02 4.0195893054e+05
3.4522053996e+02 4.0274412037e+05
3.4536067030e+02 4.0409829745e+05
3.4522686952e+02 4.0415538544e+05
3.4523426554e+02 4.0550967259e+05
3.4535412246e+02 4.0651186294e+05
3.4524246061e+02 4.0679694439e+05
3.4525109963e+02 4.0801338384e+05
3.4534217345e+02 4.0849752963e+05
3.4525976266e+02 4.0914771894e+05
3.4526803931e+02 4.1019661987e+05
3.4527557823e+02 4.1114751672e+05
3.4528214880e+02 4.1199860948e+05
3.4528766365e+02 4.1273701166e+05
3.4529217087e+02 4.1336368821e+05
3.4529889486e+02 4.1425188702e+05
3.4548206238e+02 4.1507792851e+05
3.4530972003e+02 4.1625451893e+05
3.4550806086e+02 4.1721556711e+05
3.4549043711e+02 4.1749894995e+05
3.4530484820e+02 4.1814801650e+05
3.4543338899e+02 4.1950280278e+05
3.4530108958e+02 4.2003079402e+05
3.4549799332e+02 4.2117248478e+05
3.4529826736e+02 4.2188429125e+05
3.4552047828e+02 4.2256074799e+05
3.4529643129e+02 4.2371967465e+05
3.4551037358e+02 4.2497160943e+05
3.4529555710e+02 4.2552313032e+05
3.4550889667e+02 4.2674413307e+05
3.4529580142e+02 4.2730040178e+05
3.4550658800e+02 4.2836354352e+05
3.4529727312e+02 4.2904034697e+05
3.4543033941e+02 4.2964948757e+05
3.4530016704e+02 4.3074462512e+05
3.4541761762e+02 4.3176484601e+05
3.4530457693e+02 4.3240317972e+05
3.4549721425e+02 4.3300806598e+05
3.4531055877e+02 4.3401472353e+05
3.4556026702e+02 4.3440484825e+05
3.4531800283e+02 4.3556912569e+05
3.4556388727e+02 4.3669582458e+05
3.4532669137e+02 4.3706329067e+05
3.4538790245e+02 4.3797645715e+05
3.4533623357e+02 4.3848593360e+05
3.4534620590e+02 4.3983295203e+05
3.4565887394e+02 4.4093169560e+05
3.4535614379e+02 4.4109155121e+05
3.4536560883e+02 4.4225820737e+05
3.4537425913e+02 4.4331827386e+05
3.4536993764e+02 4.4405145902e+05
3.4538188353e+02 4.4427044757e+05
3.4538842159e+02 4.4509916342e+05
3.4536619904e+02 4.4602948133e+05
3.4540305974e+02 4.4681649774e+05
3.4536370545e+02 4.4799022325e+05
3.4563123336e+02 4.4845543796e+05
3.4536251183e+02 4.4991874261e+05
3.4556646628e+02 4.4999459632e+05
3.4561487441e+02 4.5122152391e+05
3.4536284717e+02 4.5182195446e+05
3.4562155799e+02 4.5312956219e+05
3.4536484231e+02 4.5368786821e+05
3.4553051358e+02 4.5459956733e+05
3.4536868629e+02 4.5551877832e+05
3.4580568137e+02 4.5572894492e+05
3.4551463881e+02 4.5691979144e+05
3.4537441395e+02 4.5730409226e+05
3.4561175510e+02 4.5874015386e+05
3.4538199478e+02 4.5904277063e+05
3.4560679884e+02 4.6017960079e+05
3.4539120709e+02 4.6072423744e+05
3.4548654451e+02 4.6148102539e+05
3.4540171452e+02 4.6234500521e+05
3.4547433651e+02 4.6372988522e+05
3.4541304832e+02 4.6389258566e+05
3.4542474607e+02 4.6536314004e+05
3.4546348186e+02 4.6598876939e+05
3.4543631492e+02 4.6674209118e+05
3.4557810876e+02 4.6734806542e+05
3.4544732761e+02 4.6802620988e+05
3.4545747034e+02 4.6919811423e+05
3.4546657019e+02 4.7025729906e+05
3.4544552538e+02 4.7042898434e+05
3.4547460622e+02 4.7118423793e+05
3.4543846165e+02 4.7261483656e+05
3.4549403600e+02 4.7314425730e+05
3.4550716518e+02 4.7377530860e+05
3.4543281420e+02 4.7479121307e+05
3.4574012477e+02 4.7602296058e+05
3.4567172077e+02 4.7645601510e+05
3.4542855460e+02 4.7693549577e+05
3.4568028381e+02 4.7818931570e+05
3.4542586334e+02 4.7906255020e+05
3.4558115484e+02 4.7967659125e+05
3.4568799175e+02 4.8026914888e+05
3.4542489605e+02 4.8115602977e+05
3.4556608937e+02 4.8215434160e+05
3.4542591479e+02 4.8322397697e+05
3.4581838075e+02 4.8388298275e+05
3.4555164179e+02 4.8456927103e+05
3.4542901956e+02 4.8525361858e+05
3.4572629878e+02 4.8615681326e+05
3.4543432812e+02 4.8724789249e+05
3.4572262634e+02 4.8798594821e+05
3.4576372129e+02 4.8905991319e+05
3.4544176087e+02 4.8919514808e+05
3.4545116696e+02 4.9109465933e+05
3.4551500576e+02 4.9182142771e+05
3.4546219272e+02 4.9293455511e+05
3.4572740424e+02 4.9399414555e+05
3.4547440936e+02 4.9471152377e+05
3.4573253643e+02 4.9557209561e+05
3.4548736388e+02 4.9641209509e+05
3.4549653780e+02 4.9655783779e+05
3.4550055597e+02 4.9803217696e+05
3.4548937662e+02 4.9889132059e+05
3.4551351063e+02 4.9955514401e+05
3.4567920445e+02 5.0057646076e+05
3.4548377819e+02 5.0121786740e+05
3.4567126900e+02 5.0187013715e+05
3.4553730384e+02 5.0228037964e+05
3.4547990056e+02 5.0351201778e+05
3.4555720404e+02 5.0450156618e+05
3.4556577289e+02 5.0540206180e+05
3.4547809342e+02 5.0579167467e+05
3.4558106600e+02 5.0672517415e+05
3.4559743753e+02 5.0746650307e+05
3.4547846395e+02 5.0803879004e+05
3.4580505749e+02 5.0933929898e+05
3.4548117948e+02 5.1026380266e+05
3.4576148549e+02 5.1075990441e+05
3.4548627336e+02 5.1245250106e+05
3.4576907949e+02 5.1344326963e+05
3.4584047040e+02 5.1421546005e+05
3.4549380720e+02 5.1460884541e+05
3.4577729960e+02 5.1606596879e+05
3.4550358086e+02 5.1672065732e+05
3.4560646932e+02 5.1768052865e+05
3.4580761161e+02 5.1857280941e+05
3.4551533408e+02 5.1878801505e+05
3.4575285099e+02 5.2002154961e+05
3.4552859673e+02 5.2079809624e+05
3.4579996276e+02 5.2195536206e+05
3.4554295272e+02 5.2274814500e+05
3.4579607282e+02 5.2369700551e+05
3.4555791143e+02 5.2462277687e+05
3.4557579649e+02 5.2540498145e+05
3.4557300153e+02 5.2641849816e+05
3.4574182194e+02 5.2723072441e+05
3.4556801205e+02 5.2795677048e+05
3.4573146487e+02 5.2845141593e+05
3.4560195912e+02 5.2971251937e+05
3.4556166337e+02 5.3046901768e+05
3.4561526815e+02 5.3118309722e+05
3.4577895485e+02 5.3188184009e+05
3.4555721650e+02 5.3297555840e+05
3.4563896655e+02 5.3372310936e+05
3.4564942853e+02 5.3477047472e+05
3.4555476533e+02 5.3544783835e+05
3.4566821157e+02 5.3634085593e+05
3.4567689493e+02 5.3684887169e+05
3.4555446660e+02 5.3790675576e+05
3.4580966396e+02 5.3876117926e+05
3.4569886625e+02 5.3976662666e+05
3.4555657538e+02 5.4033233393e+05
3.4579688899e+02 5.4143737793e+05
3.4591272166e+02 5.4172683828e+05
3.4556127173e+02 5.4273667160e+05
3.4579547424e+02 5.4390948500e+05
3.4583163504e+02 5.4422549750e+05
3.4556842065e+02 5.4510425361e+05
3.4579738435e+02 5.4689139575e+05
3.4557803866e+02 5.4744081004e+05
3.4567343240e+02 5.4812174073e+05
3.4579872604e+02 5.4962706796e+05
3.4558982672e+02 5.4973260189e+05
3.4566598593e+02 5.5089893092e+05
3.4560341957e+02 5.5198039905e+05
3.4580164023e+02 5.5275218170e+05
3.4565917938e+02 5.5362074729e+05
3.4561838250e+02 5.5417003903e+05
3.4586274433e+02 5.5528690121e+05
3.4580288233e+02 5.5565104222e+05
3.4563429911e+02 5.5629923842e+05
3.4581479303e+02 5.5783259252e+05
3.4565067879e+02 5.5835087037e+05
3.4564955156e+02 5.5904060185e+05
3.4588701082e+02 5.5953869169e+05
3.4566709059e+02 5.6032223282e+05
3.4564728420e+02 5.6172948769e+05
3.4568313922e+02 5.6219044360e+05
3.4583452044e+02 5.6347512562e+05
3.4569854004e+02 5.6395507001e+05
3.4564697538e+02 5.6438455507e+05
3.4571310203e+02 5.6558501022e+05
3.4586734472e+02 5.6620251837e+05
3.4564904931e+02 5.6703217749e+05
3.4573931158e+02 5.6842108800e+05
3.4581732477e+02 5.6854426110e+05
3.4565353538e+02 5.6964989834e+05
3.4576171034e+02 5.7058547483e+05
3.4577173558e+02 5.7138981646e+05
3.4566041556e+02 5.7225379244e+05
3.4579831017e+02 5.7405202670e+05
3.4566968344e+02 5.7482678509e+05
3.4568123145e+02 5.7737730052e+05
3.4592790535e+02 5.7747449134e+05
3.4601226279e+02 5.7855307628e+05
3.4569486527e+02 5.7989066094e+05
3.4579229908e+02 5.8005113298e+05
3.4599420869e+02 5.8148480615e+05
3.4595653434e+02 5.8210329751e+05
3.4571025257e+02 5.8236966538e+05
3.4586767005e+02 5.8319780387e+05
3.4572698633e+02 5.8479873618e+05
3.4583183880e+02 5.8500177590e+05
3.4578678954e+02 5.8595223385e+05
3.4574470161e+02 5.8717742306e+05
3.4599904637e+02 5.8736159103e+05
3.4578503997e+02 5.8888138775e+05
3.4576293955e+02 5.8948576574e+05
3.4581978466e+02 5.9021673400e+05
3.4584811135e+02 5.9106044353e+05
3.4578130091e+02 5.9172347525e+05
3.4599865334e+02 5.9265992395e+05
3.4583730213e+02 5.9324850464e+05
3.4579939913e+02 5.9386123957e+05
3.4578474144e+02 5.9464439721e+05
3.4581693004e+02 5.9590408876e+05
3.4591097490e+02 5.9692488733e+05
3.4578683082e+02 5.9748985628e+05
3.4599231746e+02 5.9823220452e+05
3.4591450855e+02 5.9876376515e+05
3.4579084546e+02 6.0033000508e+05
3.4586394731e+02 6.0118568958e+05
3.4587740144e+02 6.0262831823e+05
3.4579679036e+02 6.0313927307e+05
3.4588961060e+02 6.0384243760e+05
3.4590077930e+02 6.0486462689e+05
3.4580487697e+02 6.0593685680e+05
3.4592204099e+02 6.0633745785e+05
3.4592434079e+02 6.0704767655e+05
3.4581497819e+02 6.0870370028e+05
3.4593115520e+02 6.0990784276e+05
3.4594715408e+02 6.1090853200e+05
3.4582689611e+02 6.1145058093e+05
3.4606281910e+02 6.1203673165e+05
3.4593489158e+02 6.1311029699e+05
3.4584051881e+02 6.1416060416e+05
3.4592153555e+02 6.1455756444e+05
3.4583719772e+02 6.1553338480e+05
3.4593813006e+02 6.1623361998e+05
3.4585576036e+02 6.1683748400e+05
3.4598708926e+02 6.1812796812e+05
3.4585256242e+02 6.1876258940e+05
3.4587228217e+02 6.1946454444e+05
3.4587660761e+02 6.2056323551e+05
3.4600433275e+02 6.2118739440e+05
3.4588983235e+02 6.2204195634e+05
3.4594552646e+02 6.2246980726e+05
3.4597216123e+02 6.2368707013e+05
3.4590800442e+02 6.2454796173e+05
3.4591376689e+02 6.2534810695e+05
3.4595182773e+02 6.2594918084e+05
3.4592643723e+02 6.2698334721e+05
3.4593589821e+02 6.2783642292e+05
3.4595537401e+02 6.2864152828e+05
3.4594477927e+02 6.2931524528e+05
3.4612035705e+02 6.3046313520e+05
3.4596184329e+02 6.3171655818e+05
3.4605342213e+02 6.3247482654e+05
3.4597979516e+02 6.3364121449e+05
3.4611793361e+02 6.3431412799e+05
3.4596949086e+02 6.3476917742e+05
3.4599589159e+02 6.3560926293e+05
3.4618582863e+02 6.3652976762e+05
3.4597862244e+02 6.3782436226e+05
3.4606677471e+02 6.3803987969e+05
3.4586954086e+02 6.3884219672e+05
3.4585764980e+02 6.4004434239e+05
3.4586465369e+02 6.4044087529e+05
3.4601094520e+02 6.4143811075e+05
3.4605631833e+02 6.4238638154e+05
3.4604535217e+02 6.4328821443e+05
3.4589068428e+02 6.4439327747e+05
3.4606434710e+02 6.4510120052e+05
3.4592386779e+02 6.4658491068e+05
3.4605247665e+02 6.4707961016e+05
3.4622597779e+02 6.4800776936e+05
3.4623573659e+02 6.4891037210e+05
3.4603046724e+02 6.4992296248e+05
3.4623520419e+02 6.5033718556e+05
3.4609661215e+02 6.5133649035e+05
3.4596636158e+02 6.5256453087e+05
3.4604696906e+02 6.5290261590e+05
3.4625275081e+02 6.5483220375e+05
3.4599068778e+02 6.5552194572e+05
3.4613193854e+02 6.5623355055e+05
3.4625293243e+02 6.5701877556e+05
3.4632534336e+02 6.5778184101e+05
3.4608207621e+02 6.5846152539e+05
3.4614125797e+02 6.5953742747e+05
3.4602600634e+02 6.6075641876e+05
3.4610290817e+02 6.6163817084e+05
3.4613801100e+02 6.6219819346e+05
3.4615033145e+02 6.6280079955e+05
3.4605147842e+02 6.6444280395e+05
3.4620032723e+02 6.6539949163e+05
3.4615961692e+02 6.6607146813e+05
3.4614269855e+02 6.6714858758e+05
3.4628807128e+02 6.6809733131e+05
3.4628756371e+02 6.6898477778e+05
3.4608516832e+02 6.6966628007e+05
3.4593221499e+02 6.7092453519e+05
3.4589975997e+02 6.7180629647e+05
3.4617899875e+02 6.7256469829e+05
3.4611097489e+02 6.7370009857e+05
3.4619860352e+02 6.7449672989e+05
3.4591556633e+02 6.7483027858e+05
3.4591064238e+02 6.7583483512e+05
3.4593392072e+02 6.7651418315e+05
3.4628474437e+02 6.7731372113e+05
3.4614235920e+02 6.7867272163e+05
3.4599988692e+02 6.7905255830e+05
3.4598604401e+02 6.8018938873e+05
3.4601493658e+02 6.8106231230e+05
3.4624999287e+02 6.8137498791e+05
3.4604943442e+02 6.8233769047e+05
3.4577670601e+02 6.8346349280e+05
3.4577584989e+02 6.8402668324e+05
3.4574015701e+02 6.8495174176e+05
3.4572972211e+02 6.8594181981e+05
3.4587653937e+02 6.8623104535e+05
3.4570176132e+02 6.8728722613e+05
3.4592049808e+02 6.8815992806e+05
3.4568833044e+02 6.8878555713e+05
3.4566307255e+02 6.9036444803e+05
3.4600245864e+02 6.9138644745e+05
3.4564444094e+02 6.9243535949e+05
3.4606641151e+02 6.9321446925e+05
3.4561480156e+02 6.9411011996e+05
3.4626948367e+02 6.9484499830e+05
3.4624909600e+02 6.9589425780e+05
3.4612747982e+02 6.9643350503e+05
3.4559569298e+02 6.9682673224e+05
3.4558350847e+02 6.9847225590e+05
3.4627336945e+02 6.9986418781e+05
3.4600605875e+02 7.0031723416e+05
3.4560746849e+02 7.0195353733e+05
3.4564563956e+02 7.0341661987e+05
3.4626734263e+02 7.0508694823e+05
3.4633624816e+02 7.0650003634e+05
3.4605341092e+02 7.0669434936e+05
3.4569209518e+02 7.0788669113e+05
3.4568206251e+02 7.0890443860e+05
3.4594722349e+02 7.0935084379e+05
3.4638743272e+02 7.1007560530e+05
3.4596293060e+02 7.1100008216e+05
3.4589889273e+02 7.1205171114e+05
3.4586684457e+02 7.1243321227e+05
3.4607718054e+02 7.1328763826e+05
3.4565767400e+02 7.1479230239e+05
3.4552833244e+02 7.1486917876e+05
3.4579983417e+02 7.1598373126e+05
3.4582510430e+02 7.1719192563e+05
3.4599936372e+02 7.1795214567e+05
3.4576502748e+02 7.1829573773e+05
3.4573152058e+02 7.1896602118e+05
3.4573907025e+02 7.2001312969e+05
3.4538114141e+02 7.2119737470e+05
3.4616129367e+02 7.2214365350e+05
3.4567490037e+02 7.2217316858e+05
3.4546751527e+02 7.2297992305e+05
3.4567080812e+02 7.2452710051e+05
3.4560018817e+02 7.2587934630e+05
3.4563397066e+02 7.2657182587e+05
3.4526948876e+02 7.2748938810e+05
3.4590811466e+02 7.2861707176e+05
3.4602049863e+02 7.2916883528e+05
3.4553612491e+02 7.3016751505e+05
3.4595881349e+02 7.3102533523e+05
3.4558335691e+02 7.3135744135e+05
3.4516350379e+02 7.3215856257e+05
3.4538207399e+02 7.3300382038e+05
3.4588800910e+02 7.3364533824e+05
3.4547164513e+02 7.3496038614e+05
3.4591691531e+02 7.3580746893e+05
3.4547010381e+02 7.3647328189e+05
3.4588079665e+02 7.3710844227e+05
3.4544733387e+02 7.3773272039e+05
3.4606702603e+02 7.3851732310e+05
3.4582490179e+02 7.3954777496e+05
3.4541351506e+02 7.4018539507e+05
3.4540310562e+02 7.4115264802e+05
3.4529009439e+02 7.4177391682e+05
3.4540838456e+02 7.4355822531e+05
3.4565133959e+02 7.4453684718e+05
3.4538442299e+02 7.4578140959e+05
3.4534024155e+02 7.4590628245e+05
3.4505855821e+02 7.4703549160e+05
3.4521561580e+02 7.4794179521e+05
3.4552428430e+02 7.4896341568e+05
3.4537055746e+02 7.4985068658e+05
3.4572689539e+02 7.5049780546e+05
3.4547706489e+02 7.5100297304e+05
3.4484420933e+02 7.5192848286e+05
3.4537997194e+02 7.5351701959e+05
3.4556790912e+02 7.5484068660e+05
3.4499605546e+02 7.5558884742e+05
3.4501965414e+02 7.5625074670e+05
3.4516658760e+02 7.5655302598e+05
3.4512699692e+02 7.5765689520e+05
3.4580543699e+02 7.5884646378e+05
3.4542009103e+02 7.5937392204e+05
3.4531907640e+02 7.6041923516e+05
3.4495495602e+02 7.6073121821e+05
3.4507907857e+02 7.6178778893e+05
3.4495507936e+02 7.6232091930e+05
3.4494799319e+02 7.6345831703e+05
3.4491183900e+02 7.6451261775e+05
3.4484328103e+02 7.6612294419e+05
3.4505373385e+02 7.6683202846e+05
3.4495389932e+02 7.6780557857e+05
3.4472519616e+02 7.6861636582e+05
3.4492780783e+02 7.6950336762e+05
3.4494148351e+02 7.7053348081e+05
3.4490799114e+02 7.7191902562e+05
3.4503902127e+02 7.7259592093e+05
3.4492016733e+02 7.7342187567e+05
3.4494847462e+02 7.7392065327e+05
3.4496666297e+02 7.7466098590e+05
3.4499332706e+02 7.7606628456e+05
3.4496427017e+02 7.7610597117e+05
3.4500841786e+02 7.7714253077e+05
3.4495633912e+02 7.7933187364e+05
3.4530737258e+02 7.8005078910e+05
3.4480687789e+02 7.8077947476e+05
3.4506388770e+02 7.8107910097e+05
3.4495145305e+02 7.8239718766e+05
3.4502201170e+02 7.8269612555e+05
3.4515327131e+02 7.8424003233e+05
3.4501573695e+02 7.8439555257e+05
3.4501915190e+02 7.8517192664e+05
3.4522612154e+02 7.8635227576e+05
3.4495352186e+02 7.8744956494e+05
3.4492922103e+02 7.8825085044e+05
3.4477907503e+02 7.8842917361e+05
3.4480372682e+02 7.8994467319e+05
3.4494619062e+02 7.9065718853e+05
3.4543153514e+02 7.9213018182e+05
3.4503580463e+02 7.9327062019e+05
3.4478888419e+02 7.9368124197e+05
3.4488161333e+02 7.9410288745e+05
3.4478480012e+02 7.9563421979e+05
3.4495391277e+02 7.9573548158e+05
3.4515727460e+02 7.9698523768e+05
3.4536283477e+02 7.9779070148e+05
3.4488032079e+02 7.9866921712e+05
3.4479241124e+02 8.0004486059e+05
3.4504167713e+02 8.0092350809e+05
3.4505735576e+02 8.0160589312e+05
3.4478870477e+02 8.0275026944e+05
3.4497979258e+02 8.0313161339e+05
3.4487719363e+02 8.0452471322e+05
3.4511694079e+02 8.0475328419e+05
3.4497342122e+02 8.0615232923e+05
3.4479705992e+02 8.0710745154e+05
3.4496445495e+02 8.0764076402e+05
3.4528914584e+02 8.0815111208e+05
3.4479866199e+02 8.0996672173e+05
3.4488827642e+02 8.1121864728e+05
3.4498886708e+02 8.1129542655e+05
3.4492671752e+02 8.1235862253e+05
3.4499907032e+02 8.1361988483e+05
3.4481490208e+02 8.1443659950e+05
3.4525681448e+02 8.1468372632e+05
3.4488338520e+02 8.1557594834e+05
3.4499982252e+02 8.1655620106e+05
3.4482321985e+02 8.1726334741e+05
3.4491662046e+02 8.1822525960e+05
3.4489169083e+02 8.1896695683e+05
3.4501779243e+02 8.1995483289e+05
3.4492557062e+02 8.2091687550e+05
3.4489703571e+02 8.2125439472e+05
3.4484656355e+02 8.2202364578e+05
3.4491601238e+02 8.2303859723e+05
3.4504621538e+02 8.2419238191e+05
3.4485312776e+02 8.2459418692e+05
3.4494323005e+02 8.2548491902e+05
3.4492953512e+02 8.2605847085e+05
3.4492605765e+02 8.2736802949e+05
3.4493676261e+02 8.2789899016e+05
3.4514474399e+02 8.2883898466e+05
3.4487583779e+02 8.2990041842e+05
3.4494341916e+02 8.3122140958e+05
3.4486919485e+02 8.3176693987e+05
3.4493970031e+02 8.3299278536e+05
3.4494191373e+02 8.3363240500e+05
3.4490808620e+02 8.3463616208e+05
3.4496232065e+02 8.3571765029e+05
3.4539967161e+02 8.3625728011e+05
3.4488285611e+02 8.3772741757e+05
3.4488603351e+02 8.3826507981e+05
3.4490671701e+02 8.3977416460e+05
3.4480253752e+02 8.4033153443e+05
3.4489777957e+02 8.4096068668e+05
3.4500037267e+02 8.4195975531e+05
3.4463021488e+02 8.4285203269e+05
3.4489763074e+02 8.4356004202e+05
3.4487718609e+02 8.4426467006e+05
3.4480975442e+02 8.4513357640e+05
3.4442097139e+02 8.4578777078e+05
3.4416247872e+02 8.4755953183e+05
3.4475281155e+02 8.4956650561e+05
3.4464554526e+02 8.5009842984e+05
3.4389617614e+02 8.5113692387e+05
3.4365953805e+02 8.5410101057e+05
3.4456808907e+02 8.5529301547e+05
3.4467062110e+02 8.5543878451e+05
3.4348412225e+02 8.5835450439e+05
3.4459624257e+02 8.6092614300e+05
3.4431553776e+02 8.6153823742e+05
3.4337660390e+02 8.6226841673e+05
3.4394154230e+02 8.6316818002e+05
3.4432391629e+02 8.6360453625e+05
3.4415241427e+02 8.6511603314e+05
3.4430679102e+02 8.6556135696e+05
3.4332719083e+02 8.6724379352e+05
3.4371622524e+02 8.6959030307e+05
3.4434676248e+02 8.7026179255e+05
3.4417786350e+02 8.7128149052e+05
3.4330852219e+02 8.7196290803e+05
3.4377038327e+02 8.7264072921e+05
3.4441120793e+02 8.7373813127e+05
3.4404249409e+02 8.7420833701e+05
3.4356170898e+02 8.7526037818e+05
3.4382030485e+02 8.7694671836e+05
3.4330885914e+02 8.7772340824e+05
3.4358783138e+02 8.7873789370e+05
3.4368840415e+02 8.7996900315e+05
3.4380460431e+02 8.8122249513e+05
3.4349198323e+02 8.8174515859e+05
3.4331166631e+02 8.8317867023e+05
3.4336739412e+02 8.8319659287e+05
3.4395880977e+02 8.8423402529e+05
3.4457494170e+02 8.8519402606e+05
3.4437862886e+02 8.8620559283e+05
3.4370800351e+02 8.8716251662e+05
3.4348384373e+02 8.8794731142e+05
3.4397800280e+02 8.8857595779e+05
3.4363847835e+02 8.8939317081e+05
3.4332176270e+02 8.8981428700e+05
3.4355884800e+02 8.9060037530e+05
3.4373544889e+02 8.9227494150e+05
3.4371306330e+02 8.9323171352e+05
3.4351119081e+02 8.9462169522e+05
3.4351146261e+02 8.9482441316e+05
3.4333174708e+02 8.9596446848e+05
3.4355317865e+02 8.9671940201e+05
3.4353419645e+02 8.9729303177e+05
3.4350934984e+02 8.9798904129e+05
3.4359289196e+02 8.9942990078e+05
3.4367136638e+02 8.9994029031e+05
3.4359974578e+02 9.0093116487e+05
3.4353506969e+02 9.0179934155e+05
3.4352160583e+02 9.0247692858e+05
3.4336556283e+02 9.0298946192e+05
3.4338394776e+02 9.0363036594e+05
3.4354124479e+02 9.0465287501e+05
3.4369383326e+02 9.0556994746e+05
3.4361823324e+02 9.0656620225e+05
3.4328207345e+02 9.0820178802e+05
3.4348042592e+02 9.0915269794e+05
3.4355787780e+02 9.0978199255e+05
3.4341576000e+02 9.1043413757e+05
3.4359532446e+02 9.1155845913e+05
3.4356863394e+02 9.1215138814e+05
3.4363827822e+02 9.1333344273e+05
3.4323351456e+02 9.1356201957e+05
3.4346880972e+02 9.1450527095e+05
3.4357162072e+02 9.1529017208e+05
3.4357132918e+02 9.1668769111e+05
3.4357469674e+02 9.1743672255e+05
3.4358899510e+02 9.1885776779e+05
3.4321464417e+02 9.1921434502e+05
3.4361394890e+02 9.1998841748e+05
3.4360975308e+02 9.2142946545e+05
3.4358897724e+02 9.2193232211e+05
3.4358932302e+02 9.2286021095e+05
3.4359627908e+02 9.2363973178e+05
3.4361183717e+02 9.2486878729e+05
3.4320947252e+02 9.2493572920e+05
3.4349418324e+02 9.2574083901e+05
3.4352065240e+02 9.2672524505e+05
3.4365525353e+02 9.2759268083e+05
3.4361944646e+02 9.2955596520e+05
3.4360916440e+02 9.2995717427e+05
3.4322759244e+02 9.3102384952e+05
3.4351487201e+02 9.3158084139e+05
3.4366361494e+02 9.3264134514e+05
3.4366008903e+02 9.3364254132e+05
3.4361981320e+02 9.3456346921e+05
3.4368451271e+02 9.3482216857e+05
3.4325759131e+02 9.3709919485e+05
3.4354825675e+02 9.3726779273e+05
3.4352571125e+02 9.3798893873e+05
3.4362847372e+02 9.3935047957e+05
3.4362917095e+02 9.3963456427e+05
3.4364132196e+02 9.4104864369e+05
3.4371521084e+02 9.4178652233e+05
3.4367906837e+02 9.4248534883e+05
3.4330410476e+02 9.4361419590e+05
3.4347403164e+02 9.4426980062e+05
3.4351355289e+02 9.4490865312e+05
3.4372013387e+02 9.4608830333e+05
3.4369696802e+02 9.4691304830e+05
3.4369873272e+02 9.4758942789e+05
3.4368541288e+02 9.4801169140e+05
3.4375483525e+02 9.4871451700e+05
3.4332871156e+02 9.4999838050e+05
3.4365156669e+02 9.5091024835e+05
3.4335468460e+02 9.5125277683e+05
3.4357840880e+02 9.5210296102e+05
3.4407203144e+02 9.5345532238e+05
3.4366518432e+02 9.5413895486e+05
3.4373751778e+02 9.5472712932e+05
3.4348766304e+02 9.5568353131e+05
3.4368281586e+02 9.5667333832e+05
3.4332465167e+02 9.5693578355e+05
3.4320243068e+02 9.5791269313e+05
3.4373254473e+02 9.5901714187e+05
3.4360579738e+02 9.6020830416e+05
3.4333816998e+02 9.6116373777e+05
3.4370984585e+02 9.6185181024e+05
3.4322275302e+02 9.6290612220e+05
3.4325571416e+02 9.6352820926e+05
3.4338431386e+02 9.6476064285e+05
3.4306697917e+02 9.6550760242e+05
3.4329135845e+02 9.6606545720e+05
3.4318235752e+02 9.6682505858e+05
3.4308284857e+02 9.6849478407e+05
3.4319933143e+02 9.6929031327e+05
3.4313317039e+02 9.7091782320e+05
3.4295879679e+02 9.7244628149e+05
3.4324968876e+02 9.7375076318e+05
3.4301048802e+02 9.7416782318e+05
3.4316652557e+02 9.7487209984e+05
3.4305351860e+02 9.7572777064e+05
3.4303865701e+02 9.7742760161e+05
3.4298071520e+02 9.7826305923e+05
3.4312084519e+02 9.7915567599e+05
3.4301854698e+02 9.7991402707e+05
3.4293759953e+02 9.8071389314e+05
3.4315512892e+02 9.8174645530e+05
3.4311205557e+02 9.8216310335e+05
3.4311984092e+02 9.8345330618e+05
3.4297986697e+02 9.8399354574e+05
3.4295181029e+02 9.8486731026e+05
3.4305695331e+02 9.8577578476e+05
3.4326419132e+02 9.8637176499e+05
3.4295769198e+02 9.8776434167e+05
3.4322226447e+02 9.8805994122e+05
3.4246635153e+02 9.8891252413e+05
3.4302897708e+02 9.8999786374e+05
3.4286937789e+02 9.9099739109e+05
3.4316629583e+02 9.9159959422e+05
3.4329493801e+02 9.9245504103e+05
3.4335948872e+02 9.9307409489e+05
3.4348326451e+02 9.9363786195e+05
3.4328821776e+02 9.9492463366e+05
3.4312184859e+02 9.9583384447e+05
3.4308261619e+02 9.9661369952e+05
3.4287372444e+02 9.9786885329e+05
3.4353489178e+02 9.9905094180e+05
3.4346033257e+02 9.9991714377e+05
3.4330711858e+02 1.0001958950e+06
3.4339399713e+02 1.0014235398e+06
3.4335984326e+02 1.0018542666e+06
3.4320630413e+02 1.0026233176e+06
3.4260249909e+02 1.0039084031e+06
3.4319507003e+02 1.0054735460e+06
3.4337126885e+02 1.0061848183e+06
3.4316254494e+02 1.0078505293e+06
3.4345024858e+02 1.0087005389e+06
3.4333606712e+02 1.0095167368e+06
3.4335773012e+02 1.0101805879e+06
3.4352348174e+02 1.0112636818e+06
3.4347366852e+02 1.0118630818e+06
3.4348280516e+02 1.0124597556e+06
3.4373395559e+02 1.0135230344e+06
3.4358028847e+02 1.0142357928e+06
3.4317437823e+02 1.0153720294e+06
3.4383099118e+02 1.0158613883e+06
3.4388488879e+02 1.0165115109e+06
3.4374132813e+02 1.0176004093e+06
3.4368208473e+02 1.0185655153e+06
3.4297503551e+02 1.0190191764e+06
3.4288947189e+02 1.0214251460e+06
3.4288813677e+02 1.0245661079e+06
3.4295522825e+02 1.0264147031e+06
3.4342874155e+02 1.0270950685e+06
3.4349252572e+02 1.0285288394e+06
3.4305335435e+02 1.0290836845e+06
3.4317578968e+02 1.0303282220e+06
3.4359010770e+02 1.0309974880e+06
3.4368853439e+02 1.0317170642e+06
3.4328517185e+02 1.0325536575e+06
3.4340244005e+02 1.0331372045e+06
3.4378007382e+02 1.0337629380e+06
3.4348494110e+02 1.0349213276e+06
3.4377968066e+02 1.0353404650e+06
3.4365484724e+02 1.0361307316e+06
3.4566961703e+02 1.0391878832e+06
3.4678116281e+02 1.0413035536e+06
3.4694635491e+02 1.0429535293e+06
3.4702454304e+02 1.0441025993e+06
3.4681931647e+02 1.0444379193e+06
3.4410842283e+02 1.0463662586e+06
3.4426190785e+02 1.0467572607e+06
3.4486881181e+02 1.0559664531e+06
3.4463582939e+02 1.0588891953e+06
3.4409102252e+02 1.0610236572e+06
3.4445886135e+02 1.0634800248e+06
3.4432220937e+02 1.0654697736e+06
3.4411022059e+02 1.0686870247e+06
3.4410521971e+02 1.0693872720e+06
3.4418857308e+02 1.0699940141e+06
3.4413069429e+02 1.0721179180e+06
3.4413046629e+02 1.0735253366e+06
3.4415260159e+02 1.0744689195e+06
}